0.9929 8.40499
0.8433 8.65894
0.8506 8.40499
0.96 84.9428
0.97 8.85658
0.6655 84.9428
1.0116 8.85658
0.7479 84.9428
0.8842 8.85658
1.0765 0.036864
0.6705 8.85658
7.7105 0.03584
15.1421 0.033792
15.2856 0.032768
14.524 0.029696
14.9708 0.03072
15.2373 8.7552
15.1099 8.84224
15.583 8.92416
14.2436 8.50534
15.1898 9.43411
15.1799 7.9401
15.0244 8.82176
15.0086 8.65382
15.3392 8.58931
13.8576 8.56576
14.3915 8.7808
14.9699 8.56986
13.5998 8.76954
13.5301 8.73267
15.5153 8.49818
14.2189 8.3497
14.854 8.94566
15.0295 8.58931
14.3597 8.51763
15.1522 8.3671
14.3082 9.17606
15.1039 8.64768
13.7139 8.46541
13.8367 8.77363
15.1834 8.48998
13.2756 8.79514
15.3933 8.4224
15.2309 8.18586
14.5766 8.9856
13.6186 8.65587
15.3078 8.78285
14.3992 8.55142
14.1114 9.07366
15.3396 8.66099
15.078 8.69581
15.2523 8.59443
14.4625 8.92006
14.8283 8.51763
15.4665 8.57088
14.0197 8.39168
14.1568 8.84838
13.9095 8.91187
14.9943 8.59443
14.9238 8.57907
15.0715 8.56883
15.2217 8.46336
14.6382 8.92416
15.0816 9.02144
15.5778 8.67123
14.3274 8.37222
14.0201 9.15866
15.3179 8.6487
15.039 8.82995
13.7932 9.55597
14.6589 9.58976
14.9597 9.32045
15.2438 9.11667
15.2018 9.37062
14.9737 9.39827
15.1536 9.18528
14.5225 9.68294
14.476 9.28256
15.0289 9.67168
14.6085 9.95123
13.8125 9.93587
15.5239 10.0219
13.8051 9.79968
14.5264 10.0557
14.5543 9.83245
15.3202 9.8601
14.305 10.2758
13.7032 9.83757
14.1296 9.96557
14.2927 9.96966
15.2223 10.1427
15.1907 9.77818
14.8231 10.3066
14.4793 9.7577
13.6091 10.3199
14.4994 10.0004
14.4517 9.75053
14.3998 10.0413
14.2637 9.85498
14.1259 9.97581
14.8993 10.0915
14.9871 10.0649
15.4785 10.1775
14.5759 9.83654
15.2369 10.3475
14.5381 9.60307
14.2384 10.4018
14.1112 10.0997
15.0158 9.81914
15.2958 10.367
15.0195 9.89901
14.4209 9.9031
15.0406 10.154
14.7885 9.92768
15.3324 10.1151
15.1387 10.0854
15.1291 10.0895
14.9733 10.1274
15.2648 10.2871
14.6442 9.99424
14.2778 10.1581
15.1584 10.0577
15.0299 9.84781
15.2323 10.0649
15.1733 10.0291
15.3411 9.95533
14.5206 10.1509
15.1035 10.2328
13.8747 10.1028
14.2348 10.0424
14.135 10.1837
14.568 10.0332
14.9835 10.0997
15.026 10.0219
15.1177 10.0096
14.988 9.91539
14.6613 9.92154
14.3547 10.3178
15.168 10.0096
14.5191 10.0823
15.119 10.1059
14.3476 9.97786
14.3755 10.6066
14.2026 9.94714
14.3231 10.1827
14.228 10.0977
14.8511 9.87443
13.9766 9.81504
13.922 10.4612
14.4337 10.07
15.3542 9.47302
14.8562 10.0096
15.2122 10.0762
14.8486 9.94918
14.7606 10.0475
13.4525 10.0536
13.7471 10.3649
14.6113 9.93792
13.9103 10.2963
14.801 9.87546
14.2626 10.1028
14.4851 10.2871
15.286 9.64915
14.418 9.93075
14.9956 10.2308
15.3025 9.77408
14.6265 9.99936
14.4259 10.0055
14.4312 10.3188
15.4234 10.1304
14.5973 10.1048
15.4182 10.0547
14.396 10.2687
14.8372 10.368
15.3378 9.86317
14.4949 10.11
14.3122 10.1642
15.303 9.96864
15.1693 10.0936
14.4677 9.99014
13.267 10.2001
15.1539 9.86931
13.7062 10.2062
13.7714 9.87341
15.2659 9.90925
15.1022 9.78842
14.2149 10.2523
14.4794 10.0311
13.4506 9.83347
15.0931 9.90515
14.659 10.0639
15.2744 10.326
13.9183 9.74438
15.2014 10.3148
14.9016 9.83347
15.0324 10.1622
15.2375 9.89184
14.3881 10.0649
15.5262 10.07
13.4322 10.1489
15.0743 10.1704
15.3272 9.6727
14.6119 10.3444
14.3004 10.153
14.6673 10.0014
13.9968 10.4008
14.3133 9.71264
14.1229 10.2124
14.2203 10.1519
15.0287 9.7065
13.8958 9.97069
15.3284 10.2216
15.1555 10.0526
13.6672 10.0567
15.2239 10.156
14.9773 10.1612
14.6713 9.87955
15.0212 10.4151
15.24 9.62253
12.4355 10.1233
14.5338 10.24
13.7725 10.2502
14.3635 9.83245
15.152 9.82938
15.2482 9.9031
14.3588 10.1284
14.9402 10.1786
13.8706 10.283
14.1678 10.1386
15.1182 9.89389
14.981 9.77306
15.1765 10.0803
14.6158 9.81914
14.6343 10.1028
15.2292 10.0506
15.2082 9.89901
14.9829 9.90208
14.5547 10.0106
15.1856 10.0567
15.3032 10.1366
14.3412 9.85805
15.1481 10.2605
14.9381 9.96045
15.1509 10.0844
15.2942 10.1745
15.2098 10.1274
15.0701 10.0844
15.0513 9.89491
15.1154 10.155
15.4982 9.84064
14.1225 10.1683
15.5247 10.6158
14.7074 9.73414
15.1857 10.1919
14.9462 9.69626
15.1285 10.2093
15.3853 10.0588
15.0149 9.97069
15.4004 10.1734
14.9517 10.1151
15.1188 10.0598
15.3252 10.0864
15.0192 9.99219
14.0334 10.0352
15.0302 9.87546
14.7826 10.4571
13.9699 9.69523
15.2551 10.2441
13.5209 9.64301
15.1283 10.1714
15.3626 10.0915
15.0267 10.1407
15.2704 10.2472
15.1434 10.027
15.1699 10.0342
15.4624 10.2339
14.996 9.9584
15.2129 10.0004
15.0237 9.61741
15.0446 9.81606
14.718 10.3762
15.0936 10.2216
15.4307 9.60512
14.8641 10.0516
15.1798 10.2277
15.1425 9.93792
15.1983 9.99834
15.5032 10.068
13.3127 10.0782
15.2664 10.2676
13.6439 9.99219
15.0581 10.2369
15.0783 10.1059
15.0414 9.9031
15.3117 10.2113
14.4128 10.0434
15.1994 10.1601
15.4073 9.97581
14.0698 9.97171
13.8704 10.409
15.2806 10.0362
14.6064 10.0547
14.9486 10.0516
15.1831 9.93485
15.2364 9.99014
15.2268 10.3178
14.9428 10.0035
15.0757 10.3885
15.1039 9.84371
15.445 10.114
14.0415 10.0178
15.1005 10.3373
15.3085 9.73619
14.9692 9.90413
14.9835 9.70752
15.1793 9.87443
15.3142 10.0588
15.0721 9.93178
15.2473 9.95328
15.0309 9.95533
15.1443 10.1765
15.3356 9.93178
15.2734 10.2871
13.6482 10.242
15.4379 9.89184
13.8447 10.3741
13.6414 10.0772
15.0447 10.1755
15.3774 10.281
15.1697 10.0076
15.1035 10.1786
15.0638 10.1642
15.3293 9.88774
15.1422 9.84883
14.3328 10.0741
15.2757 10.3537
15.1885 9.9287
15.5055 10.498
14.6256 9.80378
14.9513 10.4714
14.901 10.156
15.0475 10.2799
15.1646 9.89798
15.0716 9.99629
15.3051 10.4397
15.013 9.85088
15.2117 10.5574
15.345 9.63072
14.5078 10.1038
15.164 10.2185
15.0823 9.92563
15.2868 10.1663
13.5826 10.1827
13.486 10.0864
15.2125 9.72186
15.3253 9.86317
15.0755 10.369
15.1633 10.0168
13.5881 9.95226
15.2601 10.0833
15.2885 10.0157
13.7231 10.3086
14.9122 10.0547
15.0338 10.4899
15.3232 9.63891
14.3579 9.97376
14.2692 10.2011
15.0753 9.92358
14.9739 9.81709
13.8811 9.83552
13.5321 10.0291
15.0592 10.3178
15.1343 9.76179
14.0394 10.1396
15.2836 10.2963
13.657 10.0485
14.3905 10.2154
14.2568 10.114
15.1609 10.155
15.0374 10.0065
15.337 10.0393
14.9727 10.1571
14.9566 10.2083
13.7721 9.9543
15.1983 9.98707
15.7585 10.1775
14.1854 10.3731
14.9669 10.4827
15.319 9.58976
15.0118 9.93894
15.3094 9.8857
15.0436 10.0618
15.2723 10.2758
15.1461 9.84269
15.123 10.412
14.983 9.85907
15.1483 10.1345
15.2962 10.0475
14.918 10.1038
14.5652 10.0024
14.5249 10.5523
15.0486 10.0045
15.3124 9.60307
15.2341 10.1478
15.2751 10.198
15.0234 9.96966
15.2093 10.0618
15.1891 9.93075
15.1065 10.1857
15.0513 10.0772
14.7458 10.1028
15.0121 10.2615
14.6851 10.1581
14.9311 10.0506
15.3658 10.0854
15.1642 9.85498
15.1332 10.3741
15.2956 9.89184
15.1717 10.0731
15.2406 9.97171
15.1914 9.83142
15.2621 10.1612
14.8191 9.61741
14.971 8.74189
13.5607 8.6528
14.7304 8.9129
14.3829 8.80845
15.0875 8.56781
15.1139 8.45107
15.405 8.92314
14.8434 8.47053
15.0961 8.64358
15.2083 8.76851
15.2869 8.20838
15.4255 8.79923
13.2325 9.04806
15.1881 8.57907
15.0374 8.23501
15.175 8.96307
15.0959 8.86682
13.7711 8.86067
15.2044 8.27699
15.2299 9.10541
14.8235 8.47462
15.2002 8.56166
15.0804 8.6825
15.4944 8.60058
14.2125 8.55962
14.9888 8.87603
15.0166 8.86989
15.2612 8.72755
15.2535 8.84531
15.199 8.51558
15.2034 8.76134
15.4871 8.35072
14.1222 8.86989
14.4741 9.17504
15.2057 8.68147
15.12 8.80333
14.97 8.6057
13.8712 8.88934
15.1366 8.71834
15.2769 8.28723
15.1406 8.63642
15.3608 8.71526
15.0456 8.39578
15.1991 8.95795
15.0169 8.46848
15.0343 9.05216
15.2928 8.59034
15.3576 8.45005
14.5675 8.8576
15.2229 8.67328
14.3043 8.68454
15.2362 8.6528
15.2359 8.77466
15.2648 8.2688
15.0831 8.80538
15.2631 8.76339
15.1856 8.24627
15.2273 9.05318
15.1758 8.76851
15.3131 8.42342
15.1164 8.94259
15.2095 8.95078
15.139 8.56269
15.1311 9.02144
15.1319 8.92211
15.138 8.74803
14.6979 8.38144
14.8601 8.49408
15.2878 9.00506
15.2881 8.36915
15.5349 8.76646
14.7905 8.87603
15.1028 8.75622
15.0948 8.31795
14.9544 8.88934
15.2501 8.86272
15.1489 8.75008
15.1821 8.58726
15.287 8.74803
15.2502 8.74598
14.544 8.3927
14.8982 9.11462
15.2521 8.31488
15.4009 8.81664
13.8434 8.56781
13.8578 8.74086
15.1182 9.03885
14.2627 8.45005
14.8721 8.62618
15.1964 8.57088
15.1648 8.40192
15.2292 8.66406
15.0558 8.73984
15.3561 8.38144
14.953 8.88422
15.085 8.90061
15.4525 8.4183
13.9718 8.95283
14.0516 8.91904
14.4535 8.50432
15.176 8.55962
15.2436 8.92314
15.0355 8.79411
15.262 8.57907
15.2436 8.55552
15.1354 8.78899
15.3053 8.69888
15.09 8.44595
15.5322 8.55859
13.8298 8.80333
13.9354 8.8832
14.1809 9.01837
14.4662 8.60262
15.5969 8.58522
14.1011 8.34458
14.197 9.15968
15.2583 8.64666
15.0877 8.46438
15.3092 9.00915
15.0175 8.51866
15.2716 8.97229
15.4252 8.82483
14.7996 8.39168
15.122 9.0624
13.8327 8.77773
15.1321 8.86272
14.5655 8.53504
14.51 8.93542
15.3544 8.71629
14.9641 8.44186
15.3244 8.99174
15.0824 8.35277
15.2277 9.03066
15.3802 8.80435
13.6844 8.88218
15.47 8.63027
13.5358 8.63437
15.2325 8.77363
15.2963 8.4695
15.0942 8.85453
15.1765 8.8105
15.1543 8.41421
15.3967 8.88218
15.0652 8.41216
15.139 8.69274
15.0022 8.51456
15.4043 8.84736
15.0238 8.2985
15.0513 8.76749
15.2135 8.55962
15.2745 8.9815
15.0411 8.46336
15.233 8.89446
15.2003 8.60467
15.2332 8.80845
15.2339 8.39782
15.2006 8.92109
15.0795 8.86989
15.1069 8.83917
15.2245 8.44902
14.8099 8.81971
14.9911 9.06445
15.2596 8.7552
15.1305 8.71629
15.1815 8.43059
15.0237 8.52378
15.3433 8.76339
15.1251 8.61389
15.3533 8.74291
15.1026 8.41626
15.3559 8.87091
14.7624 8.90982
14.2909 8.53504
15.0221 9.18323
15.2348 8.56986
15.1566 8.67123
15.2335 8.45414
15.1646 8.68352
15.3058 8.71834
15.1148 8.48896
15.2824 9.20678
13.8582 8.3159
15.3294 8.81254
13.4734 8.97126
15.201 8.8105
15.2023 8.78182
15.3653 8.58726
15.2499 8.69376
13.9269 8.76339
15.0488 8.54938
15.1994 8.35686
15.19 8.78694
15.2847 8.87706
14.9469 8.64461
14.3365 8.67635
13.8232 8.66714
14.8038 8.42035
15.3291 8.65178
15.1736 8.55757
14.2753 9.30918
15.3703 8.30669
13.6727 8.64973
15.3405 8.60467
14.9106 8.49408
14.4639 8.74086
15.122 8.88525
15.0669 8.6057
15.1353 8.64051
15.5501 9.01734
14.1938 8.69683
14.3916 8.80026
15.0244 8.57805
15.2094 8.5463
15.0037 8.60365
15.1737 8.79411
15.3914 8.75418
14.6457 8.43366
14.3839 8.98048
13.6689 9.02144
14.3893 8.22477
15.3399 8.61389
14.887 8.61696
15.3496 8.68762
15.0998 8.73882
15.1869 8.6825
15.2093 8.64768
15.2587 8.98253
15.1494 8.32307
15.2902 8.87603
14.9861 8.86374
15.1879 8.65792
14.718 8.37632
14.7437 8.65075
14.7036 8.81869
15.197 8.68454
15.105 8.51763
14.98 8.64358
15.0498 8.66304
15.1503 8.80333
15.2824 8.69376
15.1522 8.43674
15.3637 9.11258
15.0067 8.35789
15.3175 9.06547
15.0953 8.62822
14.6616 8.65894
14.5094 8.81357
13.6976 8.16845
14.8232 9.01734
15.0908 8.40602
15.0969 9.1648
15.2413 8.31693
15.2264 8.45926
15.3185 8.78797
15.0893 8.59238
15.3511 9.0071
14.5096 8.45926
14.6485 8.76851
14.6288 8.65382
14.6712 8.50432
15.0026 8.6743
15.0538 8.33638
15.1456 8.71936
15.4941 8.96717
15.1045 8.53709
14.9591 8.75008
14.7595 8.7767
15.3338 8.67533
15.038 8.50944
15.4581 8.59238
15.0735 8.46746
15.1845 8.9559
15.1097 8.53914
15.0854 8.59546
15.2858 8.31898
15.1822 8.48486
15.42 8.75418
14.5614 8.67328
15.0966 8.75008
15.263 8.32819
14.9962 8.70195
15.4644 8.60262
15.0769 8.62413
15.0929 9.25901
15.3243 8.38861
15.0623 8.71014
15.2539 8.44698
15.0656 8.48998
15.2809 8.58726
15.296 8.67942
15.0156 8.52275
15.244 8.6825
15.3408 8.61286
14.5388 9.05933
15.2815 8.61798
14.7426 8.7767
15.3446 8.76954
15.3151 8.13158
15.0415 8.79821
15.1365 8.55142
15.1544 8.38758
15.1168 8.86989
15.0532 8.35277
15.1763 8.74598
15.0504 8.41011
15.4604 8.61184
14.5811 8.56678
13.8006 8.71834
14.7647 8.84531
15.2317 8.28109
14.0393 8.5033
15.3791 8.88422
15.1556 8.4695
15.3104 8.68557
14.3155 8.66202
15.268 8.61286
15.212 8.34355
15.2883 8.70298
14.8685 8.82278
14.9327 8.704
14.3343 8.6743
15.1508 8.51251
15.0116 8.70298
15.4176 8.85965
15.1527 8.83917
14.877 8.62208
14.2966 8.832
15.3671 8.30464
15.0707 8.64358
15.4119 8.49203
14.0732 8.63949
14.5408 8.45414
14.6622 8.66304
13.8263 8.67021
14.9745 8.61389
15.2078 8.47258
15.5219 8.78182
14.0267 8.86682
15.105 8.87398
14.545 8.40294
15.1015 8.75213
15.3365 8.77363
15.171 8.8064
15.5105 8.38554
14.8726 8.9047
14.615 8.80742
15.2189 8.51149
15.3091 8.51558
14.5195 9.088
14.9781 8.60979
14.9894 8.79206
15.432 8.66099
14.9551 8.71936
15.2852 8.77568
13.9544 8.64256
15.269 8.50842
14.2884 8.56781
15.1413 8.99174
15.2438 8.51558
12.904 8.57498
15.0726 8.43981
15.3289 8.64563
15.264 8.4009
14.0923 9.08595
15.1041 8.51046
15.1889 8.60672
15.3311 8.42854
14.7811 8.49101
14.1874 9.11872
15.0768 8.50432
15.1494 8.66099
15.2571 8.41011
15.0993 8.94464
15.195 8.68147
15.1304 8.5801
15.3314 8.59136
15.1449 8.80742
15.2179 8.88525
15.3018 8.30464
15.1174 8.78592
15.2317 8.45926
15.2877 8.7552
15.1708 8.96102
15.0847 8.76749
15.2688 8.56166
15.1521 8.64256
15.0176 8.81869
15.3742 8.39578
15.1928 8.3753
15.2164 9.17914
15.079 8.38861
15.2198 9.0583
15.2481 8.41011
14.297 8.59238
13.6818 9.02042
15.2138 8.42957
15.2671 8.70093
13.7087 8.65382
15.1855 9.17504
15.2865 8.14694
15.2283 8.75315
15.2813 8.79616
15.2104 8.85043
15.3988 8.84429
14.8029 8.93338
14.2385 8.94566
15.1949 8.63437
15.0897 8.54835
15.231 8.5504
15.2137 8.89242
16.9684 8.63846
12.1563 8.91392
15.2178 10.197
15.3087 7.02566
14.7376 8.48384
15.0942 8.86784
14.8349 8.77056
14.3566 8.4009
15.1218 8.87706
14.3562 8.4777
15.2776 8.59443
15.2476 8.6999
15.3961 8.65485
14.4087 8.32717
13.917 8.82688
14.8965 8.57395
15.5013 8.54323
14.7531 8.63437
15.4143 9.28154
15.3839 8.30464
13.7698 9.16787
14.1917 8.67635
14.8692 8.26675
15.0646 8.37939
15.2843 9.00403
15.2511 8.80947
15.0971 8.64973
14.8947 8.78387
15.2865 8.24218
15.0471 8.75622
15.4237 9.26822
15.0585 8.19507
15.0105 8.6528
15.223 8.94669
13.875 8.6999
14.9629 8.54323
15.217 8.54835
15.3584 8.58931
15.2905 8.4265
14.6598 8.64666
13.8672 8.63232
14.9175 8.72653
15.72 8.49203
13.5479 8.21248
14.7878 8.99686
14.9315 8.4951
15.0811 8.79821
14.3999 8.78592
15.3371 8.8535
14.273 8.14387
14.9823 9.15763
15.3547 8.576
14.8867 8.5289
15.0154 8.7808
15.2452 8.72755
14.8723 8.67533
14.4657 8.81152
14.053 8.6016
15.0784 8.6487
14.8963 8.49818
14.9343 8.83507
13.8133 8.70298
14.7108 8.79206
14.9096 8.6487
15.0122 8.3497
14.9723 8.59853
15.271 8.8064
15.4883 8.3159
14.5347 9.08186
15.128 8.8617
15.2053 8.40294
14.0496 8.63949
15.0544 8.45414
15.3428 9.15149
13.5722 8.25139
15.2152 8.83917
15.5441 8.6569
14.8269 8.77056
14.9876 8.8832
15.3368 8.38042
14.8549 8.63846
14.2764 8.48998
15.2995 8.74394
15.1327 8.71731
15.1673 8.72858
13.7207 8.50842
15.219 8.81254
15.2626 8.52992
15.2643 8.38451
15.479 8.75418
14.0017 8.77875
14.1475 8.6016
14.8853 8.77158
13.4098 8.56781
15.1039 8.71219
14.1487 8.71936
15.1504 8.75213
15.0628 8.55654
15.4376 8.38656
15.116 8.92723
15.2319 8.54221
15.1309 8.71834
15.0401 8.45722
15.1541 8.70707
14.7987 8.67942
14.6997 9.11974
14.652 8.58931
14.2457 8.56678
14.6931 8.97331
14.6441 8.43878
14.6759 8.47053
15.0974 9.04192
15.0686 8.4521
15.2447 8.95795
15.3383 8.5504
15.1608 9.04602
15.2059 8.83302
15.1907 8.26982
15.3748 8.82278
14.9952 8.31283
15.1449 9.03168
15.2384 8.65587
15.2267 8.83814
15.2847 8.69786
15.12 8.7296
13.6464 8.60365
13.7859 8.6784
15.0774 8.65485
15.2367 8.42035
14.99 8.5801
14.9156 8.76851
14.74 8.80435
15.0559 8.93645
15.2501 8.46029
14.8178 8.64154
15.1418 8.5975
15.3743 8.44698
13.1268 8.94259
15.1259 8.57293
15.2283 8.76442
15.2506 8.51763
14.7929 8.74496
14.4086 8.84224
15.093 8.74189
15.1952 8.82176
15.3711 9.0071
14.9378 8.45619
15.2258 8.80538
15.3879 8.33331
14.8148 8.86886
15.2261 9.06957
15.1633 8.60365
15.3372 8.43571
15.0567 8.87398
14.128 8.75213
14.0098 8.84122
15.139 8.81254
15.2653 8.19507
15.2604 8.76954
15.1041 8.88422
15.357 8.96614
15.0857 9.01632
15.2903 8.51763
14.8849 8.87501
15.1865 8.6825
15.3791 8.48282
15.719 8.73882
14.4618 9.09824
12.7824 8.98867
15.3432 8.56269
13.4383 8.22272
15.2081 9.04294
15.597 8.40499
14.6851 8.97229
14.9204 8.6784
15.1863 8.77261
15.4283 8.57395
15.0277 8.92928
15.3379 8.98048
14.1734 8.50432
14.7706 9.06547
15.0517 8.41421
14.8993 8.73574
14.8991 8.63539
14.8841 8.67738
13.9324 8.62208
15.1403 8.5463
14.9592 8.89037
14.4969 8.56781
15.076 8.92723
1.2042 8.9047
