0.1115 0.0512
0.1115 0.0512
0.1168 0.0512
0.1218 0.0512
0.0716 0.0512
0.0635 0.0512
0.0611 0.0512
0.0558 0.0512
0.0506 0.0512
0.1119 0.0512
0.0687 0.050176
0.0794 0.0512
0.0681 0.0512
0.1233 0.050176
0.0736 0.0512
0.0695 0.0512
0.0667 0.0512
0.0761 0.055296
0.0717 0.050176
0.0687 0.0512
0.0728 0.050176
0.0678 0.050176
0.0742 0.053248
0.0899 0.050176
0.0893 0.0512
0.0676 0.0512
0.0693 0.0512
0.0782 0.050176
0.072 0.0512
0.0697 0.0512
0.0759 0.0512
0.0679 0.0512
0.0684 0.052224
0.129 0.0512
0.0672 0.0512
0.0687 0.053248
0.1148 0.050176
0.0703 0.0512
0.0843 0.050176
0.0727 0.0512
0.0806 0.0512
0.0667 0.054272
0.0717 0.0512
0.067 0.0512
0.0709 0.0512
0.0688 0.0512
0.0771 0.0512
0.0666 0.0512
0.1218 0.050176
0.0681 0.0512
0.0742 0.050176
0.0682 0.052224
0.0858 0.0512
0.0797 0.0512
0.112 0.0512
0.0732 0.050176
0.0771 0.050176
0.0755 0.0512
0.079 0.0512
0.0678 0.050176
0.0702 0.0512
0.1206 0.050176
0.0744 0.0512
0.0717 0.050176
0.0665 0.0512
0.0703 0.0512
0.0708 0.0512
0.0667 0.052224
0.0684 0.0512
0.0681 0.0512
0.0662 0.0512
0.076 0.0512
0.0681 0.050176
0.0701 0.0512
0.1116 0.0512
0.08 0.0512
0.0674 0.050176
0.0671 0.0512
0.0668 0.0512
0.0724 0.052224
0.074 0.0512
0.072 0.0512
0.0689 0.050176
0.0761 0.0512
0.0958 0.0512
0.0698 0.050176
0.0728 0.0512
0.0755 0.0512
0.0669 0.0512
0.0677 0.0512
0.0713 0.0512
0.0678 0.0512
0.0685 0.0512
0.0743 0.050176
0.0674 0.0512
0.0762 0.0512
0.0825 0.0512
0.0914 0.050176
0.105 0.052224
0.0686 0.053248
0.0671 0.0512
0.0779 0.0512
0.0943 0.0512
0.0672 0.0512
0.0883 0.0512
0.0671 0.0512
0.0747 0.050176
0.0667 0.0512
0.0667 0.0512
0.0682 0.052224
0.0679 0.052224
0.119 0.0512
0.0878 0.0512
0.113 0.052224
0.0685 0.0512
0.0716 0.0512
0.0695 0.0512
0.1142 0.0512
0.0691 0.0512
0.074 0.050176
0.0714 0.0512
0.0756 0.0512
0.074 0.050176
0.0712 0.052224
0.0676 0.0512
0.0691 0.050176
0.104 0.0512
0.0747 0.050176
0.0694 0.0512
0.0693 0.052224
0.071 0.0512
0.1189 0.052224
0.1227 0.0512
0.1161 0.0512
0.0992 0.0512
0.0747 0.050176
0.0669 0.0512
0.0733 0.050176
0.0697 0.0512
0.0678 0.052224
0.0871 0.050176
0.0693 0.0512
0.067 0.0512
0.0796 0.050176
0.0755 0.0512
0.1106 0.0512
0.0687 0.050176
0.0712 0.0512
0.068 0.0512
0.0714 0.0512
0.0689 0.0512
0.0673 0.0512
0.0791 0.052224
0.0767 0.0512
0.0669 0.050176
0.0709 0.0512
0.1134 0.0512
0.0684 0.0512
0.1118 0.050176
0.1294 0.0512
0.1232 0.0512
0.1157 0.0512
0.0719 0.0512
0.0712 0.0512
0.0733 0.050176
0.074 0.0512
0.0677 0.0512
0.0664 0.050176
0.067 0.0512
0.073 0.0512
0.0873 0.050176
0.1159 0.0512
0.0743 0.0512
0.0849 0.0512
0.0659 0.0512
0.0671 0.0512
0.0732 0.052224
0.07 0.0512
0.0679 0.0512
0.0771 0.052224
0.0662 0.0512
0.0727 0.0512
0.0682 0.0512
0.068 0.0512
0.0751 0.0512
0.0979 0.0512
0.0712 0.050176
0.0675 0.0512
0.0682 0.0512
0.0674 0.0512
0.0723 0.0512
0.0656 0.0512
0.0843 0.0512
0.071 0.0512
0.0866 0.050176
0.1516 0.0512
0.0682 0.0512
0.0914 0.0512
0.123 0.052224
0.0672 0.052224
0.0677 0.0512
0.0805 0.0512
0.1261 0.0512
0.0894 0.0512
0.0724 0.0512
0.0735 0.0512
0.1142 0.050176
0.0743 0.050176
0.075 0.0512
0.1097 0.0512
0.0703 0.0512
0.0686 0.0512
0.1406 0.0512
0.0761 0.0512
0.0672 0.050176
0.0727 0.050176
0.107 0.052224
0.0743 0.050176
0.068 0.0512
0.0737 0.0512
0.0707 0.050176
0.0672 0.0512
0.079 0.0512
0.083 0.0512
0.0788 0.0512
0.0676 0.0512
0.0711 0.052224
0.0668 0.0512
0.0738 0.0512
0.0679 0.0512
0.089 0.050176
0.0864 0.050176
0.1001 0.0512
0.0735 0.050176
0.0778 0.050176
0.068 0.0512
0.0682 0.0512
0.0734 0.0512
0.07 0.0512
0.0668 0.050176
0.0704 0.050176
0.0675 0.0512
0.067 0.050176
0.1082 0.0512
0.0767 0.0512
0.0889 0.0512
0.0781 0.050176
0.0726 0.050176
0.0698 0.0512
0.0679 0.0512
0.1222 0.0512
0.0689 0.0512
0.0668 0.050176
0.0687 0.0512
0.068 0.050176
0.1046 0.0512
0.0671 0.0512
0.0741 0.050176
0.0811 0.0512
0.0669 0.0512
0.0671 0.0512
0.0673 0.052224
0.0674 0.0512
0.0828 0.050176
0.0696 0.050176
0.0693 0.0512
0.068 0.0512
0.075 0.0512
0.0951 0.050176
0.0871 0.0512
0.0733 0.0512
0.0692 0.0512
0.0671 0.0512
0.125 0.0512
0.1169 0.0512
0.0887 0.0512
0.0682 0.050176
0.0669 0.053248
0.0689 0.053248
0.068 0.052224
0.101 0.0512
0.0746 0.0512
0.0705 0.0512
0.0685 0.0512
0.0757 0.050176
0.0711 0.0512
0.0729 0.0512
0.0728 0.0512
0.0691 0.052224
0.1333 0.0512
0.1194 0.0512
0.0737 0.0512
0.1064 0.0512
0.0774 0.0512
0.1013 0.0512
0.1227 0.0512
0.1185 0.0512
0.1169 0.0512
0.1189 0.0512
0.1147 0.0512
0.0765 0.0512
0.0692 0.0512
0.0679 0.0512
0.0707 0.050176
0.0686 0.0512
0.0716 0.0512
0.1283 0.0512
0.0713 0.0512
0.0718 0.0512
0.0681 0.050176
0.0689 0.0512
0.0813 0.0512
0.069 0.0512
0.0661 0.0512
0.073 0.050176
0.1185 0.0512
0.0687 0.0512
0.0772 0.0512
0.0724 0.0512
0.0714 0.0512
0.0686 0.0512
0.0764 0.0512
0.1088 0.0512
0.0761 0.0512
0.0982 0.0512
0.0755 0.0512
0.0665 0.052224
0.0693 0.0512
0.0697 0.052224
0.1247 0.0512
0.0727 0.050176
0.0668 0.0512
0.0665 0.0512
0.0675 0.050176
0.0707 0.052224
0.0677 0.0512
0.0725 0.0512
0.0737 0.0512
0.0671 0.050176
0.0694 0.0512
0.0773 0.050176
0.0716 0.0512
0.1017 0.0512
0.0711 0.0512
0.1249 0.052224
0.0757 0.0512
0.0704 0.0512
0.0686 0.0512
0.0725 0.0512
0.072 0.0512
0.0703 0.0512
0.0787 0.0512
0.0803 0.050176
0.0933 0.0512
0.0799 0.050176
0.1237 0.0512
0.0746 0.052224
0.0705 0.0512
0.0672 0.0512
0.0671 0.0512
0.0751 0.0512
0.0679 0.050176
0.0668 0.050176
0.0672 0.050176
0.0753 0.052224
0.0731 0.0512
0.1233 0.050176
0.1078 0.052224
0.0748 0.0512
0.1212 0.0512
0.0911 0.0512
0.0761 0.0512
0.1167 0.0512
0.0711 0.0512
0.0715 0.0512
0.0665 0.0512
0.0659 0.0512
0.0729 0.050176
0.0705 0.0512
0.1235 0.0512
0.0715 0.050176
0.0837 0.0512
0.0717 0.052224
0.1202 0.0512
0.1252 0.0512
0.1169 0.050176
0.0783 0.052224
0.0698 0.0512
0.1258 0.050176
0.1028 0.050176
0.0757 0.0512
0.1221 0.053248
0.0965 0.0512
0.0743 0.050176
0.1471 0.0512
0.1077 0.0512
0.1313 0.0512
0.0742 0.0512
0.1096 0.0512
0.1303 0.052224
0.0731 0.050176
0.1059 0.0512
0.0736 0.0512
0.0904 0.0512
0.0781 0.0512
0.0788 0.0512
0.0741 0.0512
0.0714 0.052224
0.0734 0.0512
0.0685 0.0512
0.1075 0.052224
0.1326 0.0512
0.0705 0.0512
0.1116 0.0512
0.1088 0.0512
0.1116 0.0512
0.0825 0.0512
0.0853 0.0512
0.0848 0.0512
0.0706 0.0512
0.0748 0.0512
0.0697 0.0512
0.0682 0.050176
0.0688 0.052224
0.1252 0.0512
0.0909 0.052224
0.0977 0.0512
0.0774 0.050176
0.1059 0.050176
0.0726 0.052224
0.0687 0.0512
0.0692 0.0512
0.0718 0.0512
0.0676 0.050176
0.0677 0.0512
0.0703 0.0512
0.0737 0.0512
0.0727 0.0512
0.123 0.052224
0.07 0.0512
0.0898 0.052224
0.0682 0.050176
0.0742 0.0512
0.0762 0.0512
0.1042 0.0512
0.1273 0.0512
0.0666 0.0512
0.0683 0.0512
0.1191 0.0512
0.0662 0.0512
0.077 0.0512
0.0738 0.0512
0.0739 0.0512
0.1145 0.0512
0.0831 0.0512
0.0727 0.052224
0.1273 0.0512
0.1022 0.0512
0.0736 0.052224
0.1133 0.052224
0.1712 0.0512
0.0829 0.0512
0.0792 0.050176
0.0677 0.050176
0.0677 0.0512
0.077 0.0512
0.0675 0.0512
0.0674 0.0512
0.0701 0.0512
0.1219 0.050176
0.0681 0.0512
0.0682 0.0512
0.0731 0.050176
0.0767 0.0512
0.0726 0.0512
0.1112 0.0512
0.0669 0.053248
0.0847 0.0512
0.0667 0.0512
0.0747 0.0512
0.0688 0.0512
0.1189 0.0512
0.0682 0.050176
0.0708 0.0512
0.0733 0.0512
0.0669 0.0512
0.082 0.0512
0.0942 0.050176
0.0739 0.052224
0.1321 0.0512
0.0711 0.0512
0.0692 0.0512
0.0674 0.0512
0.0685 0.0512
0.0679 0.0512
0.1266 0.050176
0.0853 0.052224
0.067 0.050176
0.1081 0.050176
0.0664 0.0512
0.1086 0.050176
0.0988 0.0512
0.0703 0.050176
0.1332 0.0512
0.0694 0.0512
0.0676 0.0512
0.0677 0.0512
0.0673 0.0512
0.0674 0.050176
0.0739 0.050176
0.0828 0.050176
0.0723 0.0512
0.0725 0.0512
0.1172 0.050176
0.0674 0.0512
0.0747 0.0512
0.0852 0.0512
0.075 0.0512
0.0675 0.0512
0.0676 0.0512
0.0746 0.0512
0.0665 0.0512
0.0676 0.050176
0.1219 0.0512
0.0994 0.0512
0.0985 0.0512
0.0729 0.050176
0.0745 0.050176
0.084 0.0512
0.0692 0.050176
0.0739 0.0512
0.0745 0.050176
0.0671 0.0512
0.0739 0.0512
0.127 0.050176
0.0687 0.0512
0.0752 0.0512
0.0831 0.0512
0.0791 0.050176
0.0686 0.0512
0.0783 0.050176
0.0844 0.0512
0.1145 0.050176
0.0744 0.052224
0.0698 0.0512
0.0701 0.050176
0.135 0.0512
0.0674 0.0512
0.0725 0.0512
0.0806 0.050176
0.0733 0.052224
0.077 0.0512
0.0717 0.0512
0.0744 0.0512
0.0777 0.0512
0.0725 0.0512
0.0678 0.050176
0.067 0.050176
0.0674 0.050176
0.0759 0.0512
0.0686 0.0512
0.1287 0.0512
0.1014 0.0512
0.0678 0.0512
0.192 0.053248
0.0682 0.0512
0.0675 0.050176
0.0686 0.050176
0.0675 0.0512
0.1327 0.0512
0.0675 0.0512
0.0676 0.0512
0.1189 0.050176
0.0926 0.0512
0.1247 0.0512
0.0835 0.0512
0.0927 0.0512
0.069 0.0512
0.0754 0.0512
0.1179 0.050176
0.0749 0.0512
0.0679 0.052224
0.0686 0.0512
0.0688 0.0512
0.0671 0.0512
0.0667 0.050176
0.1086 0.050176
0.075 0.0512
0.0727 0.050176
0.0672 0.0512
0.067 0.0512
0.0675 0.050176
0.1164 0.050176
0.0764 0.0512
0.078 0.0512
0.0669 0.0512
0.0652 0.052224
0.0769 0.052224
0.0828 0.0512
0.086 0.0512
0.0733 0.0512
0.0918 0.052224
0.1296 0.0512
0.0675 0.050176
0.086 0.0512
0.067 0.050176
0.0804 0.052224
0.0671 0.0512
0.0677 0.050176
0.0682 0.0512
0.1074 0.050176
0.072 0.0512
0.0808 0.0512
0.0674 0.0512
0.0672 0.0512
0.075 0.0512
0.0671 0.0512
0.0679 0.050176
0.0809 0.0512
0.0674 0.0512
0.0806 0.0512
0.0717 0.050176
0.0756 0.0512
0.0973 0.0512
0.1041 0.0512
0.0675 0.0512
0.0735 0.0512
0.0701 0.0512
0.0691 0.0512
0.0781 0.0512
0.0684 0.0512
0.069 0.0512
0.0668 0.0512
0.0795 0.0512
0.0688 0.0512
0.1233 0.050176
0.1061 0.050176
0.0761 0.050176
0.0742 0.050176
0.0682 0.050176
0.0734 0.0512
0.0735 0.050176
0.0684 0.0512
0.067 0.0512
0.067 0.0512
0.0739 0.050176
0.0849 0.0512
0.1327 0.0512
0.1281 0.0512
0.0718 0.050176
0.0673 0.0512
0.0712 0.053248
0.0763 0.050176
0.0788 0.0512
0.1134 0.050176
0.0691 0.0512
0.0688 0.0512
0.0731 0.0512
0.071 0.050176
0.0685 0.050176
0.0685 0.0512
0.0705 0.0512
0.0966 0.050176
0.0805 0.0512
0.0683 0.0512
0.0691 0.0512
0.0703 0.050176
0.0679 0.0512
0.0967 0.0512
0.0764 0.050176
0.0744 0.0512
0.0737 0.050176
0.106 0.0512
0.0717 0.0512
0.067 0.0512
0.067 0.0512
0.0665 0.0512
0.0673 0.050176
0.1001 0.0512
0.0713 0.052224
0.0735 0.0512
0.0697 0.0512
0.0747 0.0512
0.1384 0.0512
0.102 0.0512
0.0716 0.052224
0.0739 0.0512
0.0721 0.050176
0.0671 0.0512
0.0677 0.0512
0.0677 0.050176
0.068 0.0512
0.0697 0.0512
0.0758 0.050176
0.0682 0.052224
0.068 0.0512
0.1341 0.0512
0.0813 0.052224
0.0684 0.0512
0.1338 0.050176
0.0675 0.052224
0.0758 0.0512
0.1166 0.0512
0.0675 0.0512
0.0677 0.0512
0.1073 0.0512
0.0691 0.050176
0.0754 0.0512
0.0725 0.0512
0.0741 0.0512
0.0683 0.0512
0.0724 0.0512
0.0738 0.052224
0.0667 0.0512
0.0695 0.0512
0.068 0.0512
0.072 0.0512
0.0732 0.050176
0.074 0.052224
0.0724 0.0512
0.0733 0.0512
0.068 0.0512
0.0764 0.0512
0.1215 0.050176
0.067 0.0512
0.0688 0.0512
0.0702 0.050176
0.0719 0.0512
0.0745 0.054272
0.0681 0.0512
0.0677 0.0512
0.0751 0.0512
0.13 0.052224
0.0742 0.0512
0.1123 0.050176
0.0695 0.0512
0.0673 0.0512
0.0675 0.0512
0.0718 0.050176
0.072 0.0512
0.066 0.050176
0.0673 0.0512
0.0734 0.053248
0.0748 0.050176
0.0727 0.052224
0.1176 0.050176
0.0774 0.050176
0.073 0.052224
0.0884 0.052224
0.0676 0.0512
0.0766 0.0512
0.0731 0.0512
0.0746 0.0512
0.0702 0.050176
0.0674 0.052224
0.0666 0.0512
0.0795 0.0512
0.1059 0.050176
0.0972 0.0512
0.1274 0.050176
0.0671 0.0512
0.071 0.0512
0.0837 0.0512
0.0661 0.052224
0.0815 0.0512
0.071 0.053248
0.068 0.0512
0.0723 0.0512
0.0725 0.0512
0.1004 0.0512
0.0887 0.050176
0.0778 0.0512
0.0742 0.0512
0.0704 0.0512
0.0683 0.0512
0.0673 0.0512
0.0733 0.050176
0.0685 0.050176
0.0702 0.0512
0.0667 0.0512
0.0682 0.0512
0.0876 0.0512
0.1288 0.0512
0.0862 0.050176
0.0708 0.0512
0.0789 0.0512
0.125 0.0512
0.1197 0.0512
0.0734 0.0512
0.0679 0.052224
0.0708 0.0512
0.0753 0.050176
0.072 0.0512
0.0715 0.0512
0.0731 0.0512
0.1235 0.0512
0.0676 0.050176
0.0695 0.052224
0.1318 0.050176
0.0688 0.050176
0.0678 0.0512
0.067 0.050176
0.099 0.052224
0.0737 0.0512
0.0898 0.0512
0.0724 0.050176
0.1089 0.050176
0.0728 0.0512
0.0691 0.0512
0.0739 0.0512
0.0675 0.050176
0.0682 0.0512
0.07 0.050176
0.0729 0.0512
0.0692 0.050176
0.0676 0.052224
0.0991 0.0512
0.0724 0.0512
0.0822 0.0512
0.0713 0.0512
0.1011 0.050176
0.0741 0.0512
0.0682 0.050176
0.0667 0.0512
0.0681 0.050176
0.0668 0.0512
0.0687 0.0512
0.0675 0.0512
0.0736 0.050176
0.0715 0.0512
0.0736 0.0512
0.1035 0.0512
0.0694 0.0512
0.069 0.0512
0.1402 0.0512
0.1211 0.0512
0.1126 0.050176
0.104 0.0512
0.0678 0.0512
0.0675 0.0512
0.0673 0.0512
0.0677 0.0512
0.1177 0.052224
0.0908 0.050176
0.071 0.050176
0.0731 0.0512
0.0776 0.0512
0.0717 0.0512
0.0877 0.050176
0.0702 0.0512
0.0673 0.0512
0.0683 0.0512
0.0682 0.0512
0.1194 0.0512
0.1333 0.0512
0.0963 0.0512
0.1233 0.0512
0.0672 0.050176
0.0772 0.0512
0.0671 0.052224
0.068 0.0512
0.068 0.050176
0.0682 0.0512
0.0692 0.050176
0.0723 0.0512
0.0725 0.0512
0.0943 0.0512
0.0783 0.0512
0.0715 0.0512
0.065 0.0512
0.0652 0.0512
0.0707 0.0512
0.0683 0.0512
0.075 0.050176
0.0661 0.0512
0.0663 0.0512
0.127 0.0512
0.0665 0.0512
0.066 0.054272
0.1204 0.050176
0.0755 0.0512
0.0678 0.050176
0.0746 0.0512
0.0696 0.0512
0.0672 0.0512
0.0682 0.0512
0.0695 0.052224
0.0706 0.050176
0.1077 0.0512
0.0696 0.0512
0.0661 0.0512
0.1829 0.0512
0.0727 0.0512
0.0701 0.0512
0.0698 0.0512
0.0693 0.052224
0.0669 0.050176
0.076 0.050176
0.0739 0.0512
0.0676 0.0512
0.0681 0.050176
0.0689 0.0512
0.0672 0.0512
0.1261 0.0512
0.1288 0.052224
0.0682 0.0512
0.0677 0.050176
0.0671 0.052224
0.08 0.0512
0.0708 0.0512
0.0671 0.0512
0.0686 0.052224
0.099 0.050176
0.0743 0.050176
0.0695 0.0512
0.1124 0.050176
0.0674 0.0512
0.0673 0.0512
0.0708 0.0512
0.147 0.0512
0.067 0.050176
0.0948 0.052224
0.0667 0.0512
0.108 0.0512
0.0758 0.0512
0.1243 0.0512
0.0667 0.0512
0.1325 0.0512
0.1112 0.0512
0.071 0.0512
0.0902 0.0512
0.0671 0.050176
0.0682 0.0512
0.0821 0.0512
0.0667 0.050176
0.0706 0.0512
0.1329 0.0512
0.0723 0.0512
0.0666 0.0512
0.0782 0.0512
0.1141 0.0512
0.1157 0.050176
0.07 0.0512
0.0743 0.0512
0.0666 0.0512
0.078 0.050176
0.0677 0.0512
0.0675 0.052224
0.0757 0.0512
0.0693 0.050176
0.0669 0.052224
0.0676 0.050176
0.1495 0.052224
0.08 0.0512
0.0688 0.050176
0.0876 0.0512
0.0677 0.050176
0.0685 0.0512
0.0679 0.0512
0.0691 0.0512
0.103 0.050176
0.0738 0.0512
0.0685 0.050176
0.0787 0.0512
0.0722 0.0512
0.0667 0.0512
0.0761 0.052224
0.0669 0.0512
0.0685 0.0512
0.0733 0.0512
0.0784 0.0512
0.0758 0.050176
0.1229 0.0512
0.0692 0.050176
0.0685 0.050176
0.0694 0.0512
0.0798 0.0512
0.0983 0.0512
0.0737 0.050176
0.072 0.0512
0.149 0.0512
0.0675 0.0512
0.0668 0.0512
0.1345 0.053248
0.0722 0.052224
0.0657 0.050176
0.0693 0.052224
0.0712 0.0512
0.0764 0.0512
0.0744 0.0512
0.0777 0.0512
0.0711 0.0512
0.1265 0.0512
0.0705 0.052224
0.068 0.052224
0.0714 0.050176
0.1158 0.050176
0.0667 0.0512
0.0729 0.052224
0.0765 0.050176
0.0722 0.0512
0.0814 0.050176
0.0674 0.052224
0.0736 0.0512
0.0689 0.0512
0.068 0.0512
0.1227 0.0512
0.067 0.050176
0.0686 0.0512
0.0674 0.0512
0.0673 0.0512
0.076 0.0512
0.1092 0.0512
0.0922 0.0512
0.1365 0.052224
0.0701 0.0512
0.0747 0.0512
0.089 0.0512
0.0679 0.052224
0.0686 0.053248
0.1201 0.0512
0.0681 0.0512
0.0672 0.0512
0.073 0.0512
