0.0755 0.185344
0.0606 0.18432
0.0557 0.185344
0.0623 0.18432
0.0453 0.186368
0.1152 0.18432
0.0439 0.186368
0.0333 0.18432
0.0413 0.186368
0.0346 0.18432
0.0415 0.304128
0.0513 0.187392
0.0449 0.186368
0.0499 0.185344
0.0551 0.607232
0.0782 0.186368
0.0437 0.186368
0.0476 0.185344
0.0438 0.185344
0.0466 0.185344
0.0436 0.185344
0.042 0.187392
0.0419 0.186368
0.0464 0.185344
0.0492 0.185344
0.0471 0.185344
0.0685 0.185344
0.0415 0.185344
0.0727 0.185344
0.0471 0.185344
0.0426 0.186368
0.0763 0.186368
0.0467 0.186368
0.0436 0.186368
0.0436 0.18432
0.0442 0.186368
0.0432 0.185344
0.0478 0.186368
0.0646 0.185344
0.0975 0.185344
0.0446 0.185344
0.0766 0.185344
0.0426 0.185344
0.0672 0.185344
0.0464 0.185344
0.06 0.186368
0.059 0.185344
0.0447 0.185344
0.0719 0.185344
0.0881 0.185344
0.065 0.185344
0.0775 0.186368
0.044 0.185344
0.044 0.186368
0.0496 0.185344
0.0425 0.185344
0.0444 0.185344
0.0435 0.18432
0.0426 0.185344
0.0696 0.186368
0.0426 0.185344
0.046 0.185344
0.0471 0.186368
0.0431 0.186368
0.0434 0.185344
0.0456 0.186368
0.0552 0.185344
0.0709 0.185344
0.0449 0.185344
0.0605 0.186368
0.0427 0.185344
0.0659 0.185344
0.0429 0.185344
0.0467 0.185344
0.0502 0.185344
0.0445 0.186368
0.0441 0.185344
0.0431 0.185344
0.043 0.186368
0.0438 0.185344
0.0512 0.185344
0.0727 0.186368
0.0423 0.185344
0.0442 0.185344
0.0441 0.186368
0.043 0.186368
0.0663 0.185344
0.0427 0.185344
0.0428 0.185344
0.0438 0.185344
0.0521 0.186368
0.0463 0.186368
0.0443 0.185344
0.0446 0.186368
0.0512 0.185344
0.0474 0.185344
0.0422 0.185344
0.043 0.185344
0.0538 0.186368
0.0444 0.185344
0.078 0.186368
0.0468 0.185344
0.0495 0.185344
0.0435 0.185344
0.0429 0.186368
0.043 0.185344
0.0485 0.185344
0.0449 0.185344
0.0523 0.185344
0.0755 0.185344
0.0493 0.186368
0.0432 0.185344
0.0424 0.185344
0.0779 0.186368
0.0436 0.185344
0.0428 0.186368
0.0428 0.185344
0.0427 0.185344
0.0427 0.185344
0.046 0.187392
0.0437 0.185344
0.0428 0.186368
0.0495 0.186368
0.0746 0.185344
0.0441 0.186368
0.0434 0.186368
0.0424 0.185344
0.0427 0.185344
0.0509 0.185344
0.0492 0.185344
0.0428 0.186368
0.0506 0.185344
0.0437 0.185344
0.0428 0.186368
0.0436 0.186368
0.0598 0.185344
0.0781 0.185344
0.082 0.186368
0.0458 0.186368
0.0486 0.185344
0.0469 0.185344
0.0438 0.186368
0.0718 0.185344
0.0468 0.186368
0.0514 0.185344
0.0779 0.186368
0.0431 0.185344
0.0875 0.185344
0.1625 0.185344
0.0443 0.186368
0.0654 0.186368
0.1366 0.186368
0.0589 0.185344
0.0442 0.185344
0.0526 0.185344
0.0424 0.185344
0.0552 0.185344
0.0423 0.186368
0.0431 0.185344
0.0486 0.185344
0.0445 0.186368
0.0455 0.185344
0.0451 0.186368
0.0494 0.185344
0.0416 0.186368
0.0425 0.185344
0.0424 0.186368
0.0432 0.186368
0.0497 0.185344
0.0452 0.186368
0.0517 0.185344
0.0442 0.185344
0.0716 0.185344
0.069 0.186368
0.0499 0.185344
0.0749 0.186368
0.0441 0.186368
0.0432 0.185344
0.0467 0.185344
0.0426 0.185344
0.0438 0.186368
0.0421 0.186368
0.0764 0.186368
0.0463 0.185344
0.0546 0.186368
0.0456 0.186368
0.0443 0.186368
0.0489 0.186368
0.048 0.185344
0.0515 0.185344
0.0424 0.186368
0.0458 0.185344
0.0448 0.185344
0.0424 0.185344
0.045 0.186368
0.0721 0.186368
0.0442 0.186368
0.0432 0.186368
0.0427 0.185344
0.0563 0.185344
0.0775 0.186368
0.0468 0.186368
0.0432 0.185344
0.0456 0.186368
0.0427 0.185344
0.0432 0.185344
0.0424 0.185344
0.0431 0.186368
0.0713 0.185344
0.0632 0.185344
0.0484 0.185344
0.0443 0.185344
0.0497 0.186368
0.0687 0.186368
0.0466 0.186368
0.043 0.186368
0.0418 0.186368
0.0417 0.186368
0.046 0.186368
0.0422 0.185344
0.0644 0.185344
0.0442 0.185344
0.0493 0.185344
0.0489 0.186368
0.0804 0.186368
0.0436 0.185344
0.0462 0.186368
0.0502 0.185344
0.0444 0.186368
0.0507 0.185344
0.0436 0.186368
0.043 0.185344
0.0417 0.185344
0.0614 0.186368
0.0436 0.185344
0.0487 0.186368
0.0505 0.185344
0.0528 0.186368
0.0438 0.185344
0.0429 0.185344
0.0432 0.185344
0.0427 0.185344
0.0498 0.185344
0.0418 0.185344
0.0449 0.186368
0.0464 0.185344
0.0606 0.185344
0.0514 0.186368
0.0436 0.185344
0.0428 0.186368
0.0425 0.185344
0.0494 0.185344
0.0483 0.186368
0.0429 0.185344
0.0436 0.186368
0.0426 0.185344
0.0428 0.185344
0.0466 0.185344
0.0431 0.185344
0.0457 0.185344
0.0594 0.186368
0.0429 0.185344
0.0434 0.186368
0.0433 0.185344
0.0448 0.185344
0.0436 0.185344
0.0511 0.185344
0.0428 0.186368
0.0477 0.185344
0.0431 0.185344
0.0418 0.185344
0.0433 0.185344
0.0888 0.185344
0.0432 0.186368
0.0455 0.185344
0.0466 0.186368
0.0426 0.185344
0.0659 0.186368
0.0538 0.185344
0.0586 0.186368
0.0447 0.186368
0.0507 0.185344
0.1048 0.185344
0.0483 0.186368
0.0421 0.185344
0.0438 0.186368
0.042 0.185344
0.0476 0.186368
0.0539 0.186368
0.0638 0.186368
0.0465 0.186368
0.0434 0.185344
0.0559 0.186368
0.0648 0.185344
0.0433 0.185344
0.0417 0.185344
0.0474 0.185344
0.049 0.185344
0.0465 0.185344
0.0425 0.185344
0.1778 0.185344
0.0651 0.185344
0.0426 0.186368
0.0435 0.185344
0.0432 0.185344
0.0447 0.185344
0.0475 0.186368
0.0724 0.185344
0.0431 0.185344
0.0434 0.186368
0.0479 0.186368
0.0451 0.185344
0.0431 0.185344
0.0447 0.185344
0.082 0.185344
0.0459 0.186368
0.0443 0.186368
0.0426 0.186368
0.0528 0.186368
0.0483 0.186368
0.084 0.18432
0.0429 0.186368
0.0454 0.185344
0.0494 0.186368
0.0639 0.185344
0.0429 0.186368
0.0429 0.185344
0.0491 0.186368
0.0429 0.186368
0.0468 0.186368
0.0501 0.185344
0.0475 0.186368
0.0531 0.186368
0.0422 0.185344
0.0502 0.185344
0.0483 0.185344
0.0521 0.187392
0.0418 0.186368
0.0433 0.185344
0.0441 0.185344
0.0432 0.185344
0.0421 0.185344
0.0475 0.185344
0.0429 0.185344
0.0482 0.185344
0.0434 0.186368
0.0429 0.186368
0.0455 0.186368
0.0498 0.186368
0.0417 0.185344
0.0438 0.186368
0.0489 0.185344
0.0605 0.185344
0.0511 0.185344
0.0492 0.185344
0.0438 0.186368
0.0488 0.186368
0.0433 0.185344
0.043 0.186368
0.0432 0.185344
0.0513 0.186368
0.0729 0.185344
0.0441 0.185344
0.0499 0.185344
0.0445 0.185344
0.0485 0.185344
0.0428 0.185344
0.0494 0.185344
0.0432 0.186368
0.0478 0.186368
0.0426 0.185344
0.0462 0.185344
0.0433 0.185344
0.0512 0.186368
0.0592 0.185344
0.055 0.186368
0.0433 0.185344
0.0427 0.186368
0.0434 0.185344
0.0431 0.185344
0.0429 0.186368
0.044 0.186368
0.0455 0.185344
0.0508 0.186368
0.0452 0.186368
0.0724 0.186368
0.0449 0.185344
0.0523 0.185344
0.0472 0.185344
0.044 0.185344
0.0429 0.186368
0.0798 0.185344
0.0451 0.185344
0.043 0.185344
0.0468 0.186368
0.0508 0.185344
0.0427 0.185344
0.046 0.185344
0.0655 0.185344
0.0527 0.185344
0.0427 0.186368
0.0426 0.186368
0.0432 0.185344
0.0431 0.185344
0.0493 0.185344
0.0432 0.186368
0.0428 0.185344
0.0474 0.186368
0.0427 0.185344
0.0429 0.185344
0.0455 0.186368
0.0479 0.185344
0.0422 0.185344
0.0432 0.186368
0.0619 0.185344
0.0725 0.186368
0.0427 0.185344
0.0436 0.185344
0.0485 0.186368
0.0455 0.185344
0.0435 0.185344
0.0427 0.185344
0.0467 0.185344
0.0425 0.186368
0.0419 0.186368
0.0454 0.185344
0.0474 0.185344
0.0524 0.185344
0.0459 0.186368
0.0426 0.186368
0.0425 0.185344
0.0435 0.186368
0.0524 0.186368
0.0431 0.185344
0.0424 0.186368
0.0488 0.186368
0.0673 0.185344
0.0426 0.186368
0.0427 0.185344
0.0451 0.186368
0.0477 0.186368
0.0552 0.186368
0.0616 0.186368
0.0482 0.185344
0.0689 0.186368
0.0496 0.186368
0.0477 0.186368
0.058 0.185344
0.0437 0.185344
0.0456 0.186368
0.0477 0.185344
0.0428 0.186368
0.0428 0.185344
0.0434 0.185344
0.0426 0.186368
0.0722 0.186368
0.0522 0.186368
0.0709 0.185344
0.0539 0.185344
0.0725 0.186368
0.0483 0.185344
0.0594 0.186368
0.0476 0.18432
0.044 0.185344
0.0659 0.186368
0.0429 0.185344
0.0428 0.185344
0.0555 0.186368
0.0433 0.186368
0.0456 0.185344
0.0858 0.185344
0.0449 0.185344
0.0468 0.185344
0.0477 0.185344
0.0474 0.185344
0.0431 0.185344
0.0481 0.185344
0.0455 0.186368
0.0479 0.186368
0.0656 0.185344
0.0464 0.186368
0.0468 0.186368
0.0706 0.185344
0.0429 0.185344
0.0751 0.186368
0.0438 0.186368
0.058 0.185344
0.0613 0.185344
0.0723 0.186368
0.0434 0.186368
0.0444 0.186368
0.0427 0.186368
0.0433 0.186368
0.0483 0.186368
0.0454 0.185344
0.0429 0.185344
0.0436 0.185344
0.0424 0.185344
0.0461 0.185344
0.0707 0.186368
0.0439 0.185344
0.0445 0.185344
0.0553 0.185344
0.0425 0.185344
0.0445 0.185344
0.0498 0.185344
0.0744 0.185344
0.0438 0.185344
0.0566 0.185344
0.0439 0.186368
0.0421 0.186368
0.0424 0.186368
0.0429 0.186368
0.0478 0.186368
0.0461 0.185344
0.0758 0.185344
0.0671 0.185344
0.0453 0.185344
0.0497 0.186368
0.0769 0.185344
0.0766 0.186368
0.044 0.185344
0.0451 0.185344
0.0537 0.186368
0.0435 0.186368
0.0684 0.185344
0.0431 0.185344
0.0424 0.185344
0.0465 0.185344
0.0493 0.18432
0.048 0.186368
0.0497 0.18432
0.043 0.186368
0.0431 0.185344
0.0499 0.185344
0.0569 0.185344
0.0432 0.186368
0.0503 0.186368
0.0503 0.186368
0.0435 0.185344
0.043 0.185344
0.0431 0.186368
0.0518 0.186368
0.0427 0.185344
0.0475 0.185344
0.0461 0.186368
0.0837 0.185344
0.0678 0.186368
0.0662 0.186368
0.0474 0.186368
0.0509 0.185344
0.1536 0.185344
0.0439 0.186368
0.0429 0.185344
0.0428 0.186368
0.0426 0.185344
0.0423 0.186368
0.0434 0.185344
0.0435 0.185344
0.0479 0.186368
0.0436 0.186368
0.0429 0.185344
0.0426 0.186368
0.0476 0.185344
0.0484 0.185344
0.0436 0.185344
0.043 0.185344
0.0467 0.186368
0.0436 0.185344
0.0436 0.185344
0.0808 0.186368
0.0493 0.185344
0.0471 0.186368
0.044 0.185344
0.0464 0.185344
0.0434 0.185344
0.0422 0.185344
0.0517 0.186368
0.0435 0.186368
0.051 0.186368
0.0427 0.18432
0.046 0.185344
0.0431 0.185344
0.0493 0.185344
0.0523 0.186368
0.0552 0.185344
0.0424 0.186368
0.0489 0.186368
0.0714 0.186368
0.0436 0.185344
0.0415 0.185344
0.0451 0.185344
0.0462 0.185344
0.0437 0.186368
0.0492 0.185344
0.0472 0.186368
0.0643 0.186368
0.0761 0.186368
0.0498 0.186368
0.0832 0.186368
0.0443 0.186368
0.0436 0.185344
0.0428 0.185344
0.0428 0.185344
0.0438 0.185344
0.0609 0.186368
0.0625 0.185344
0.0436 0.186368
0.0464 0.185344
0.0486 0.185344
0.0429 0.185344
0.0436 0.185344
0.051 0.185344
0.0739 0.185344
0.1304 0.186368
0.0426 0.186368
0.0711 0.186368
0.0688 0.186368
0.0429 0.186368
0.0435 0.186368
0.0428 0.185344
0.0447 0.185344
0.0443 0.185344
0.0518 0.186368
0.045 0.186368
0.0423 0.185344
0.0441 0.185344
0.0434 0.185344
0.051 0.185344
0.0474 0.185344
0.043 0.185344
0.0485 0.186368
0.0428 0.186368
0.0424 0.186368
0.0479 0.186368
0.072 0.185344
0.0431 0.186368
0.0463 0.185344
0.0423 0.185344
0.0426 0.185344
0.0518 0.186368
0.0426 0.186368
0.0775 0.185344
0.0439 0.185344
0.0428 0.185344
0.0421 0.185344
0.0424 0.185344
0.0788 0.185344
0.0432 0.185344
0.0493 0.185344
0.0492 0.185344
0.0487 0.185344
0.0451 0.185344
0.0492 0.186368
0.074 0.186368
0.0471 0.185344
0.0428 0.186368
0.0703 0.185344
0.0432 0.185344
0.0477 0.185344
0.0581 0.186368
0.0486 0.186368
0.0746 0.186368
0.0426 0.185344
0.0653 0.185344
0.0857 0.185344
0.0655 0.185344
0.0508 0.185344
0.0432 0.186368
0.0487 0.186368
0.0492 0.185344
0.0509 0.186368
0.0738 0.185344
0.0526 0.185344
0.0449 0.185344
0.0764 0.185344
0.0426 0.186368
0.0418 0.185344
0.0436 0.185344
0.0495 0.185344
0.048 0.185344
0.0463 0.185344
0.044 0.186368
0.0437 0.185344
0.0622 0.186368
0.0697 0.185344
0.0638 0.185344
0.0425 0.186368
0.0731 0.186368
0.043 0.186368
0.0432 0.185344
0.0427 0.186368
0.0759 0.185344
0.0431 0.186368
0.0492 0.185344
0.0534 0.186368
0.0425 0.186368
0.0491 0.185344
0.0439 0.186368
0.0492 0.186368
0.0439 0.186368
0.0427 0.185344
0.0455 0.185344
0.0429 0.185344
0.043 0.185344
0.043 0.186368
0.0424 0.185344
0.0724 0.185344
0.0431 0.185344
0.0438 0.185344
0.0432 0.186368
0.0486 0.186368
0.0437 0.186368
0.0439 0.185344
0.045 0.185344
0.0435 0.186368
0.0424 0.185344
0.0432 0.185344
0.0476 0.185344
0.0509 0.185344
0.0438 0.186368
0.0435 0.186368
0.0428 0.186368
0.0425 0.185344
0.0427 0.185344
0.0431 0.185344
0.0769 0.185344
0.0471 0.185344
0.043 0.185344
0.0436 0.185344
0.0492 0.186368
0.08 0.185344
0.0485 0.185344
0.0483 0.186368
0.0509 0.185344
0.0428 0.185344
0.0428 0.185344
0.0429 0.186368
0.043 0.185344
0.0673 0.186368
0.0436 0.186368
0.0439 0.185344
0.0434 0.186368
0.077 0.186368
0.0424 0.185344
0.0428 0.185344
0.0456 0.185344
0.0438 0.186368
0.051 0.186368
0.0471 0.186368
0.0566 0.185344
0.0462 0.185344
0.0683 0.186368
0.0426 0.185344
0.0489 0.186368
0.0453 0.185344
0.0525 0.186368
0.0462 0.186368
0.054 0.185344
0.047 0.185344
0.0427 0.185344
0.0424 0.186368
0.0472 0.185344
0.043 0.185344
0.0773 0.186368
0.0477 0.185344
0.043 0.185344
0.043 0.185344
0.0438 0.186368
0.0624 0.185344
0.0441 0.186368
0.0432 0.185344
0.045 0.186368
0.0501 0.186368
0.0424 0.185344
0.0453 0.185344
0.0589 0.186368
0.0477 0.185344
0.0427 0.185344
0.0729 0.186368
0.0498 0.185344
0.0504 0.185344
0.076 0.185344
0.0788 0.186368
0.0487 0.185344
0.0546 0.186368
0.0427 0.185344
0.0425 0.185344
0.0445 0.185344
0.0434 0.186368
0.0507 0.186368
0.0516 0.186368
0.054 0.185344
0.0427 0.186368
0.0539 0.186368
0.085 0.185344
0.0429 0.186368
0.0431 0.185344
0.0429 0.185344
0.0459 0.185344
0.043 0.186368
0.0551 0.185344
0.0496 0.185344
0.044 0.186368
0.0437 0.185344
0.0433 0.185344
0.0633 0.185344
0.0738 0.186368
0.0511 0.185344
0.0765 0.185344
0.0436 0.186368
0.0443 0.186368
0.0707 0.186368
0.0469 0.186368
0.05 0.186368
0.0421 0.186368
0.0439 0.185344
0.0436 0.186368
0.0498 0.185344
0.0853 0.186368
0.0438 0.185344
0.0464 0.185344
0.0422 0.185344
0.0497 0.186368
0.0433 0.185344
0.0481 0.185344
0.043 0.186368
0.0473 0.185344
0.0431 0.186368
0.0471 0.185344
0.0577 0.185344
0.0565 0.185344
0.0454 0.186368
0.0424 0.185344
0.0443 0.186368
0.0454 0.185344
0.0435 0.186368
0.0424 0.185344
0.0426 0.185344
0.0432 0.185344
0.0434 0.185344
0.0431 0.185344
0.0437 0.186368
0.0755 0.186368
0.043 0.186368
0.0429 0.186368
0.0511 0.186368
0.082 0.186368
0.0724 0.185344
0.0479 0.185344
0.0472 0.186368
0.071 0.185344
0.0477 0.186368
0.0431 0.186368
0.0436 0.185344
0.0487 0.185344
0.0501 0.185344
0.0842 0.186368
0.0534 0.186368
0.0446 0.185344
0.0703 0.186368
0.0427 0.185344
0.0734 0.185344
0.0439 0.186368
0.0711 0.186368
0.0446 0.185344
0.0435 0.186368
0.1055 0.185344
0.0562 0.185344
0.0462 0.186368
0.0444 0.185344
0.0427 0.186368
0.08 0.185344
0.0428 0.185344
0.0508 0.185344
0.0421 0.185344
0.0441 0.185344
0.0739 0.185344
0.0484 0.185344
0.0452 0.186368
0.0425 0.185344
0.0753 0.186368
0.0722 0.186368
0.0446 0.186368
0.0434 0.185344
0.0756 0.186368
0.0425 0.186368
0.0428 0.185344
0.0572 0.185344
0.0427 0.185344
0.0664 0.186368
0.0814 0.185344
0.0462 0.185344
0.049 0.185344
0.0497 0.186368
0.0435 0.186368
0.0492 0.186368
0.0423 0.185344
0.0503 0.186368
0.0428 0.186368
0.0486 0.186368
0.0524 0.186368
0.0505 0.186368
0.0427 0.185344
0.0481 0.18432
0.1033 0.185344
0.0473 0.186368
0.0467 0.186368
0.0469 0.185344
0.0584 0.185344
0.0499 0.185344
0.0424 0.185344
0.0424 0.185344
0.0431 0.185344
0.043 0.185344
0.0418 0.185344
0.0878 0.186368
0.0432 0.186368
0.0476 0.186368
0.0429 0.186368
0.0473 0.186368
0.0451 0.186368
0.055 0.186368
0.0436 0.185344
0.0436 0.185344
0.0434 0.186368
0.0431 0.186368
0.0422 0.186368
0.0928 0.186368
0.0433 0.186368
0.0482 0.185344
0.0428 0.185344
0.0435 0.186368
0.0503 0.185344
0.0486 0.185344
0.0425 0.185344
0.0439 0.186368
0.0784 0.185344
0.0606 0.186368
0.0428 0.186368
0.0439 0.185344
0.0562 0.185344
0.0452 0.185344
0.0432 0.185344
0.0465 0.186368
0.0505 0.185344
0.0433 0.185344
0.0417 0.186368
0.0472 0.186368
0.0429 0.185344
0.0494 0.186368
0.0467 0.186368
0.0829 0.185344
0.0493 0.185344
0.0832 0.186368
0.0769 0.185344
0.0424 0.185344
0.042 0.185344
0.049 0.185344
0.0454 0.186368
0.0471 0.185344
0.0428 0.185344
0.0432 0.186368
0.0433 0.186368
0.0429 0.185344
0.0423 0.186368
0.0451 0.185344
0.0479 0.185344
0.0424 0.186368
0.0428 0.186368
0.0522 0.186368
0.0423 0.186368
0.0483 0.185344
0.0495 0.186368
0.0434 0.185344
0.0416 0.186368
0.0435 0.186368
0.0619 0.186368
0.0458 0.185344
0.0441 0.185344
0.0429 0.186368
0.0488 0.186368
0.043 0.185344
0.0484 0.186368
0.0443 0.185344
0.0603 0.185344
0.0464 0.185344
0.0463 0.186368
0.0492 0.185344
0.0616 0.185344
0.0466 0.185344
0.0492 0.185344
0.0467 0.185344
0.0441 0.186368
0.0463 0.185344
0.0513 0.186368
0.0452 0.185344
0.0443 0.186368
0.043 0.18432
0.0498 0.185344
0.0433 0.186368
0.0572 0.186368
0.0484 0.186368
0.0433 0.185344
0.0448 0.186368
0.044 0.185344
0.0433 0.185344
0.0439 0.185344
0.0458 0.185344
0.0482 0.186368
0.043 0.185344
0.0531 0.186368
0.0431 0.185344
0.0429 0.186368
0.0582 0.185344
0.0456 0.186368
0.0474 0.186368
0.0422 0.186368
0.0483 0.186368
0.0432 0.185344
0.042 0.186368
0.0428 0.186368
0.0761 0.185344
0.0433 0.186368
