0.176 0.765952
0.1571 0.84992
0.1452 0.765952
0.2614 0.850944
0.48 0.845824
0.2479 0.850944
0.1505 0.845824
0.5208 0.411648
0.1502 0.845824
0.1486 0.411648
0.1584 0.84992
0.1635 0.411648
0.1651 0.8448
0.1704 0.411648
0.1671 0.857088
0.167 0.416768
0.1728 0.794624
0.2294 0.8448
0.2379 0.843776
0.1584 0.843776
0.1607 0.842752
0.1558 0.845824
0.1726 0.848896
0.1574 0.840704
0.1526 0.797696
0.1721 0.843776
0.1543 0.771072
0.1744 0.754688
0.1592 0.838656
0.1551 0.776192
0.174 0.538624
0.1572 0.775168
0.3407 0.8448
0.1919 0.78336
0.1603 0.83968
0.1626 0.5376
0.1579 0.772096
0.1608 0.840704
0.5304 0.833536
0.1614 0.842752
0.1652 0.769024
0.1567 0.540672
0.1527 0.838656
0.1594 0.852992
0.1608 0.850944
0.1602 0.8448
0.1555 0.82944
0.1659 0.836608
0.1614 0.848896
0.1574 0.847872
0.3587 0.543744
0.3385 0.538624
0.1598 0.83456
0.1551 0.83968
0.1652 0.837632
0.1539 0.837632
0.1545 0.772096
0.1746 0.782336
0.159 0.842752
0.1594 0.845824
0.1571 0.766976
0.1586 0.836608
0.1606 0.838656
0.1582 0.841728
0.1653 0.5376
0.1625 0.847872
0.1558 0.833536
0.1619 0.836608
0.1577 0.831488
0.1569 0.83968
0.1627 0.832512
0.1546 0.536576
0.1582 0.83456
0.1565 0.539648
0.1606 0.799744
0.157 0.854016
0.1599 0.538624
0.158 0.848896
0.2811 0.794624
0.1566 0.83456
0.1615 0.540672
0.167 0.83456
0.1568 0.836608
0.1891 0.835584
0.1567 0.832512
0.1564 0.841728
0.2164 0.77312
0.1636 0.794624
0.1621 0.847872
0.1592 0.846848
0.1589 0.800768
0.1608 0.765952
0.1576 0.772096
0.1585 0.769024
0.3598 0.833536
0.1542 0.786432
0.1592 0.837632
0.1595 0.539648
0.159 0.842752
0.2329 0.538624
0.341 0.536576
0.156 0.835584
0.3528 0.842752
0.1557 0.538624
0.1576 0.772096
0.1569 0.845824
0.1607 0.774144
0.2945 0.828416
0.1596 0.781312
0.1647 0.538624
0.1596 0.77312
0.3033 0.536576
0.1624 0.787456
0.1543 0.758784
0.164 0.768
0.1587 0.780288
0.1655 0.836608
0.3315 0.835584
0.1612 0.841728
0.1568 0.831488
0.3427 0.83968
0.1596 0.830464
0.1643 0.841728
0.2741 0.832512
0.1662 0.848896
0.1542 0.833536
0.1638 0.835584
0.3403 0.843776
0.156 0.77312
0.1643 0.841728
0.1591 0.777216
0.3424 0.796672
0.1568 0.837632
0.1597 0.780288
0.2124 0.790528
0.3441 0.835584
0.3403 0.830464
0.1893 0.539648
0.1538 0.835584
0.1526 0.782336
0.1527 0.828416
0.1595 0.840704
0.159 0.540672
0.1607 0.836608
0.2494 0.83456
0.1618 0.539648
0.1591 0.77824
0.1546 0.82944
0.1644 0.843776
0.16 0.841728
0.1697 0.795648
0.1612 0.769024
0.1588 0.77312
0.1635 0.830464
0.1588 0.842752
0.1621 0.761856
0.1942 0.761856
0.1593 0.842752
0.1619 0.83968
0.1656 0.536576
0.1689 0.8448
0.1603 0.845824
0.1697 0.840704
0.1571 0.833536
0.1611 0.832512
0.2208 0.7936
0.1584 0.832512
0.2124 0.838656
0.1586 0.847872
0.1647 0.5376
0.3335 0.837632
0.2125 0.539648
0.1653 0.846848
0.2314 0.835584
0.1906 0.86016
0.1908 0.850944
0.164 0.764928
0.1695 0.8448
0.1573 0.538624
0.162 0.74752
0.1587 0.837632
0.1659 0.777216
0.1612 0.83968
0.1571 0.769024
0.1635 0.840704
0.1552 0.84992
0.1535 0.83456
0.1625 0.831488
0.1607 0.843776
0.341 0.538624
0.1554 0.848896
0.1564 0.538624
0.1634 0.5376
0.3407 0.845824
0.2162 0.772096
0.1606 0.835584
0.2469 0.833536
0.1593 0.846848
0.3466 0.539648
0.1586 0.843776
0.1643 0.5376
0.3492 0.833536
0.1623 0.772096
0.1573 0.843776
0.1627 0.764928
0.1665 0.848896
0.1538 0.771072
0.1611 0.833536
0.1669 0.842752
0.3623 0.843776
0.2348 0.847872
0.335 0.83968
0.1637 0.835584
0.4429 0.827392
0.1545 0.536576
0.1638 0.777216
0.1572 0.841728
0.1551 0.540672
0.1556 0.536576
0.1578 0.763904
0.3368 0.541696
0.154 0.837632
0.1596 0.840704
0.1657 0.842752
0.1615 0.835584
0.1676 0.842752
0.1656 0.835584
0.156 0.772096
0.1604 0.781312
0.1688 0.846848
0.1542 0.838656
0.1593 0.77312
0.1647 0.759808
0.1629 0.83968
0.2086 0.836608
0.1555 0.776192
0.1677 0.768
0.336 0.841728
0.1534 0.83968
0.1599 0.5376
0.3272 0.841728
0.2969 0.836608
0.3595 0.78336
0.1755 0.538624
0.1613 0.540672
0.158 0.774144
0.358 0.845824
0.1564 0.848896
0.1576 0.83968
0.2839 0.835584
0.1628 0.5376
0.1563 0.78848
0.1604 0.84992
0.1621 0.835584
0.1572 0.838656
0.1559 0.765952
0.1585 0.837632
0.1721 0.538624
0.1599 0.836608
0.3866 0.770048
0.3444 0.83968
0.2408 0.539648
0.1574 0.840704
0.354 0.835584
0.1627 0.832512
0.1586 0.840704
0.1605 0.799744
0.1646 0.835584
0.1654 0.77824
0.154 0.780288
0.2838 0.8448
0.1592 0.837632
0.3401 0.848896
0.1603 0.847872
0.1586 0.539648
0.3521 0.836608
0.3398 0.8448
0.3305 0.845824
0.2682 0.835584
0.375 0.843776
0.1562 0.83456
0.1573 0.77312
0.1902 0.838656
0.1813 0.538624
0.1606 0.843776
0.1571 0.772096
0.1927 0.847872
0.1583 0.774144
0.1631 0.786432
0.1755 0.759808
0.1692 0.538624
0.1619 0.796672
0.1586 0.777216
0.178 0.842752
0.1601 0.776192
0.1571 0.786432
0.2283 0.83456
0.3597 0.538624
0.1585 0.781312
0.161 0.832512
0.1843 0.847872
0.1641 0.854016
0.1611 0.840704
0.1839 0.840704
0.1578 0.842752
0.1554 0.843776
0.1629 0.845824
0.1581 0.832512
0.2326 0.5376
0.2112 0.772096
0.155 0.830464
0.1629 0.538624
0.2107 0.836608
0.1545 0.841728
0.1628 0.771072
0.1933 0.846848
0.1562 0.836608
0.1588 0.540672
0.1575 0.848896
0.1601 0.84992
0.1611 0.538624
0.1651 0.848896
0.1719 0.769024
0.1561 0.79872
0.1589 0.774144
0.1587 0.840704
0.1778 0.5376
0.1561 0.83968
0.1594 0.79872
0.1655 0.843776
0.1575 0.840704
0.1597 0.539648
0.1602 0.842752
0.1682 0.801792
0.1672 0.772096
0.1583 0.833536
0.1842 0.842752
0.1583 0.78848
0.1529 0.843776
0.1606 0.771072
0.1559 0.77312
0.1563 0.771072
0.1666 0.848896
0.1742 0.82944
0.1613 0.84992
0.341 0.8448
0.1617 0.851968
0.1592 0.840704
0.2695 0.78336
0.1579 0.76288
0.3362 0.837632
0.161 0.841728
0.1621 0.83968
0.1538 0.832512
0.1627 0.838656
0.1557 0.789504
0.1634 0.837632
0.1717 0.843776
0.1592 0.538624
0.1597 0.797696
0.1711 0.785408
0.1579 0.540672
0.164 0.779264
0.1737 0.841728
0.1643 0.828416
0.1575 0.78336
0.1607 0.838656
0.159 0.83456
0.1562 0.82944
0.3577 0.832512
0.16 0.80384
0.1576 0.846848
0.1638 0.776192
0.1599 0.83456
0.1549 0.837632
0.1679 0.76288
0.1571 0.538624
0.1565 0.540672
0.1554 0.83456
0.1589 0.832512
0.1571 0.78336
0.2157 0.784384
0.3661 0.842752
0.1604 0.828416
0.2016 0.842752
0.3325 0.843776
0.1545 0.539648
0.1584 0.780288
0.1623 0.538624
0.1521 0.850944
0.1643 0.83456
0.1618 0.83968
0.1579 0.837632
0.4493 0.842752
0.411 0.540672
0.1696 0.838656
0.1737 0.536576
0.2158 0.83456
0.1625 0.847872
0.1619 0.841728
0.1626 0.837632
0.1605 0.782336
0.1625 0.799744
0.3414 0.827392
0.1545 0.832512
0.1565 0.832512
0.3332 0.765952
0.1524 0.842752
0.1564 0.837632
0.1724 0.777216
0.1571 0.848896
0.1637 0.832512
0.1633 0.836608
0.1617 0.538624
0.1604 0.837632
0.1616 0.538624
0.1588 0.835584
0.1754 0.8448
0.1602 0.838656
0.1567 0.836608
0.161 0.840704
0.1607 0.843776
0.1635 0.776192
0.1611 0.841728
0.1626 0.539648
0.1685 0.779264
0.1643 0.769024
0.1623 0.843776
0.1624 0.83968
0.1604 0.83456
0.162 0.774144
0.2616 0.768
0.4374 0.763904
0.1559 0.785408
0.163 0.536576
0.1638 0.845824
0.3352 0.835584
0.159 0.5376
0.1622 0.538624
0.1585 0.775168
0.1603 0.8448
0.161 0.8448
0.3836 0.838656
0.2846 0.831488
0.1654 0.848896
0.1594 0.780288
0.1546 0.835584
0.159 0.835584
0.1791 0.797696
0.1625 0.83968
0.1584 0.848896
0.1594 0.845824
0.2603 0.8448
0.1918 0.83968
0.1736 0.539648
0.2372 0.8448
0.2029 0.854016
0.1652 0.766976
0.1604 0.538624
0.1617 0.82944
0.1629 0.794624
0.1627 0.776192
0.1585 0.837632
0.1673 0.838656
0.166 0.847872
0.1603 0.781312
0.1713 0.833536
0.1555 0.845824
0.1608 0.536576
0.1595 0.852992
0.3379 0.775168
0.1651 0.843776
0.1601 0.83456
0.1765 0.83456
0.1605 0.840704
0.1585 0.78336
0.1589 0.836608
0.1606 0.841728
0.162 0.831488
0.1553 0.84992
0.2955 0.831488
0.1638 0.841728
0.1542 0.774144
0.2116 0.764928
0.1637 0.800768
0.1909 0.535552
0.158 0.841728
0.1636 0.836608
0.1644 0.794624
0.1568 0.538624
0.1615 0.775168
0.1551 0.83968
0.1586 0.83456
0.3361 0.759808
0.1535 0.841728
0.1594 0.837632
0.1916 0.833536
0.1947 0.766976
0.1627 0.5376
0.1748 0.838656
0.1601 0.837632
0.1636 0.538624
0.1558 0.78336
0.1911 0.754688
0.1593 0.833536
0.1637 0.840704
0.3312 0.775168
0.1665 0.77312
0.1634 0.538624
0.17 0.536576
0.1548 0.830464
0.1623 0.826368
0.2663 0.763904
0.1639 0.787456
0.1626 0.771072
0.1955 0.848896
0.3431 0.841728
0.1634 0.84992
0.1585 0.843776
0.1696 0.842752
0.1614 0.769024
0.1634 0.835584
0.1714 0.782336
0.1584 0.837632
0.1556 0.83456
0.1615 0.770048
0.1614 0.772096
0.2611 0.83968
0.1605 0.5376
0.1705 0.825344
0.1628 0.539648
0.25 0.775168
0.1887 0.848896
0.1646 0.840704
0.1709 0.845824
0.157 0.833536
0.1563 0.538624
0.3425 0.779264
0.1603 0.846848
0.1577 0.830464
0.1581 0.845824
0.1619 0.83968
0.1627 0.838656
0.1647 0.833536
0.177 0.779264
0.1604 0.842752
0.165 0.846848
0.1576 0.769024
0.1571 0.841728
0.1644 0.78848
0.1616 0.535552
0.1704 0.536576
0.1605 0.794624
0.2108 0.779264
0.2061 0.541696
0.1544 0.771072
0.1639 0.539648
0.1711 0.823296
0.1625 0.776192
0.1853 0.83456
0.1562 0.840704
0.208 0.771072
0.1563 0.761856
0.1585 0.843776
0.1614 0.786432
0.213 0.535552
0.1589 0.766976
0.1579 0.843776
0.1898 0.832512
0.1577 0.836608
0.1615 0.785408
0.2098 0.84992
0.164 0.772096
0.1643 0.7936
0.1589 0.830464
0.1563 0.779264
0.1684 0.845824
0.155 0.538624
0.2286 0.7936
0.1575 0.82944
0.1561 0.536576
0.1572 0.840704
0.1663 0.769024
0.1703 0.843776
0.1609 0.833536
0.1617 0.847872
0.1622 0.776192
0.3644 0.5376
0.1621 0.780288
0.2414 0.838656
0.2721 0.830464
0.2646 0.850944
0.3324 0.539648
0.1563 0.775168
0.1631 0.846848
0.2171 0.843776
0.1564 0.7936
0.1604 0.791552
0.1581 0.842752
0.1598 0.846848
0.1558 0.779264
0.3453 0.846848
0.2613 0.843776
0.1558 0.842752
0.1652 0.832512
0.1549 0.856064
0.1586 0.760832
0.1579 0.8448
0.1557 0.847872
0.1579 0.837632
0.1579 0.538624
0.1557 0.77312
0.161 0.77312
0.1566 0.845824
0.1614 0.796672
0.1621 0.845824
0.196 0.836608
0.1555 0.8448
0.159 0.841728
0.1572 0.840704
0.1849 0.850944
0.1663 0.835584
0.2411 0.835584
0.1584 0.846848
0.1643 0.774144
0.1575 0.846848
0.2272 0.771072
0.1533 0.842752
0.1592 0.5376
0.1676 0.538624
0.1735 0.77312
0.265 0.843776
0.1623 0.774144
0.1529 0.77312
0.2082 0.852992
0.1651 0.832512
0.1849 0.842752
0.1792 0.836608
0.2147 0.835584
0.1573 0.779264
0.2187 0.770048
0.1563 0.842752
0.1588 0.838656
0.1568 0.8448
0.1596 0.847872
0.2693 0.84992
0.1603 0.838656
0.1589 0.539648
0.3547 0.771072
0.1589 0.538624
0.1598 0.832512
0.1661 0.840704
0.1566 0.83968
0.1773 0.8448
0.1602 0.83968
0.1605 0.539648
0.1617 0.850944
0.1549 0.5376
0.1624 0.776192
0.3399 0.836608
0.4764 0.796672
0.1604 0.837632
0.1583 0.761856
0.1575 0.847872
0.1627 0.539648
0.3505 0.836608
0.3315 0.826368
0.1536 0.836608
0.1696 0.832512
0.2552 0.83456
0.256 0.786432
0.1558 0.84992
0.1594 0.850944
0.1607 0.843776
0.157 0.842752
0.3453 0.841728
0.1546 0.770048
0.1582 0.842752
0.1596 0.776192
0.2868 0.835584
0.1606 0.835584
0.158 0.83968
0.1638 0.8448
0.4891 0.842752
0.1703 0.538624
0.1809 0.79872
0.1578 0.835584
0.1648 0.832512
0.1626 0.842752
0.163 0.768
0.1533 0.825344
0.1583 0.845824
0.2725 0.826368
0.1643 0.833536
0.1701 0.841728
0.3414 0.410624
0.1578 0.408576
0.1626 0.407552
0.1993 0.40448
0.2384 0.403456
0.1623 0.40448
0.1582 0.401408
0.1545 0.400384
0.1582 0.39936
0.1581 0.39936
0.1539 0.396288
0.1649 0.396288
0.1799 0.398336
0.1601 0.396288
0.2019 0.39424
0.169 0.393216
0.1949 0.392192
0.1577 0.392192
0.156 0.395264
0.2521 0.393216
0.3348 0.39424
0.1594 0.39424
0.3286 0.392192
0.1583 0.393216
0.1613 0.392192
0.1537 0.39424
0.1618 0.395264
0.1629 0.393216
0.2413 0.392192
0.1685 0.39424
0.1645 0.393216
0.158 0.390144
0.1649 0.395264
0.1668 0.397312
0.1564 0.400384
0.1609 0.39936
0.1644 0.39936
0.1576 0.402432
0.1562 0.403456
0.1589 0.403456
0.183 0.405504
0.1673 0.407552
0.3442 0.406528
0.1824 0.408576
0.1545 0.831488
0.1602 0.768
0.1598 0.840704
0.1609 0.754688
0.1546 0.768
0.1576 0.799744
0.1666 0.838656
0.2739 0.838656
0.29 0.838656
0.1641 0.782336
0.1541 0.804864
0.1543 0.846848
0.1593 0.833536
0.3386 0.842752
0.1721 0.859136
0.1611 0.78336
0.1687 0.545792
0.1526 0.85504
0.1594 0.846848
0.1573 0.84992
0.1826 0.858112
0.158 0.807936
0.1594 0.8704
0.1598 0.866304
0.1602 0.78848
0.1538 0.86528
0.3724 0.851968
0.3389 0.555008
0.1562 0.859136
0.1621 0.85504
0.1583 0.866304
0.3429 0.858112
0.1607 0.79872
0.2127 0.850944
0.2491 0.8448
0.1584 0.801792
0.1594 0.85504
0.1612 0.548864
0.1615 0.779264
0.1604 0.545792
0.1551 0.786432
0.1541 0.77312
0.1857 0.854016
0.1579 0.77824
0.1601 0.8448
0.1706 0.837632
0.1578 0.837632
0.266 0.770048
0.1538 0.841728
0.2171 0.535552
0.158 0.833536
0.1634 0.533504
0.1726 0.763904
0.1621 0.408576
0.159 0.408576
0.1584 0.40448
0.1642 0.405504
0.3563 0.403456
0.1659 0.40448
0.3365 0.401408
0.1606 0.400384
0.1878 0.401408
0.1606 0.39936
0.1578 0.39936
0.1628 0.396288
0.1565 0.396288
0.155 0.393216
0.1574 0.39424
0.1613 0.393216
0.1941 0.390144
0.1626 0.38912
0.1594 0.390144
0.1904 0.390144
0.1657 0.38912
0.1744 0.386048
0.1577 0.386048
0.1632 0.382976
0.1567 0.385024
0.3399 0.385024
0.161 0.380928
0.1574 0.380928
0.1631 0.379904
0.3444 0.376832
0.1582 0.37888
0.1558 0.375808
0.1553 0.375808
0.1594 0.374784
0.1635 0.374784
0.1545 0.372736
0.2188 0.370688
0.1537 0.369664
0.1684 0.370688
0.1555 0.367616
0.164 0.367616
0.1608 0.36864
0.1677 0.365568
0.154 0.365568
0.162 0.365568
0.1624 0.362496
0.1581 0.362496
0.1557 0.360448
0.1573 0.359424
0.2545 0.360448
0.2528 0.359424
0.1594 0.356352
0.162 0.355328
0.1673 0.352256
0.3512 0.356352
0.1604 0.352256
0.3371 0.349184
0.1539 0.350208
0.1602 0.346112
0.1557 0.347136
0.1594 0.350208
0.1617 0.345088
0.1623 0.34304
0.1735 0.342016
0.1572 0.546816
0.1797 0.342016
0.3701 0.541696
0.1704 0.545792
0.1543 0.543744
0.2726 0.544768
0.4428 0.54272
0.1599 0.334848
0.3361 0.331776
0.1539 0.794624
0.1558 0.3328
0.1597 0.534528
0.1676 0.53248
0.1554 0.759808
0.1707 0.533504
0.1605 0.852992
0.3535 0.835584
0.2411 0.53248
0.1597 0.529408
0.161 0.845824
0.1632 0.8448
0.3391 0.836608
0.3299 0.831488
0.1614 0.528384
0.1557 0.529408
0.1638 0.52736
0.1575 0.525312
0.1696 0.831488
0.1627 0.525312
0.1634 0.7424
0.1581 0.753664
0.1595 0.521216
0.1748 0.513024
0.2575 0.825344
0.1679 0.821248
0.1547 0.744448
0.1579 0.515072
0.1721 0.516096
0.2343 0.75264
0.1553 0.513024
0.1628 0.825344
0.157 0.514048
0.1696 0.825344
0.1617 0.82944
0.1559 0.436224
0.1633 0.51712
0.3538 0.516096
0.2004 0.836608
0.278 0.512
0.1621 0.815104
0.2995 0.818176
0.1628 0.831488
0.1586 0.515072
0.1776 0.754688
0.1616 0.81408
0.1555 0.513024
0.1741 0.512
0.1616 0.816128
0.1552 0.8192
0.1642 0.514048
0.1634 0.514048
0.3348 0.82432
0.3505 0.514048
0.1649 0.514048
0.3362 0.753664
0.3111 0.744448
0.1537 0.515072
0.1649 0.518144
0.1568 0.515072
0.1654 0.816128
0.1623 0.516096
0.1558 0.51712
0.1581 0.516096
0.156 0.51712
0.2339 0.817152
0.1601 0.514048
0.1653 0.7424
0.161 0.741376
0.1558 0.82432
0.1615 0.514048
0.1552 0.8192
0.1599 0.515072
0.1623 0.826368
0.1586 0.516096
0.1606 0.514048
0.1553 0.821248
0.1609 0.516096
0.2452 0.515072
0.1789 0.822272
0.1593 0.746496
0.1552 0.833536
0.164 0.515072
0.3393 0.821248
0.1676 0.758784
0.1897 0.516096
0.1577 0.825344
0.155 0.751616
0.1594 0.825344
0.1649 0.831488
0.16 0.827392
0.1647 0.515072
0.1687 0.74752
0.1633 0.812032
0.1567 0.516096
0.1684 0.745472
0.1543 0.514048
0.1534 0.513024
0.1661 0.515072
0.1601 0.516096
0.1584 0.8192
0.158 0.823296
0.2609 0.512
0.1651 0.515072
0.1576 0.51712
0.1593 0.82432
0.1618 0.759808
0.1747 0.512
0.1551 0.516096
0.1551 0.827392
0.167 0.510976
0.1587 0.514048
0.1587 0.515072
0.1615 0.81408
0.2449 0.513024
0.2396 0.515072
0.165 0.813056
0.1921 0.735232
0.165 0.809984
0.1563 0.436224
0.174 0.817152
0.1597 0.516096
0.1546 0.437248
0.1783 0.820224
0.1555 0.508928
0.158 0.515072
0.1651 0.516096
0.1624 0.515072
0.1575 0.518144
0.159 0.510976
0.1617 0.513024
0.1668 0.513024
0.1724 0.512
0.1653 0.510976
0.1617 0.509952
0.162 0.508928
0.1596 0.812032
0.2412 0.816128
0.1785 0.805888
0.1577 0.504832
0.1683 0.815104
0.163 0.503808
0.1579 0.503808
0.2321 0.503808
0.1549 0.806912
0.1719 0.80384
0.16 0.499712
0.1603 0.497664
0.16 0.49664
0.16 0.49664
0.3419 0.799744
0.3409 0.719872
0.1558 0.495616
0.1575 0.490496
0.2185 0.72192
0.1641 0.492544
0.1599 0.488448
0.1679 0.49152
0.1754 0.485376
