0.1136 0
0.0545 0
0.0425 0
0.0422 0
0.0444 0
0.0469 0
0.0456 0.146432
0.0443 0.147456
0.0448 0.152576
0.0432 0.152576
0.0487 0.152576
0.0485 0.151552
0.043 0.152576
0.0851 0.152576
0.0458 0.152576
0.0429 0.149504
0.0469 0.149504
0.043 0.14848
0.0521 0.149504
0.0479 0.149504
0.0461 0.149504
0.0488 0.149504
0.0426 0.14848
0.0434 0.149504
0.0431 0.149504
0.0813 0.14848
0.0451 0.147456
0.0552 0.147456
0.0442 0.147456
0.068 0.147456
0.046 0.147456
0.043 0.147456
0.0492 0.147456
0.048 0.146432
0.0428 0.14848
0.0469 0.147456
0.0445 0.147456
0.0439 0.14848
0.0482 0.147456
0.0445 0.147456
0.044 0.147456
0.0532 0.147456
0.0592 0.147456
0.0508 0.147456
0.0688 0.146432
0.0763 0.147456
0.0511 0.147456
0.0485 0.147456
0.0425 0.147456
0.0764 0.146432
0.0429 0.147456
0.0531 0.147456
0.0491 0.14848
0.0432 0.149504
0.047 0.149504
0.0479 0.14848
0.0478 0.147456
0.0469 0.147456
0.0431 0.147456
0.0529 0.147456
0.0418 0.147456
0.0433 0.147456
0.0426 0.147456
0.0436 0.147456
0.0427 0.147456
0.0439 0.147456
0.043 0.147456
0.0438 0.147456
0.0431 0.147456
0.0426 0.147456
0.0425 0.147456
0.0427 0.147456
0.0499 0.147456
0.044 0.147456
0.0617 0.147456
0.0454 0.147456
0.062 0.147456
0.0438 0.147456
0.0509 0.14848
0.0453 0.147456
0.0425 0.147456
0.0428 0.147456
0.0731 0.147456
0.0427 0.14848
0.0587 0.150528
0.0566 0.150528
0.0442 0.150528
0.0444 0.149504
0.0468 0.150528
0.0425 0.150528
0.0425 0.150528
0.0597 0.150528
0.0673 0.150528
0.0434 0.150528
0.0449 0.149504
0.079 0.150528
0.0451 0.147456
0.0438 0.147456
0.0584 0.147456
0.0424 0.147456
0.0467 0.147456
0.0457 0.147456
0.0715 0.147456
0.0634 0.146432
0.0667 0.147456
0.0501 0.147456
0.043 0.147456
0.0477 0.147456
0.0429 0.147456
0.0778 0.147456
0.0488 0.147456
0.0436 0.147456
0.0432 0.152576
0.0419 0.152576
0.0446 0.151552
0.0917 0.151552
0.0492 0.14848
0.2135 0.147456
0.0435 0.146432
0.066 0.147456
0.0464 0.147456
0.0579 0.147456
0.0429 0.14848
0.0557 0.14848
0.0439 0.149504
0.043 0.149504
0.0668 0.149504
0.0441 0.14848
0.0464 0.149504
0.0503 0.14848
0.0686 0.149504
0.0477 0.149504
0.0736 0.149504
0.0534 0.149504
0.0503 0.149504
0.0425 0.149504
0.043 0.149504
0.0428 0.14848
0.0429 0.149504
0.0538 0.149504
0.0432 0.149504
0.0493 0.14848
0.0437 0.149504
0.0485 0.14848
0.0424 0.149504
0.0545 0.149504
0.0471 0.145408
0.0435 0.145408
0.0487 0.145408
0.0439 0.146432
0.0488 0.145408
0.0734 0.146432
0.0701 0.145408
0.0911 0.149504
0.0501 0.149504
0.0426 0.150528
0.0419 0.149504
0.0598 0.149504
0.0438 0.14848
0.0433 0.14848
0.0851 0.149504
0.0472 0.149504
0.0808 0.14848
0.0668 0.149504
0.0491 0.149504
0.0424 0.149504
0.0424 0.14848
0.0456 0.147456
0.044 0.147456
0.0547 0.147456
0.0472 0.147456
0.0491 0.147456
0.0481 0.147456
0.0622 0.14848
0.0441 0.149504
0.0849 0.149504
0.1076 0.151552
0.0507 0.151552
0.0712 0.152576
0.0454 0.151552
0.0455 0.152576
0.0435 0.151552
0.0737 0.152576
0.0484 0.151552
0.0505 0.151552
0.0429 0.151552
0.0431 0.152576
0.0451 0.147456
0.1042 0.146432
0.0436 0.147456
0.0463 0.147456
0.0427 0.147456
0.0458 0.147456
0.0442 0.147456
0.0446 0.147456
0.0428 0.14848
0.0415 0.147456
0.0421 0.145408
0.0427 0.145408
0.048 0.145408
0.0418 0.152576
0.0663 0.1536
0.0479 0.152576
0.0444 0.152576
0.0426 0.152576
0.0443 0.152576
0.0472 0.152576
0.0522 0.147456
0.0442 0.147456
0.0781 0.147456
0.0812 0.147456
0.0595 0.146432
0.0662 0.147456
0.0472 0.149504
0.0536 0.14848
0.0438 0.149504
0.0784 0.149504
0.0522 0.147456
0.0833 0.147456
0.0719 0.149504
0.0977 0.149504
0.0711 0.149504
0.12 0.150528
0.0435 0.150528
0.061 0.149504
0.0531 0.150528
0.0475 0.149504
0.0445 0.147456
0.0479 0.147456
0.0437 0.151552
0.051 0.151552
0.049 0.151552
0.0626 0.152576
0.0472 0.151552
0.0464 0.151552
0.0679 0.151552
0.0458 0.151552
0.0643 0.147456
0.053 0.147456
0.0416 0.147456
0.043 0.147456
0.0484 0.147456
0.0462 0.149504
0.0525 0.14848
0.0437 0.14848
0.0536 0.149504
0.0502 0.14848
0.0437 0.147456
0.063 0.147456
0.0433 0.147456
0.0825 0.147456
0.0554 0.146432
0.068 0.150528
0.0458 0.149504
0.0516 0.149504
0.0431 0.150528
0.0478 0.150528
0.0435 0.149504
0.0457 0.147456
0.0739 0.147456
0.0435 0.147456
0.0517 0.150528
0.0909 0.150528
0.0838 0.149504
0.0441 0.149504
0.0506 0.150528
0.0428 0.150528
0.0436 0.146432
0.0438 0.147456
0.044 0.146432
0.0432 0.147456
0.047 0.149504
0.048 0.14848
0.0748 0.149504
0.0773 0.149504
0.0416 0.14848
0.056 0.14848
0.0435 0.147456
0.0445 0.147456
0.0446 0.147456
0.076 0.147456
0.0428 0.146432
0.0491 0.146432
0.0513 0.146432
0.043 0.147456
0.0642 0.147456
0.0536 0.146432
0.0472 0.147456
0.0437 0.147456
0.0505 0.147456
0.0489 0.14848
0.0432 0.149504
0.0437 0.149504
0.044 0.149504
0.0429 0.149504
0.0733 0.149504
0.0425 0.149504
0.042 0.14848
0.0474 0.147456
0.0449 0.147456
0.0599 0.147456
0.0433 0.147456
0.043 0.147456
0.043 0.147456
0.0473 0.147456
0.0439 0.147456
0.0425 0.147456
0.0476 0.147456
0.0457 0.147456
0.0934 0.147456
0.0462 0.146432
0.0451 0.147456
0.0431 0.149504
0.0481 0.149504
0.0497 0.149504
0.0461 0.14848
0.0843 0.149504
0.0428 0.149504
0.0484 0.147456
0.0424 0.147456
0.0496 0.147456
0.0479 0.147456
0.0526 0.147456
0.0452 0.147456
0.0551 0.149504
0.0471 0.14848
0.0528 0.149504
0.0443 0.14848
0.0496 0.145408
0.044 0.145408
0.047 0.147456
0.0431 0.149504
0.0497 0.150528
0.0424 0.150528
0.0622 0.151552
0.069 0.151552
0.0519 0.152576
0.0428 0.152576
0.0467 0.147456
0.0428 0.147456
0.0578 0.147456
0.0431 0.147456
0.0744 0.14848
0.0501 0.149504
0.0435 0.149504
0.0488 0.149504
0.0789 0.149504
0.0771 0.149504
0.0495 0.149504
0.0481 0.147456
0.0811 0.147456
0.0564 0.147456
0.0465 0.147456
0.0467 0.147456
0.0444 0.147456
0.0433 0.147456
0.0434 0.147456
0.0429 0.147456
0.0432 0.147456
0.0569 0.147456
0.061 0.147456
0.0773 0.14848
0.0466 0.147456
0.0476 0.147456
0.0433 0.14848
0.0424 0.149504
0.0885 0.149504
0.0613 0.149504
0.043 0.14848
0.0855 0.147456
0.0707 0.147456
0.0537 0.147456
0.0427 0.14848
0.0491 0.147456
0.0532 0.147456
0.0426 0.147456
0.0479 0.147456
0.0544 0.147456
0.0767 0.147456
0.0428 0.145408
0.0487 0.147456
0.0496 0.147456
0.0501 0.147456
0.0433 0.147456
0.0425 0.147456
0.0456 0.147456
0.0494 0.147456
0.0463 0.147456
0.0472 0.146432
0.043 0.145408
0.0484 0.149504
0.042 0.149504
0.0466 0.152576
0.0418 0.151552
0.0496 0.152576
0.0667 0.152576
0.0597 0.151552
0.0437 0.151552
0.0454 0.151552
0.0418 0.146432
0.0634 0.144384
0.0504 0.145408
0.0741 0.145408
0.044 0.146432
0.0437 0.146432
0.0432 0.145408
0.0425 0.145408
0.0486 0.147456
0.0442 0.14848
0.0433 0.145408
0.0451 0.145408
0.0421 0.146432
0.0433 0.146432
0.042 0.14848
0.0469 0.14848
0.0763 0.149504
0.0439 0.149504
0.0434 0.14848
0.0433 0.14848
0.0505 0.147456
0.0752 0.147456
0.0452 0.147456
0.0431 0.147456
0.0441 0.147456
0.0451 0.147456
0.0433 0.147456
0.0426 0.146432
0.0423 0.146432
0.045 0.147456
0.0431 0.145408
0.0808 0.14848
0.076 0.147456
0.0554 0.149504
0.1019 0.149504
0.0591 0.149504
0.0435 0.149504
0.0421 0.149504
0.0417 0.149504
0.0431 0.149504
0.0433 0.145408
0.0434 0.145408
0.0421 0.145408
0.0451 0.147456
0.0426 0.147456
0.0684 0.147456
0.064 0.147456
0.0503 0.147456
0.0517 0.146432
0.0427 0.147456
0.0501 0.185344
0.058 0.186368
0.0439 0.186368
0.0424 0.186368
0.0433 0.186368
0.0428 0.186368
0.0416 0.186368
0.0444 0.186368
0.0516 0.186368
0.0437 0.186368
0.044 0.185344
0.0433 0.185344
0.043 0.186368
0.0429 0.185344
0.0436 0.186368
0.0446 0.186368
0.079 0.186368
0.0823 0.186368
0.0429 0.186368
0.0556 0.186368
0.044 0.186368
0.0455 0.186368
0.0774 0.186368
0.0432 0.186368
0.0438 0.187392
0.0612 0.186368
0.0472 0.186368
0.0858 0.185344
0.0496 0.186368
0.0423 0.186368
0.0443 0.186368
0.0451 0.186368
0.0434 0.185344
0.0428 0.185344
0.0422 0.186368
0.0433 0.185344
0.0432 0.186368
0.0424 0.185344
0.0437 0.186368
0.0497 0.186368
0.0476 0.186368
0.0457 0.186368
0.0633 0.185344
0.042 0.185344
0.0621 0.186368
0.0491 0.186368
0.0426 0.186368
0.043 0.186368
0.0433 0.186368
0.0421 0.186368
0.0495 0.185344
0.043 0.186368
0.0422 0.186368
0.0665 0.186368
0.0524 0.186368
0.0504 0.187392
0.0914 0.186368
0.0504 0.185344
0.0432 0.186368
0.0569 0.185344
0.0438 0.186368
0.0442 0.185344
0.0436 0.186368
0.0502 0.186368
0.0432 0.186368
0.0423 0.185344
0.0436 0.185344
0.0418 0.186368
0.0548 0.186368
0.0725 0.186368
0.0464 0.186368
0.0451 0.186368
0.0481 0.185344
0.044 0.186368
0.0435 0.185344
0.044 0.186368
0.0444 0.185344
0.054 0.185344
0.045 0.186368
0.0532 0.185344
0.0473 0.186368
0.1897 0.186368
0.0431 0.185344
0.0469 0.186368
0.0426 0.186368
0.0442 0.185344
0.0455 0.185344
0.0465 0.186368
0.0554 0.186368
0.0435 0.185344
0.0426 0.185344
0.0431 0.185344
0.0428 0.186368
0.0789 0.185344
0.0448 0.186368
0.0474 0.185344
0.043 0.185344
0.0427 0.185344
0.048 0.186368
0.0425 0.186368
0.0506 0.186368
0.0466 0.185344
0.0537 0.186368
0.0426 0.185344
0.0442 0.185344
0.0461 0.186368
0.0479 0.185344
0.0503 0.186368
0.0437 0.186368
0.0503 0.185344
0.043 0.185344
0.0431 0.186368
0.1467 0.185344
0.0427 0.186368
0.0436 0.186368
0.0437 0.186368
0.0806 0.186368
0.045 0.186368
0.0495 0.18432
0.0431 0.186368
0.043 0.186368
0.043 0.185344
0.0433 0.186368
0.0463 0.186368
0.0425 0.185344
0.0431 0.185344
0.0471 0.186368
0.0508 0.185344
0.0529 0.186368
0.0648 0.186368
0.05 0.186368
0.0429 0.185344
0.0463 0.186368
0.0432 0.186368
0.0815 0.186368
0.0449 0.186368
0.0424 0.186368
0.043 0.186368
0.0518 0.186368
0.0512 0.186368
0.047 0.186368
0.0569 0.186368
0.0818 0.186368
0.0475 0.186368
0.0419 0.186368
0.0422 0.186368
0.0429 0.186368
0.0483 0.185344
0.0476 0.185344
0.044 0.186368
0.045 0.186368
0.0423 0.186368
0.0672 0.186368
0.0431 0.186368
0.0439 0.185344
0.0453 0.185344
0.0579 0.186368
0.0432 0.186368
0.0434 0.186368
0.0541 0.186368
0.0473 0.186368
0.0458 0.185344
0.0484 0.186368
0.0437 0.186368
0.0435 0.186368
0.0472 0.185344
0.0763 0.186368
0.0546 0.186368
0.0516 0.185344
0.0492 0.185344
0.0425 0.186368
0.045 0.185344
0.0446 0.185344
0.0437 0.185344
0.0463 0.185344
0.0426 0.186368
0.0472 0.186368
0.045 0.185344
0.045 0.185344
0.0515 0.186368
0.0526 0.186368
0.0419 0.185344
0.0432 0.186368
0.0492 0.186368
0.0497 0.186368
0.043 0.186368
0.0498 0.186368
0.0609 0.185344
0.0428 0.186368
0.0526 0.185344
0.046 0.185344
0.0464 0.186368
0.0435 0.186368
0.0501 0.186368
0.0493 0.185344
0.0453 0.186368
0.0425 0.186368
0.0432 0.185344
0.0426 0.185344
0.0428 0.186368
0.0442 0.185344
0.0439 0.186368
0.0599 0.186368
0.158 0.186368
0.0436 0.185344
0.0521 0.185344
0.049 0.186368
0.0727 0.186368
0.0447 0.185344
0.0429 0.186368
0.0503 0.185344
0.0433 0.186368
0.0466 0.186368
0.0442 0.185344
0.0725 0.185344
0.0478 0.185344
0.0441 0.186368
0.043 0.185344
0.043 0.185344
0.0436 0.186368
0.0509 0.186368
0.0455 0.185344
0.0449 0.185344
0.043 0.186368
0.0454 0.186368
0.0444 0.186368
0.0435 0.186368
0.0529 0.186368
0.0506 0.186368
0.042 0.186368
0.0469 0.186368
0.0433 0.186368
0.0436 0.185344
0.0427 0.186368
0.0428 0.185344
0.0437 0.186368
0.0538 0.186368
0.0443 0.185344
0.0425 0.186368
0.0454 0.186368
0.0665 0.186368
0.0447 0.186368
0.0428 0.186368
0.0442 0.186368
0.0462 0.186368
0.0428 0.186368
0.0484 0.185344
0.0494 0.186368
0.0443 0.185344
0.055 0.185344
0.0436 0.185344
0.0454 0.186368
0.075 0.185344
0.053 0.186368
0.0426 0.186368
0.0525 0.185344
0.0439 0.185344
0.0733 0.186368
0.0486 0.185344
0.0436 0.186368
0.0735 0.186368
0.0421 0.186368
0.0466 0.186368
0.0454 0.186368
0.0434 0.186368
0.0413 0.185344
0.0444 0.186368
0.0835 0.185344
0.0652 0.185344
0.0435 0.186368
0.0544 0.186368
0.0439 0.186368
0.0438 0.186368
0.044 0.185344
0.0433 0.185344
0.0434 0.185344
0.0473 0.186368
0.0428 0.185344
0.0436 0.185344
0.0783 0.186368
0.0766 0.185344
0.0446 0.186368
0.0432 0.185344
0.0741 0.185344
0.0457 0.185344
0.0892 0.186368
0.0524 0.185344
0.0424 0.185344
0.0433 0.185344
0.0487 0.185344
0.0444 0.186368
0.0432 0.185344
0.0422 0.186368
0.0427 0.186368
0.0414 0.186368
0.0474 0.186368
0.0469 0.186368
0.0603 0.18432
0.0494 0.186368
0.0476 0.185344
0.0431 0.186368
0.0739 0.185344
0.0586 0.186368
0.0489 0.185344
0.0431 0.186368
0.0429 0.186368
0.0502 0.186368
0.0486 0.185344
0.0433 0.186368
0.0444 0.186368
0.043 0.185344
0.0445 0.186368
0.0459 0.185344
0.0671 0.186368
0.0425 0.185344
0.0455 0.185344
0.0501 0.185344
0.049 0.186368
0.044 0.185344
0.0431 0.186368
0.0518 0.185344
0.0449 0.186368
0.0441 0.186368
0.043 0.186368
0.0963 0.186368
0.043 0.186368
0.0495 0.186368
0.0448 0.18432
0.0511 0.186368
0.0522 0.185344
0.0452 0.185344
0.0511 0.185344
0.0542 0.185344
0.0495 0.185344
0.0478 0.185344
0.0487 0.185344
0.0425 0.186368
0.0449 0.186368
0.0782 0.185344
0.0433 0.186368
0.0421 0.186368
0.0558 0.18432
0.0489 0.185344
0.0479 0.186368
0.0431 0.185344
0.0467 0.186368
0.0479 0.186368
0.0469 0.18432
0.0428 0.185344
0.0621 0.186368
0.0428 0.186368
0.0475 0.185344
0.0422 0.186368
0.0442 0.185344
0.0426 0.186368
0.0696 0.185344
0.0424 0.186368
0.064 0.185344
0.0461 0.186368
0.048 0.186368
0.0476 0.186368
0.1119 0.186368
0.0695 0.18432
0.0437 0.185344
0.0514 0.186368
0.0434 0.186368
0.0426 0.185344
0.0456 0.185344
0.0429 0.186368
0.048 0.186368
0.0553 0.185344
0.0565 0.186368
0.0787 0.185344
0.0863 0.186368
0.058 0.185344
0.0676 0.186368
0.0643 0.186368
0.0477 0.185344
0.0474 0.186368
0.0421 0.185344
0.0434 0.185344
0.0416 0.185344
0.0611 0.186368
0.0433 0.185344
0.0463 0.185344
0.0458 0.185344
0.0425 0.185344
0.0634 0.185344
0.0421 0.186368
0.0436 0.186368
0.0713 0.185344
0.0547 0.186368
0.0424 0.186368
0.0476 0.186368
0.0567 0.185344
0.0691 0.186368
0.0436 0.186368
0.0425 0.185344
0.0431 0.186368
0.043 0.185344
0.076 0.186368
0.0438 0.185344
0.0436 0.186368
0.05 0.185344
0.0447 0.186368
0.0475 0.186368
0.0453 0.185344
0.0469 0.185344
0.0426 0.185344
0.0486 0.185344
0.0457 0.186368
0.0473 0.186368
0.0459 0.185344
0.0501 0.186368
0.0436 0.186368
0.0429 0.185344
0.0442 0.185344
0.0431 0.185344
0.0428 0.185344
0.0432 0.185344
0.0426 0.185344
0.0536 0.186368
0.074 0.185344
0.0603 0.186368
0.0498 0.186368
0.0713 0.185344
0.0435 0.186368
0.0431 0.186368
0.0434 0.185344
0.0436 0.186368
0.043 0.186368
0.0439 0.185344
0.0481 0.186368
0.0897 0.185344
0.0452 0.185344
0.059 0.185344
0.061 0.185344
0.0434 0.185344
0.0439 0.185344
0.0715 0.185344
0.0428 0.185344
0.0423 0.185344
0.0738 0.185344
0.0428 0.185344
0.0558 0.186368
0.0419 0.185344
0.047 0.185344
0.0711 0.185344
0.0599 0.185344
0.0426 0.185344
0.0449 0.185344
0.0452 0.185344
0.0456 0.185344
0.0421 0.186368
0.0499 0.185344
0.0437 0.186368
0.0559 0.186368
0.0565 0.186368
0.0435 0.186368
0.0619 0.185344
0.0452 0.186368
0.0495 0.185344
0.0689 0.186368
0.0425 0.186368
0.0721 0.185344
0.0436 0.185344
0.0432 0.185344
0.0671 0.186368
0.0716 0.186368
0.0439 0.186368
0.0523 0.185344
0.0428 0.185344
0.0728 0.186368
0.0702 0.186368
0.0532 0.185344
0.0511 0.185344
0.0441 0.185344
0.0431 0.185344
0.0444 0.186368
0.0449 0.186368
0.0505 0.185344
0.0624 0.185344
0.0487 0.186368
0.0798 0.186368
0.0473 0.185344
0.0685 0.185344
0.099 0.185344
0.0431 0.186368
0.0438 0.185344
0.0671 0.186368
0.0423 0.185344
0.0563 0.185344
0.0677 0.185344
0.0645 0.186368
0.0646 0.185344
0.0507 0.185344
0.081 0.186368
0.0544 0.185344
0.0681 0.186368
0.051 0.186368
0.0478 0.185344
0.0443 0.186368
0.0974 0.186368
0.0649 0.185344
0.0493 0.185344
0.0444 0.186368
0.0444 0.186368
0.044 0.186368
0.0432 0.185344
0.0524 0.185344
0.0806 0.186368
0.0431 0.186368
0.047 0.186368
0.0616 0.185344
0.0795 0.185344
0.0759 0.185344
0.054 0.186368
0.0529 0.185344
0.0443 0.186368
0.0435 0.185344
0.0828 0.185344
0.0513 0.186368
0.053 0.186368
0.0438 0.185344
0.0478 0.185344
0.0481 0.186368
0.0435 0.186368
0.0507 0.185344
0.0583 0.185344
0.0592 0.186368
0.0439 0.185344
0.0427 0.18432
0.064 0.185344
0.0567 0.185344
0.0588 0.186368
0.0533 0.186368
0.08 0.185344
0.0783 0.186368
0.0567 0.186368
0.0558 0.186368
0.0607 0.185344
0.0609 0.186368
0.0672 0.186368
0.0777 0.18432
0.0501 0.186368
0.0525 0.186368
0.0462 0.185344
0.0447 0.185344
0.0527 0.186368
0.0453 0.185344
0.0465 0.186368
0.0806 0.185344
0.0495 0.185344
0.0843 0.186368
0.0446 0.186368
0.0611 0.186368
0.0553 0.185344
0.0722 0.185344
0.0458 0.186368
0.0663 0.186368
0.058 0.186368
0.0538 0.186368
0.0944 0.186368
0.0631 0.185344
0.066 0.185344
0.0685 0.186368
0.066 0.186368
0.0695 0.186368
0.0474 0.186368
0.0456 0.186368
0.0595 0.186368
0.0582 0.186368
0.045 0.185344
0.0432 0.186368
0.0433 0.185344
