0.1061 2.91226
0.1098 2.88154
0.1279 2.91226
0.1562 2.88154
0.3554 3.07712
0.0786 2.80883
0.078 3.07712
0.079 2.80883
0.1065 3.07712
0.1248 2.80883
0.0725 3.65466
0.0735 2.80883
0.0844 3.36896
0.0818 3.59424
0.1532 3.35053
0.0885 3.12832
0.0845 3.44781
0.077 3.18669
0.0855 3.2
0.0809 2.89792
0.0787 3.18566
0.0796 2.97574
0.084 3.27066
0.0948 3.25222
0.0845 3.25734
0.1402 3.12525
0.1416 2.89178
0.0811 2.88358
0.1416 2.89382
0.1493 3.19283
0.0759 2.88563
0.1284 2.89382
0.1229 3.12115
0.1042 2.8928
0.0795 2.89485
0.0849 2.88461
0.1262 3.19488
0.0776 2.88666
0.1532 2.89075
0.1329 2.89485
0.0841 2.88563
0.1446 3.1191
0.0788 2.88666
0.0853 3.10682
0.0807 2.88051
0.1418 2.88973
0.0776 3.19795
0.0869 2.90099
0.1281 3.18669
0.0877 3.2
0.0806 2.88051
0.0844 2.8969
0.1196 3.19693
0.0832 2.89075
0.0822 3.13242
0.1426 3.11091
0.0809 3.13446
0.1303 3.20512
0.0767 3.2041
0.0808 3.12115
0.0846 2.89894
0.084 2.89485
0.1042 3.19795
0.0762 3.19795
0.0898 2.88461
0.1343 2.89792
0.1225 3.2041
0.0769 3.10374
0.1004 3.1273
0.1229 2.9399
0.0994 2.63987
0.0891 2.94195
0.0759 2.63782
0.0748 2.64397
0.0847 2.64294
0.076 2.64909
0.1319 2.95117
0.1151 2.94912
0.0922 2.62861
0.0814 2.42074
0.1413 2.4279
0.0891 2.55078
0.1174 2.43302
0.1325 2.42381
0.1032 2.4279
0.0813 2.56614
0.0816 2.70746
0.1456 2.43917
0.1281 2.39002
0.135 2.36646
0.0758 2.52416
0.0786 2.4105
0.1091 2.41562
0.0887 2.41869
0.1468 2.70029
0.1399 2.53338
0.1354 2.33779
0.0977 2.4023
0.1312 2.39411
0.1397 2.46989
0.1074 2.48525
0.0786 2.39821
0.0811 2.6921
0.1242 2.39206
0.079 2.66547
0.1156 2.53133
0.1247 2.39821
0.1246 2.39821
0.0778 2.39821
0.0802 2.65523
0.0811 2.38387
0.1415 2.37158
0.0755 2.39206
0.12 2.4023
0.0834 2.67059
0.078 2.40333
0.0811 2.40128
0.0855 2.68698
0.0758 2.39206
0.113 2.3511
0.1304 2.35008
0.0828 2.44838
0.0869 2.36954
0.0813 2.38592
0.0845 2.3767
0.0907 2.38592
0.1431 2.4105
0.0787 2.67162
0.1482 2.39718
0.1297 2.36339
0.0951 2.37773
0.1093 2.3849
0.0823 2.64806
0.0991 2.36646
0.0794 2.47706
0.0795 2.37158
0.1286 2.4791
0.1084 2.64397
0.0791 2.37056
0.1144 2.36237
0.0857 2.47398
0.1553 2.35213
0.1678 2.61939
0.1273 2.3552
0.1242 2.61018
0.1113 2.4064
0.1409 2.38899
0.1204 2.53133
0.1069 2.39309
0.1345 2.40128
0.0784 2.33165
0.1095 2.39309
0.083 2.39821
0.0774 2.51802
0.1055 2.39514
0.1657 2.67571
0.1421 2.66854
0.1053 2.67162
0.1525 2.50061
0.1067 2.37568
0.1174 2.40538
0.0953 2.39821
0.0828 2.39821
0.1359 2.40128
0.0847 2.39309
0.079 2.40128
0.1146 2.50163
0.1168 2.39514
0.0824 2.67674
0.0816 2.66138
0.0842 2.63782
0.0791 2.35418
0.1025 2.63578
0.0927 2.35827
0.0825 2.3552
0.1355 2.34906
0.1299 2.4873
0.0778 2.37875
0.0795 2.37773
0.122 2.37158
0.1362 2.48525
0.076 2.37773
0.1555 2.39923
0.1419 2.40538
0.0835 2.53235
0.0855 2.40845
0.1122 2.41562
0.094 2.40538
0.29 2.41664
0.0807 2.52109
0.0785 2.39206
0.0824 2.67366
0.1501 2.39206
0.0839 2.67571
0.0774 2.52006
0.0788 2.39206
0.1013 2.40333
0.1206 2.39821
0.0757 2.39411
0.1472 2.39616
0.077 2.35213
0.0796 2.46682
0.1254 2.64499
0.1239 2.37466
0.0738 2.36544
0.1275 2.65421
0.1038 2.4023
0.1573 2.52928
0.1132 2.41869
0.0856 2.40128
0.1372 2.64294
0.0818 2.65626
0.0801 2.36442
0.1394 2.47808
0.0758 2.37466
0.1384 2.36339
0.086 2.37261
0.0798 2.50573
0.1343 2.37056
0.1387 2.65523
0.1025 2.47603
0.1164 2.65421
0.1097 2.50266
0.0817 2.47808
0.0824 2.47706
0.131 2.65318
0.0942 2.65626
0.1472 2.36954
0.125 2.39206
0.0829 2.49651
0.0788 2.4064
0.0834 2.39104
0.1073 2.52109
0.0851 2.67469
0.079 2.51187
0.0871 2.67571
0.078 2.51494
0.1265 2.51085
0.083 2.39514
0.1219 2.39718
0.1143 2.34598
0.0769 2.47501
0.0856 2.35418
0.0808 2.6153
0.0801 2.35213
0.083 2.34598
0.0809 2.37568
0.0825 2.49651
0.1026 2.67059
0.0905 2.48525
0.1336 2.66035
0.0793 2.64704
0.1044 2.37466
0.0775 2.47194
0.0814 2.49754
0.0754 2.65216
0.0805 2.36646
0.079 2.3767
0.0821 2.3808
0.0765 2.37773
0.0853 2.34394
0.0812 2.51494
0.0844 2.3337
0.1496 2.4023
0.0771 2.39309
0.1321 2.38797
0.1205 2.39923
0.0846 2.39206
0.1451 2.5129
0.087 2.39309
0.0772 2.61939
0.0762 2.63475
0.0858 2.35418
0.0804 2.37056
0.0812 2.36134
0.0836 2.66547
0.0791 2.45453
0.0825 2.44838
0.083 2.59584
0.0834 2.57331
0.076 2.7136
0.0827 2.69722
0.0798 2.40947
0.0983 2.69312
0.0949 2.69107
0.0846 2.54669
0.0804 2.61939
0.0867 2.69107
0.1445 2.40333
0.0838 2.41459
0.1587 2.65114
0.0744 2.3767
0.0884 2.36032
0.0795 2.37568
0.0882 2.6624
0.131 2.49139
0.084 2.58867
0.0812 2.36851
0.1247 2.4791
0.1508 2.64397
0.0771 2.6368
0.1101 2.36339
0.0788 2.48627
0.0862 2.48218
0.0768 2.65011
0.0889 2.64909
0.0828 2.37875
0.0827 2.37056
0.0829 2.30707
0.0829 2.36749
0.12 2.37158
0.0825 2.4617
0.0966 2.45146
0.084 2.46374
0.0798 2.38592
0.0762 2.47091
0.0844 2.74022
0.0853 2.44224
0.0787 2.43917
0.0769 2.73818
0.0875 2.41869
0.0791 2.34291
0.0831 2.62963
0.1454 2.35008
0.0836 2.3593
0.1316 2.62963
0.1309 2.35315
0.0774 2.34394
0.0794 2.62349
0.0878 2.36646
0.0858 2.35725
0.0906 2.58867
0.085 2.41664
0.0838 2.41254
0.108 2.37773
0.0811 2.65318
0.0751 2.37363
0.0852 2.64909
0.0891 2.36954
0.0866 2.65933
0.1089 2.64806
0.0941 2.65626
0.079 2.37158
0.098 2.37363
0.0869 2.65523
0.0806 2.36749
0.0891 2.37261
0.0831 2.33165
0.1313 2.39616
0.0759 2.38899
0.0809 2.40128
0.0843 2.65626
0.1577 2.64806
0.144 2.47603
0.082 2.4832
0.0843 2.47194
0.0914 2.65114
0.0808 2.36851
0.1509 2.48218
0.0828 2.38592
0.0801 2.36749
0.1729 2.62042
0.0762 2.34803
0.0772 2.34598
0.0811 2.42483
0.1336 2.4279
0.1188 2.43098
0.1129 2.432
0.0889 2.42074
0.1478 2.53952
0.1394 2.42688
0.0862 2.62861
0.0839 2.44838
0.1392 2.33677
0.0996 2.3511
0.1404 2.34496
0.113 2.36339
0.1259 2.3767
0.0801 2.38899
0.0749 2.37875
0.105 2.64909
0.0845 2.62861
0.0786 2.35827
0.15 2.48218
0.083 2.37158
0.0815 2.37158
0.2121 2.66138
0.0764 2.37978
0.0783 2.37875
0.0873 2.47706
0.0839 2.37363
0.1114 2.45453
0.086 2.35213
0.0807 2.36134
0.0856 2.3552
0.0939 2.38899
0.0805 2.4064
0.0785 2.39821
0.1107 2.67878
0.1538 2.40128
0.0797 2.39923
0.0816 2.38285
0.0815 2.36646
0.0814 2.37773
0.0825 2.36442
0.1081 2.36954
0.0765 2.38694
0.0851 2.48422
0.0806 2.66854
0.1057 2.40333
0.0878 2.39309
0.1011 2.37056
0.0988 2.65728
0.1252 2.36646
0.0817 2.37773
0.0868 2.37568
0.086 2.37568
0.0823 2.37773
0.0822 2.48525
0.0853 2.36851
0.0806 2.47706
0.076 2.3808
0.1067 2.35622
0.0849 2.8928
0.1439 2.90509
0.0937 3.19181
0.1303 3.21126
0.0827 2.89075
0.0892 2.8928
0.0819 3.1191
0.0874 2.82214
0.0853 2.89178
0.0829 2.89997
0.0783 2.89894
0.0858 3.20307
0.1562 3.12115
0.084 2.81088
0.0804 3.12934
0.0819 3.20512
0.1242 3.21229
0.1489 2.90714
0.0756 2.89382
0.085 3.2041
0.1077 2.89178
0.0814 3.11296
0.0851 2.90509
0.0867 2.8928
0.1149 2.89178
0.0801 2.89587
0.0808 3.20717
0.0781 3.20717
0.0863 3.20614
0.0799 2.88563
0.0812 2.89075
0.0806 2.88563
0.097 3.1959
0.0883 3.21126
0.0818 3.19795
0.0831 3.19386
0.0944 2.89894
0.115 2.89792
0.0819 2.89587
0.083 2.88666
0.0817 2.88461
0.082 2.88051
0.0827 2.88973
0.0849 3.20717
0.0827 2.89485
0.0756 3.19693
0.0833 2.89382
0.1167 2.89178
0.0999 3.12934
0.0828 2.89075
0.1437 3.19386
0.0855 2.91635
0.0834 2.89485
0.0835 2.90202
0.0838 3.1191
0.0787 2.88973
0.0891 2.88256
0.0805 3.21536
0.0834 2.89178
0.0812 2.8887
0.0822 3.20205
0.0829 3.20102
0.0854 3.20307
0.0791 3.20102
0.0883 3.20307
0.0809 2.89075
0.0921 2.8928
0.0819 2.88768
0.0827 3.11501
0.0831 2.89178
0.0759 3.19898
0.0861 3.13139
0.0766 2.88973
0.0779 2.90406
0.0876 3.19386
0.0784 3.19898
0.0846 3.18874
0.0869 2.90099
0.0822 2.88461
0.0794 2.8928
0.1128 2.88666
0.0757 3.21126
0.0787 2.88358
0.0804 3.1191
0.1436 2.89997
0.1333 2.88768
0.0796 3.22867
0.1247 2.90509
0.1774 2.88358
0.0822 2.88563
0.0817 2.8928
0.0828 3.14266
0.0823 2.89792
0.0801 2.8928
0.076 3.2041
0.1021 2.89178
0.0771 2.88563
0.1313 3.2
0.1138 2.90099
0.1276 2.91226
0.0777 3.20307
0.0815 3.20512
0.1099 3.19078
0.0793 3.12422
0.0809 3.13549
0.0742 2.89178
0.0788 2.89997
0.0828 2.88768
0.0823 2.88768
0.0904 3.19488
0.1212 2.88973
0.1285 3.19283
0.0806 2.9225
0.0802 2.89382
0.1358 2.90611
0.1389 3.18669
0.0864 3.18566
0.0775 2.88358
0.0804 3.20307
0.0837 2.8928
0.08 3.19795
0.0805 3.20614
0.0827 2.88154
0.1107 3.20102
0.1405 3.19898
0.0821 3.19693
0.1335 3.11603
0.0922 3.2
0.0871 2.89075
0.0768 3.12525
0.083 3.18874
0.0859 2.89485
0.0783 3.20922
0.0822 3.20614
0.1602 3.19693
0.0771 2.8969
0.1445 2.89485
0.0805 2.91021
0.0862 2.89075
0.0753 3.2041
0.0852 2.89894
0.0765 2.88461
0.0759 2.89382
0.0766 2.88973
0.0781 2.88666
0.081 2.8928
0.0838 2.89485
0.0763 2.88051
0.077 3.12422
0.1021 2.90202
0.0807 3.20512
0.0787 2.88154
0.0785 3.19488
0.0828 3.12218
0.0801 2.88973
0.0836 2.88461
0.0793 3.19283
0.0769 3.19386
0.0755 2.89382
0.101 2.88563
0.1037 3.20614
0.0771 3.20205
0.0839 3.18874
0.0847 2.88973
0.0831 2.8887
0.0765 3.10477
0.0765 2.90099
0.0839 2.8928
0.0802 2.89587
0.0776 2.89382
0.0843 3.2041
0.1152 3.18976
0.0979 2.90611
0.0815 3.18054
0.0863 3.20922
0.0761 3.11808
0.0752 2.89382
0.0747 3.11398
0.0815 3.19488
0.0828 3.11091
0.0825 3.18976
0.1372 2.90202
0.0822 3.19181
0.1635 3.20205
0.074 3.20922
0.0802 3.12832
0.0875 2.87539
0.0864 2.8928
0.1153 2.89587
0.0791 2.90202
0.0858 2.89382
0.0881 3.18566
0.0812 3.19283
0.0822 3.06074
0.0841 2.90099
0.1416 2.8887
0.0894 2.88358
0.08 3.1273
0.0809 2.8887
0.0791 3.20205
0.1028 2.816
0.1436 3.1273
0.0813 2.88563
0.0805 2.88051
0.123 3.1191
0.0768 3.2
0.0756 2.88358
0.0967 2.89587
0.0788 3.18976
0.1404 3.10989
0.1322 2.89792
0.085 2.89587
0.0819 2.88973
0.0778 3.19488
0.109 3.14163
0.0837 3.18771
0.0927 2.8969
0.1304 3.19078
0.1345 3.11706
0.125 2.88461
0.0818 2.89894
0.086 2.8887
0.0811 2.88358
0.0757 3.19078
0.083 2.90509
0.0772 2.88358
0.0842 3.19898
0.0786 2.88051
0.0798 3.1959
0.0852 3.19181
0.0763 2.88461
0.1121 3.11706
0.1429 2.8969
0.0831 3.1191
0.0762 2.88256
0.0793 3.11398
0.106 2.89894
0.0765 3.2
0.0818 3.20922
0.0784 2.90202
0.0822 3.12832
0.0821 3.21024
0.0898 2.88358
0.0758 3.21229
0.0805 3.20512
0.1296 2.89587
0.1366 3.15494
0.1077 2.8928
0.1151 3.15085
0.0762 3.18669
0.0879 3.21024
0.0855 2.89382
0.0837 3.0464
0.0848 3.11501
0.0772 2.88666
0.0805 3.2
0.1337 2.89178
0.0856 2.8928
0.1295 2.88358
0.0764 2.89997
0.0813 2.89382
0.0752 3.13856
0.0835 2.88358
0.0856 3.20205
0.0798 2.88973
0.0914 2.88973
0.086 3.18976
0.0826 3.12934
0.0748 2.89075
0.0998 2.89178
0.0795 2.88768
0.0772 2.88973
0.0758 2.89178
0.0845 2.89792
0.0794 2.89587
0.0828 3.12832
0.0779 2.88973
0.086 2.90304
0.0826 2.89382
0.0794 3.13958
0.0819 3.13344
0.0816 2.89792
0.0753 3.22355
0.0819 3.20614
0.0827 2.91533
0.0755 2.88358
0.0871 2.88768
0.0819 3.13856
0.0823 2.89587
0.0813 3.12525
0.0829 2.87846
0.0817 2.89587
0.0824 3.19283
0.1304 3.19488
0.0749 2.88563
0.0876 2.88666
0.0816 2.89792
0.0798 2.89997
0.0769 3.11091
0.0846 2.89075
0.0822 3.1191
0.1059 2.89382
0.0951 2.89178
0.0884 3.12934
0.0823 2.89587
0.077 3.13037
0.0883 3.13037
0.1306 2.8928
0.1141 2.89894
0.0917 2.89997
0.1259 2.89997
0.0776 2.89178
0.0806 2.88563
0.0762 2.88051
0.1355 2.88051
0.0803 2.88666
0.0816 2.89792
0.0839 3.16416
0.0912 3.20819
0.0823 2.8928
0.139 2.90202
0.0759 2.89075
0.0756 2.89075
0.0864 3.20102
0.0774 3.19386
0.0927 2.89587
0.1224 2.89485
0.081 2.91021
0.083 2.88563
0.0836 2.89485
0.1273 3.1191
0.1077 2.8969
0.0782 3.13958
0.1508 3.1232
0.0889 2.8969
0.0839 2.89075
0.0755 3.21536
0.1275 3.19693
0.084 2.89382
0.0831 2.89997
0.0852 3.19488
0.0873 2.90406
0.0827 2.87949
0.0783 2.81907
0.083 3.20922
0.1004 2.89075
0.0805 3.13446
0.0857 3.19898
0.1367 3.1959
0.0757 2.8969
0.0852 2.88358
0.0805 3.19181
0.0821 3.20819
0.0813 2.89587
0.132 3.11194
0.076 2.88563
0.1297 2.89382
0.0754 3.12422
0.0813 2.82214
0.1475 2.88358
0.0748 2.90406
0.0814 2.8887
0.0758 3.13139
0.0941 3.21229
0.0843 2.90099
0.0827 2.89792
0.1 3.11091
0.0816 3.13958
0.0957 3.11706
0.0753 3.20614
0.0759 3.10886
0.084 2.88666
0.0765 3.20717
0.081 2.89997
0.0831 2.88973
0.0817 3.03923
0.0851 3.20307
0.0843 2.8887
0.0812 2.89792
0.0801 2.89075
0.0857 2.89178
0.0813 3.20102
0.0773 3.22048
0.078 2.89792
0.0927 2.87949
0.0781 2.8928
0.0786 2.88563
0.075 2.8969
0.0812 2.88154
0.0801 3.19283
0.0923 2.89178
0.0859 3.12422
0.0836 3.1191
0.1295 3.12525
0.1328 3.18874
0.0822 2.88666
0.0854 3.09965
0.1492 2.90611
0.0905 3.17952
0.0797 2.90816
0.0811 2.88051
0.0845 3.19488
0.083 3.2
0.0846 3.19795
0.0842 3.19898
0.1261 3.2
0.0769 2.90202
0.0846 2.88154
0.0808 2.8928
0.0811 3.1959
0.0839 2.88973
0.1259 2.8969
0.0778 2.80986
0.0767 2.89178
0.082 2.88666
0.0895 3.19693
0.0824 3.20614
0.1132 2.88666
0.0782 3.12525
0.1438 2.88358
0.0802 3.10579
0.076 2.89178
0.0803 2.8969
0.1495 2.88768
0.148 3.14368
0.0867 2.89075
0.0809 3.2041
0.0843 3.12013
0.0831 3.19386
0.0895 2.89178
0.1495 2.87744
0.1109 2.88461
0.0777 2.89587
0.0817 2.87949
0.0828 3.20205
0.0817 3.19283
0.0862 2.88051
0.0859 2.8887
0.0795 2.8887
0.0821 3.12934
0.0807 3.20614
0.0827 2.81395
0.0761 2.88973
0.0989 3.20102
0.1326 3.11194
0.0823 2.88973
0.0785 3.11603
0.0795 2.8969
0.0751 2.88154
0.0851 3.12218
0.1029 3.12627
0.0845 3.11194
0.0754 2.8887
0.1406 2.88256
0.0781 3.11808
0.0773 3.11398
0.079 3.19078
0.0849 2.89178
0.0832 2.88461
0.0805 2.90611
0.0771 3.2
0.0824 2.88256
0.0779 2.88154
0.0759 2.8887
0.0785 3.19795
0.0762 3.2
0.1211 3.13242
0.1105 2.89485
0.0789 2.88768
0.0751 2.89075
0.0824 2.8928
0.1273 3.19078
0.0812 2.8928
0.083 2.88666
0.0765 2.88666
0.0792 3.12525
0.0857 2.89178
0.0861 2.89178
0.0878 3.20102
0.079 3.2215
0.0854 2.88666
0.1266 3.12525
0.0833 2.88563
0.0897 3.10989
0.1406 2.81395
0.0772 3.2
0.0769 3.17747
0.0869 3.12525
0.0773 2.88666
0.0797 2.8969
0.0783 3.11808
0.136 2.88563
0.0805 2.89894
0.0772 2.88051
0.0826 3.2041
0.1401 3.11706
0.0804 3.13651
0.0793 2.88154
0.076 2.88358
0.0842 3.12115
0.118 2.89587
0.1488 2.88563
0.1244 3.22355
0.1523 3.11398
0.1003 2.88973
0.1194 2.90611
0.0784 2.88973
0.0799 2.8928
0.0802 2.8887
0.0771 3.19488
0.082 2.88358
0.0758 3.12627
0.0914 2.89178
0.079 2.90099
0.0805 3.19078
0.0774 3.18157
0.0807 2.87539
0.0878 2.89382
0.0822 3.1959
0.0864 2.8887
0.0897 3.12218
0.0806 3.20102
0.0813 2.88256
0.0836 3.19078
0.0827 2.89382
0.0757 3.19283
0.076 2.88973
0.0804 2.89382
0.0776 2.89178
0.0842 2.8928
0.0775 2.88666
0.0804 3.11194
0.0821 3.18464
0.0779 3.19283
0.0844 3.1273
0.1384 2.8887
0.1406 2.89894
0.0845 2.87846
0.0802 2.88973
0.0793 3.13856
0.0791 2.8887
0.0761 3.21024
0.0764 3.19078
0.0761 2.88768
0.0773 2.88461
0.0793 2.89485
0.0761 3.12422
0.0917 3.19693
0.079 2.90202
0.0753 3.13344
0.0758 2.88051
0.09 2.89178
0.1099 3.20205
0.0784 3.19898
0.0853 3.20102
0.0775 3.18362
0.0766 2.88973
0.0819 2.90714
0.0843 2.88666
0.0822 3.19488
0.0816 3.19386
0.0838 3.10784
0.0808 2.88973
0.0811 3.19795
0.0989 2.88358
0.1342 3.21331
0.0824 3.12422
0.0807 2.89997
0.0842 3.19181
0.083 3.20307
0.0834 3.18259
0.0819 3.2
0.0822 2.89792
0.0852 3.2041
0.0831 2.89997
0.0824 2.89382
0.0815 3.19693
0.2196 3.21024
0.1547 2.89485
0.0749 2.88154
0.1528 2.88973
0.0851 3.19795
0.0817 2.8887
0.0872 3.20512
0.0828 2.88973
0.0876 3.18566
0.0798 2.8887
0.0746 3.19795
0.0774 3.20922
0.0923 2.88973
0.1138 2.8928
0.0747 3.18669
0.0774 3.1232
0.0915 2.89075
0.0779 2.88051
0.0835 2.8887
0.0774 2.88563
0.0887 3.19078
0.0796 2.89075
0.0776 3.19795
0.0836 3.18259
