0.5188 1.96813
0.5792 1.96301
0.6103 1.96813
0.6409 1.96301
0.6588 2.02445
0.4061 1.96608
0.4018 2.02445
0.6068 1.96608
0.3489 2.02445
0.6558 1.96608
0.3529 1.98144
0.3456 1.96608
0.3599 2.08589
0.3888 1.71008
0.3977 1.9456
0.3829 2.048
0.3922 1.73568
0.3504 1.71213
0.3505 1.72237
0.359 1.9497
0.3539 1.72134
0.355 1.9968
0.3717 1.72954
0.346 2.03776
0.371 1.72749
0.7113 2.0224
0.6993 1.9671
0.3584 1.98656
0.815 1.95686
0.7216 1.71315
0.3596 1.99066
0.7457 1.95789
0.3709 2.03571
0.3459 1.93434
0.5425 1.98861
0.3606 1.97222
0.6588 1.7111
0.3656 1.97837
0.7882 1.96813
0.7283 1.96096
0.342 1.96813
0.7247 2.0224
0.3421 1.96608
0.3567 2.02445
0.3599 1.95379
0.7236 1.96403
0.3485 1.70701
0.3617 1.95891
0.6912 1.71622
0.3452 1.72237
0.3488 1.96301
0.3844 1.98451
0.5544 1.71827
0.3656 1.96915
0.3535 2.02752
0.7439 2.0224
0.6773 2.00806
0.6686 1.72032
0.366 1.71315
0.355 2.0224
0.3644 1.9712
0.359 1.97734
0.5335 1.72339
0.3454 1.7111
0.3473 1.9671
0.581 1.95482
0.6011 1.71827
0.3483 2.01114
0.4832 1.55238
0.8638 1.44998
0.482 1.664
0.3612 1.48992
0.3576 1.63942
0.3524 1.64454
0.4356 1.64659
0.3515 1.64659
0.5603 1.47661
0.5405 1.47354
0.3764 1.43155
0.6329 1.32608
0.5556 1.33222
0.345 1.46227
0.7767 1.34451
0.5118 1.32403
0.5126 1.34861
0.3578 1.47866
0.6366 1.1991
0.7243 1.3312
0.6744 1.27078
0.6383 1.31891
0.3477 1.4633
0.3463 1.30253
0.4937 1.30355
0.4532 1.32506
0.7586 1.18989
0.5658 1.46842
0.6147 1.33837
0.5854 1.3312
0.6366 1.30253
0.7087 1.44384
0.371 1.44896
0.3658 1.31584
0.3425 1.18374
0.4046 1.28922
0.3411 1.18477
0.5312 1.45715
0.6601 1.30662
0.6303 1.29946
0.3465 1.3312
0.351 1.17453
0.3658 1.29229
0.675 1.31379
0.3457 1.30048
0.3492 1.31584
0.3428 1.18477
0.3544 1.32096
0.3658 1.31686
0.4186 1.18989
0.3533 1.29434
0.4423 1.32506
0.6152 1.29843
0.3519 1.47251
0.3741 1.29843
0.3794 1.30253
0.3467 1.29434
0.3462 1.31789
0.4964 1.31891
0.3453 1.18989
0.7306 1.30662
0.7216 1.30662
0.5087 1.30458
0.5167 1.28102
0.3544 1.17453
0.3622 1.3015
0.3913 1.45818
0.3601 1.30355
0.5232 1.48582
0.5851 1.1735
0.378 1.29331
0.5089 1.27488
0.4404 1.44077
0.3609 1.29843
0.6866 1.19603
0.6672 1.29638
0.5334 1.18682
0.5719 1.31891
0.6233 1.29946
0.788 1.45203
0.6071 1.3097
0.5261 1.31174
0.3389 1.29638
0.4162 1.31379
0.3711 1.30765
0.3562 1.45818
0.478 1.32608
0.8355 1.18067
0.869 1.18579
0.4585 1.18989
0.7979 1.4551
0.5032 1.30765
0.5046 1.32608
0.4899 1.29536
0.3579 1.33018
0.6424 1.32813
0.4059 1.30867
0.3493 1.29638
0.5208 1.4633
0.5521 1.30253
0.3831 1.18682
0.3633 1.16531
0.4696 1.16736
0.3429 1.28205
0.5316 1.16634
0.3554 1.29741
0.352 1.32506
0.5797 1.27078
0.583 1.44998
0.3518 1.28819
0.3513 1.30253
0.5691 1.3015
0.8249 1.4551
0.3543 1.29843
0.766 1.32198
0.7114 1.31482
0.3564 1.46227
0.3654 1.3056
0.687 1.32301
0.568 1.31994
0.87 1.33325
0.3798 1.45408
0.3973 1.30867
0.558 1.18682
0.4324 1.3015
0.3603 1.18272
0.4012 1.45408
0.3523 1.29843
0.3557 1.31686
0.4815 1.30355
0.3478 1.3015
0.7306 1.29434
0.349 1.32608
0.3505 1.46842
0.6505 1.17555
0.5426 1.3097
0.6087 1.27898
0.7185 1.17965
0.8371 1.30355
0.4823 1.44486
0.5187 1.32813
0.4121 1.30253
0.725 1.17146
0.377 1.17862
0.3487 1.32608
0.7283 1.47866
0.4015 1.29946
0.4183 1.30662
0.3852 1.3015
0.3695 1.44077
0.3908 1.30355
0.8451 1.17453
0.5151 1.44896
0.6539 1.17248
0.5798 1.47763
0.3505 1.45306
0.3633 1.44589
0.5046 1.17658
0.4948 1.1735
0.6656 1.30765
0.5679 1.27898
0.372 1.45613
0.3521 1.30048
0.3538 1.3056
0.5688 1.45101
0.3472 1.18579
0.3538 1.45306
0.3564 1.18682
0.3538 1.4592
0.6284 1.45306
0.346 1.32096
0.3521 1.31174
0.5375 1.31891
0.3459 1.47251
0.3814 1.29024
0.3675 1.19808
0.3459 1.31789
0.3443 1.32096
0.3582 1.3015
0.4602 1.45306
0.3635 1.16531
0.3628 1.44077
0.5122 1.17043
0.347 1.17453
0.3797 1.30867
0.3507 1.45408
0.409 1.47558
0.3682 1.17555
0.3393 1.29126
0.3491 1.29638
0.3485 1.29536
0.4049 1.29331
0.3525 1.33222
0.3452 1.46125
0.3982 1.32301
0.7343 1.30048
0.3558 1.30253
0.5808 1.30355
0.6846 1.30458
0.348 1.31994
0.7505 1.45715
0.4005 1.31891
0.3404 1.19603
0.3421 1.16326
0.3695 1.30048
0.344 1.29536
0.3402 1.30355
0.3542 1.17043
0.3613 1.36704
0.3478 1.35475
0.3513 1.4807
0.334 1.48992
0.3553 1.18989
0.3489 1.18784
0.3451 1.30355
0.3445 1.17965
0.3605 1.18374
0.3395 1.47251
0.3509 1.19603
0.4347 1.19091
0.7673 1.29331
0.3576 1.31994
0.7272 1.1735
0.3552 1.30253
0.38 1.28922
0.3567 1.28614
0.3581 1.1735
0.5732 1.44486
0.3597 1.17248
0.3829 1.29331
0.6378 1.45101
0.7656 1.17453
0.4309 1.17146
0.4127 1.29229
0.3867 1.45613
0.3491 1.47558
0.3699 1.1735
0.356 1.17453
0.3504 1.28
0.3516 1.30867
0.3552 1.29126
0.3648 1.28614
0.6848 1.29741
0.3688 1.38445
0.3501 1.37728
0.3516 1.37523
0.4183 1.40288
0.3459 1.37216
0.3421 1.22675
0.3889 1.33632
0.345 1.34349
0.3589 1.22266
0.3511 1.27078
0.3463 1.32403
0.3516 1.19706
0.7242 1.3097
0.3378 1.31789
0.78 1.16019
0.7047 1.31789
0.3412 1.3271
0.3456 1.19091
0.3551 1.29229
0.3703 1.31072
0.3629 1.17862
0.3586 1.45306
0.3444 1.44077
0.5718 1.29843
0.3853 1.16838
0.346 1.29946
0.3512 1.1735
0.4712 1.29126
0.3526 1.1735
0.3709 1.17248
0.4148 1.1776
0.4226 1.29126
0.3505 1.30048
0.4331 1.17453
0.3737 1.28717
0.3498 1.3015
0.3889 1.31789
0.641 1.31789
0.3457 1.32198
0.4367 1.27488
0.3464 1.17453
0.8677 1.17965
0.7198 1.44998
0.3355 1.48173
0.345 1.4633
0.4391 1.17555
0.353 1.29434
0.7747 1.47763
0.356 1.29638
0.3354 1.2759
0.8197 1.19398
0.4684 1.30765
0.3477 1.33018
0.3522 1.32198
0.6419 1.34042
0.6191 1.32915
0.3457 1.32506
0.3513 1.3097
0.7617 1.46739
0.738 1.33632
0.4219 1.18784
0.3423 1.47046
0.7037 1.28819
0.3883 1.2841
0.7574 1.29434
0.5692 1.3015
0.591 1.29331
0.3454 1.30048
0.3533 1.28717
0.3558 1.16736
0.3703 1.20013
0.4032 1.30765
0.7278 1.44179
0.3607 1.28307
0.3417 1.3097
0.4905 1.16736
0.3402 1.30662
0.3905 1.29126
0.3808 1.47251
0.3485 1.28819
0.3517 1.48685
0.4271 1.31686
0.3452 1.29741
0.3524 1.29331
0.3418 1.29229
0.3426 1.31379
0.3435 1.29229
0.7447 1.18272
0.5336 1.3015
0.3874 1.30765
0.3508 1.29536
0.3962 1.3056
0.3491 1.31379
0.3454 1.29434
0.3512 1.29126
0.3437 1.29229
0.3665 1.46227
0.3413 1.17965
0.4557 1.31072
0.4046 1.32096
0.3901 1.29434
0.3532 1.18067
0.3974 1.29638
0.358 1.30048
0.4027 1.28512
0.3565 1.3015
0.3427 1.29536
0.3487 1.44794
0.3564 1.31584
0.353 1.48378
0.3394 1.30662
0.3948 1.68755
0.4325 1.97325
0.7378 1.97427
0.568 1.71418
0.7011 1.71418
0.3529 1.95277
0.3996 1.96608
0.3568 2.01011
0.4021 1.98861
0.3535 1.96915
0.3434 1.98554
0.3738 1.95174
0.3997 1.70598
0.7678 2.01626
0.3551 1.98963
0.3661 2.01114
0.342 1.72237
0.3521 1.70906
0.7431 1.9753
0.3426 1.95482
0.3545 1.71725
0.4032 1.97939
0.3575 2.0265
0.3534 1.95891
0.4337 1.97325
0.6166 1.97018
0.4123 1.97018
0.3624 1.71827
0.3549 1.7152
0.3663 1.70906
0.3444 1.95891
0.34 1.98349
0.3669 1.97939
0.5702 1.71725
0.3592 1.73056
0.3699 1.71418
0.3491 1.72134
0.4423 1.95994
0.5983 1.95686
0.4231 1.97018
0.341 1.98451
0.3374 1.98144
0.3679 1.96915
0.352 1.99066
0.3482 1.7152
0.3655 1.9456
0.368 1.71315
0.3442 1.95994
0.3621 1.95072
0.3632 2.00704
0.3456 1.9712
0.6388 1.71418
0.3454 1.97734
0.356 1.95482
0.3554 1.95482
0.3436 2.01728
0.342 1.95891
0.353 1.95686
0.3344 1.71418
0.3515 1.95994
0.3481 1.94458
0.3411 1.71213
0.3432 1.70496
0.4201 1.71315
0.3536 1.70394
0.3453 1.72134
0.4017 1.99066
0.6523 1.97939
0.3451 1.95584
0.3524 2.01728
0.3446 1.98451
0.3488 1.71418
0.3531 2.02138
0.3441 1.96915
0.3567 1.96096
0.4316 1.7193
0.3472 1.70803
0.3684 1.71725
0.3514 1.96198
0.3346 1.93741
0.3656 1.96403
0.4752 1.96813
0.3465 1.71827
0.3461 1.96506
0.3511 2.01523
0.7621 1.95686
0.6192 1.9671
0.3894 1.71008
0.6681 1.9671
0.3514 1.95994
0.3823 1.95174
0.3455 1.96403
0.3458 2.02035
0.3758 1.95891
0.3501 1.97018
0.3815 1.72339
0.4674 1.95891
0.4146 1.97222
0.649 1.70803
0.6063 1.98042
0.5319 1.9671
0.3806 1.71418
0.3537 1.71213
0.3437 1.70598
0.3483 2.01216
0.3421 2.00806
0.346 1.97222
0.3679 1.9753
0.3446 1.98042
0.3438 1.95994
0.9911 1.70598
0.6844 1.95584
0.6599 1.71315
0.3643 1.97632
0.3962 1.95994
0.5763 1.9968
0.6484 1.72442
0.406 1.71725
0.3379 1.94662
0.3476 1.7152
0.354 1.95072
0.3501 1.7152
0.3479 1.71213
0.4285 1.96301
0.3997 1.7193
0.6693 1.7111
0.3679 1.70394
0.7716 2.02342
0.4379 1.70598
0.3523 1.95584
0.3395 2.02342
0.3453 1.70803
0.4115 1.97222
0.3384 1.71418
0.3433 1.73056
0.7282 1.71008
0.3413 1.97939
0.7245 1.94662
0.3519 1.97632
0.3418 1.94048
0.3563 1.72646
0.3735 1.95994
0.3441 1.93126
0.3684 1.95891
0.3472 1.95379
0.3459 1.96506
0.4297 1.96608
0.3524 1.95379
0.345 1.9456
0.3435 2.00499
0.3479 1.98042
0.3501 1.71315
0.3659 1.95379
0.3482 1.7193
0.3411 2.01216
0.3445 1.96198
0.3779 1.98042
0.3381 1.70291
0.3829 1.7111
0.3439 1.96301
0.3837 1.93741
0.3567 1.72749
0.3782 1.7152
0.3441 1.71008
0.3439 1.96096
0.427 1.95994
0.3419 2.02445
0.3499 1.95584
0.3881 1.96403
0.3402 1.96198
0.3421 1.96198
0.3808 1.71725
0.5396 1.69984
0.3927 1.98042
0.3525 1.72339
0.3623 1.7111
0.3452 2.01114
0.3472 1.97018
0.3531 2.00704
0.3736 1.7111
0.3474 2.0183
0.3446 1.70803
0.716 1.96301
0.3507 1.70496
0.7119 1.71315
0.3415 1.71418
0.3547 2.01114
0.3481 1.96506
0.3595 1.96096
0.6279 1.95686
0.3617 1.95891
0.3407 1.97018
0.3754 1.69882
0.3656 1.70496
0.3689 2.02138
0.7106 1.96506
0.7236 1.95789
0.4039 1.96403
0.354 2.00602
0.3442 1.96506
0.3988 1.70598
0.3525 1.98042
0.7284 2.00602
0.3422 1.96915
0.4043 1.96198
0.6582 2.01216
0.3512 1.71827
0.3792 1.94458
0.3527 1.9671
0.3699 1.71622
0.6793 1.70598
0.6691 1.95277
0.3516 1.9671
0.3671 1.94253
0.36 1.71213
0.3475 2.02547
0.3451 1.7111
0.3628 1.98656
0.5925 1.72134
0.7539 2.01626
0.6441 1.9671
0.3483 1.96813
0.3468 1.98656
0.3693 1.97427
0.3514 1.71008
0.3362 1.97018
0.3529 1.92922
0.344 1.71622
0.3577 1.9456
0.3511 1.70701
0.3442 1.70906
0.4826 1.93946
0.3595 2.02138
0.6272 1.99168
0.4555 2.03469
0.3448 1.96813
0.3409 2.01216
0.4226 1.96301
0.3497 1.71725
0.3427 1.72032
0.3499 1.98042
0.3517 2.03878
0.3427 1.71622
0.3443 1.95789
0.3714 1.71622
0.3461 1.71315
0.4502 1.9671
0.5795 2.05005
0.6914 1.96915
0.5194 2.02445
0.3434 1.7111
0.3804 1.72646
0.3434 1.96915
0.3424 2.03571
0.3466 2.02035
0.3818 1.98042
0.3405 1.7152
0.6111 1.95686
0.4364 1.95174
0.6857 1.97222
0.3492 1.97632
0.4542 1.97325
0.3619 2.02957
0.3414 1.95072
0.3873 1.72339
0.3591 1.9497
0.387 1.97427
0.3683 1.7193
0.3756 2.02854
0.3589 1.95174
0.344 1.98042
0.3432 1.95072
0.3851 1.95891
0.3515 1.95891
0.3405 1.95994
0.3409 1.9712
0.3468 2.02547
0.3463 1.97018
0.4566 1.98042
0.3745 1.96403
0.3448 2.02138
0.3395 2.02752
0.3502 1.95174
0.3509 1.73158
0.348 1.71418
0.3877 1.97734
0.3583 1.95277
0.3371 1.96301
0.3408 2.02957
0.3488 1.98144
0.368 2.02138
0.3479 1.96096
0.3471 1.96813
0.3505 1.72954
0.6762 1.70906
0.3387 1.96403
0.3486 1.98042
0.3424 1.94765
0.3456 1.9927
0.3388 2.01216
0.3677 1.9671
0.3486 2.00397
0.358 1.95686
0.3529 1.99373
0.3664 2.03059
0.3452 1.98861
0.3355 2.02138
0.607 2.03264
0.7051 1.9753
0.4768 1.98246
0.3495 1.98451
0.7653 1.9927
0.3506 1.95379
0.3786 1.96198
0.3407 1.95174
0.6654 1.9671
0.3665 1.94355
0.3641 1.96608
0.3547 2.03674
0.3837 1.72646
0.4784 1.93946
0.7365 1.96506
0.3367 1.95072
0.3409 1.94048
0.3448 1.71008
0.3588 1.71418
0.3736 1.93946
0.6809 1.97837
0.3432 1.99066
0.3632 1.9753
0.3439 1.96608
0.6679 2.02445
0.5108 1.98963
0.3597 2.03469
0.7182 2.02035
0.3597 1.96403
0.3615 1.97734
0.3411 1.73056
0.5828 1.71418
0.3568 1.9753
0.3634 1.97632
0.347 1.72032
0.3513 1.97325
0.3485 1.95789
0.3406 1.96608
0.3698 1.70906
0.3671 1.97427
0.3427 2.00602
0.3449 1.71725
0.6305 1.7111
0.3524 1.96403
0.3428 1.95072
0.341 1.71418
0.3962 1.72442
0.3417 1.96915
0.7129 2.01933
0.3449 1.95174
0.6512 1.95277
0.3429 2.01216
0.3479 1.9671
0.9632 1.95379
0.3446 1.97222
0.3441 1.94355
0.3445 2.01318
0.6431 1.7152
0.35 1.95891
0.4103 1.95584
0.3573 2.02752
0.3787 2.03469
0.4356 2.0183
0.3511 1.72032
0.3469 2.02035
0.3483 1.96403
0.3466 1.70803
0.4118 1.96813
0.3399 1.95072
0.3423 2.01626
0.3526 1.71008
0.3421 1.99885
0.3546 1.95891
0.3425 1.95379
0.3424 1.98861
0.3479 1.71622
0.3497 1.72134
0.3682 1.97734
0.3631 1.96198
0.3632 1.95277
0.3432 1.96301
0.3433 1.99066
0.3446 1.96301
0.3386 1.71008
0.3799 1.95584
0.3678 2.01626
0.361 1.71213
0.7773 2.04902
0.755 1.72646
0.3947 1.9712
0.344 2.01523
0.9047 1.98758
0.3428 1.71725
0.3461 1.99168
0.3447 1.95686
0.3391 1.71008
0.3464 1.71827
0.3684 1.71315
0.4117 1.71008
0.6474 1.71008
0.3471 1.98963
0.351 1.95789
0.342 1.95891
0.348 1.71315
0.3674 1.96813
0.6149 1.95277
0.3407 1.97632
0.3593 1.95174
0.3555 1.98349
0.347 1.71418
0.398 1.71418
0.5345 1.95174
0.3453 2.01421
0.5409 1.97222
0.3479 2.01421
0.3416 1.96096
0.3486 1.94253
0.6329 1.96403
0.7604 2.04083
0.3448 1.97734
0.3424 1.70906
0.3676 2.0009
0.3485 1.7152
0.3595 1.95994
0.6509 1.95482
0.546 1.95686
0.3493 1.98963
0.3468 1.94048
0.3722 1.70906
0.3475 1.70189
0.3456 1.94662
0.3539 1.96506
0.3405 1.97632
0.3488 2.00192
0.3659 1.71827
0.4106 1.96096
0.3514 1.95277
0.3399 1.71315
0.6759 2.0224
0.343 1.96608
0.3362 2.00294
0.3416 1.94048
0.3953 1.95891
0.3977 2.01933
0.6732 2.01933
0.4093 2.02547
0.339 1.97325
0.7214 1.94867
0.357 2.02342
0.3651 2.0265
0.3678 1.70701
0.3956 1.95584
0.3506 1.98861
0.3674 1.95482
0.3409 1.71725
0.4139 1.96096
0.3514 1.98246
0.3469 1.95686
0.4144 1.72134
0.3629 1.71725
0.5543 2.01421
0.5996 1.95072
0.3536 1.95891
0.3662 1.96608
0.3498 1.94867
0.6747 1.7111
0.3758 1.99168
0.3564 1.97018
0.3459 1.95072
0.3425 2.02138
0.3516 1.97427
0.3693 1.95379
0.357 1.70496
0.3847 1.71622
0.3396 1.96198
0.6745 2.01523
0.3641 1.95482
0.3668 2.0183
0.7209 1.97222
0.3563 1.7193
0.3396 1.71622
0.384 2.02138
0.3469 1.98144
0.3725 1.96301
0.4563 2.00602
0.6157 1.95379
0.3909 1.9497
0.3606 1.97018
0.3396 1.71008
0.7063 2.01626
0.3445 2.02957
0.3751 1.95994
0.347 1.97427
0.3436 2.01011
0.6201 1.97939
0.6079 1.95584
0.5855 1.71418
0.9224 2.03059
0.3741 1.96301
0.5794 1.96403
0.3458 1.95686
0.3517 1.94253
0.342 1.97632
0.3465 1.70803
0.3379 1.97427
0.3409 2.02035
0.3405 1.95379
0.3764 1.96608
0.382 1.71008
0.3446 1.72134
0.4386 1.95482
0.5101 1.95686
0.3964 1.70701
0.3792 1.97018
0.3734 2.01523
0.3459 1.71418
0.3805 1.9497
0.3498 1.71725
0.3519 1.94355
0.3406 1.71725
0.3441 1.95277
0.3534 1.95482
0.3404 1.96096
0.3725 1.96403
0.3605 1.95686
0.3736 2.01216
0.3505 1.71213
0.3394 1.71725
0.3466 2.01011
0.7462 1.9927
0.7201 1.98451
0.3429 1.9671
0.3356 1.98042
0.3462 2.03162
0.4136 1.94867
0.3488 1.72442
0.3469 1.71008
0.379 1.9712
0.3632 1.9671
0.3402 1.9927
0.3446 2.00704
0.3506 1.71622
0.3468 1.97632
0.3479 2.01523
0.3616 1.97837
0.3924 1.9753
0.536 1.7152
0.356 1.71315
0.3422 1.70496
0.3509 1.70803
0.3501 1.97325
0.3402 1.99168
0.368 1.95174
0.3486 1.71213
0.3444 1.71008
0.3461 2.01011
0.3462 1.98554
0.4329 1.72954
0.8638 1.96506
0.6816 1.7111
0.363 2.02547
0.3483 1.97632
0.3424 1.70701
0.3447 1.70291
0.3455 1.69882
0.3451 1.70803
0.345 1.96096
0.3422 1.71725
0.3386 1.98758
0.345 1.9497
0.3686 1.72134
0.5757 1.71622
0.9996 1.98144
0.3362 1.95789
0.7864 1.94253
0.3514 1.71725
0.3404 1.97018
0.3454 1.7193
0.3889 1.96915
0.3407 1.69984
0.3393 1.95584
0.343 1.70701
0.3833 1.70803
0.3814 1.95174
0.3431 1.95994
0.3475 1.71213
0.3611 2.01011
0.3485 1.95379
0.3742 1.97734
0.3719 1.95584
0.3517 1.93434
0.3441 1.72442
0.3438 1.95072
0.3447 1.7152
0.3421 1.71008
