3.8151 0
4.4258 0
1.0765 0
1.0563 0
1.0418 0
1.1356 0
1.1043 0
1.1476 6.56282
1.1503 6.55872
1.153 6.44506
1.0959 6.70822
1.0582 6.50854
1.0649 6.5065
2.1673 6.54234
1.037 6.40922
1.0719 6.36109
1.0575 6.37952
1.1071 6.47168
1.1771 6.4727
1.5072 6.46144
1.0374 6.64781
1.0896 6.62835
1.063 6.36314
1.0504 6.4768
1.0904 6.47373
2.1382 6.4512
1.0998 6.40512
1.1276 6.32115
1.1127 6.4512
1.863 6.43482
1.2662 6.58125
1.0929 6.42355
1.0684 6.36723
1.057 6.42458
1.0763 6.41229
1.1056 6.40512
1.3428 6.60275
1.0436 6.41843
1.2016 6.41638
1.0828 6.61504
1.112 6.40717
1.253 6.4297
1.9354 6.33446
1.2387 6.43584
1.7669 6.60275
1.8742 6.58637
1.102 6.58022
1.068 6.39181
1.0297 6.40614
2.1185 6.41946
1.0488 6.41024
1.2538 6.41331
1.0453 6.30989
1.0722 6.4512
1.6203 6.47782
1.2829 6.4727
1.1555 6.5833
1.0889 6.31398
1.0938 6.40717
1.053 6.58125
1.0531 6.5833
1.053 6.39898
1.0866 6.3017
1.0491 6.44608
1.0883 6.4215
1.0718 6.31398
1.1252 6.30784
1.0952 6.58432
1.0965 6.61094
1.1153 6.32013
1.2583 6.43994
1.0437 6.4215
1.1419 6.41331
1.1317 6.4041
1.8394 6.43994
1.1466 6.59763
1.4992 6.36211
1.0893 6.32218
1.0629 6.42867
1.2048 6.42662
1.1262 6.5833
1.123 6.41434
2.1307 6.40819
1.0824 6.3529
1.13 6.65702
1.3674 6.46349
1.0861 6.528
1.0602 6.37952
1.1077 6.656
1.0572 6.49933
1.0806 6.48909
1.6746 6.6775
1.7565 6.38874
1.0612 6.48909
1.0539 6.47066
2.0905 6.48192
1.1157 6.43072
1.0571 6.42867
1.7074 6.32218
1.0941 6.59661
1.0941 6.39898
1.0565 6.41331
2.1879 6.43072
1.7141 6.42662
1.8042 6.43686
1.1325 6.32013
1.0917 6.42355
1.0756 6.6048
1.0808 6.32832
1.6267 6.2976
1.0809 6.42458
1.1005 6.58022
1.07 6.39488
1.0602 6.51878
1.2841 6.41638
1.9925 6.53312
1.0919 6.35085
1.2953 6.43174
1.1242 6.4256
1.7675 6.4297
1.0734 6.42765
1.0824 6.41434
1.0865 6.5751
1.2786 6.42867
1.1504 6.45427
1.0688 6.49318
1.7587 6.4768
1.0945 6.48499
1.1861 6.46554
1.0859 6.36314
1.8752 6.64474
1.0447 6.46554
1.904 6.39078
1.121 6.64576
1.1083 6.51981
1.068 6.63245
1.0561 6.36723
1.0639 6.4727
1.0843 6.46246
1.1469 6.48806
1.0929 6.45222
1.086 6.49626
1.2223 6.64269
1.0782 6.46758
1.0469 6.62323
1.117 6.46554
1.1757 6.40922
1.1097 6.28736
1.1391 6.39283
1.0735 6.38566
1.1319 6.39898
2.1332 6.56589
1.8989 6.55872
2.0477 6.64474
1.0792 6.49728
1.0705 6.64474
1.0477 6.3447
1.7287 6.44813
1.1276 6.47066
1.0694 6.35597
2.2316 6.46861
1.4615 6.48397
2.3218 6.45837
1.7979 6.63859
1.489 6.59763
1.047 6.49216
1.044 6.60582
1.074 6.43482
1.1159 6.4297
1.1858 6.4256
1.3942 6.43686
1.2128 6.43277
1.1574 6.58227
3.0293 6.32013
1.3829 6.59866
2.2017 6.42765
2.5638 6.51469
1.2776 6.7031
1.9698 6.40307
1.1585 6.528
1.2103 6.5495
1.1184 6.52595
1.7838 6.5239
1.1014 6.55053
1.0969 6.51981
1.1022 6.52288
1.0809 6.70413
1.3032 6.41126
2.1537 6.32115
1.308 6.38054
1.2051 6.43584
1.0673 6.41229
1.2224 6.58842
1.4536 6.41843
1.1321 6.34266
1.0715 6.44506
1.0353 6.41946
1.1569 6.40307
1.094 6.4041
1.0748 6.3959
1.0643 6.43584
1.7824 6.40614
1.1545 6.53107
1.1931 6.54234
1.0588 6.5495
1.1622 6.53619
1.0714 6.56486
1.5004 6.4297
1.0913 6.44813
2.1673 6.43277
2.1127 6.31603
1.8749 6.41126
1.7565 6.58022
1.1889 6.39283
1.5012 6.61504
1.0767 6.35085
2.3539 6.47578
1.1165 6.31296
1.7522 6.33037
2.1426 6.43994
2.4899 6.46144
1.7919 6.62221
2.0032 6.50547
1.1461 6.49523
1.7422 6.6519
1.3994 6.50547
1.0984 6.51776
1.1057 6.31603
1.1188 6.43482
1.103 6.52288
1.1347 6.50752
1.4729 6.52493
1.8398 6.67443
1.0517 6.40205
1.1748 6.5239
1.7286 6.4983
1.5011 6.51366
1.7893 6.59149
1.4582 6.58739
1.1689 6.39386
1.1258 6.41946
1.086 6.42662
1.3798 6.46451
1.165 6.49011
1.0957 6.6304
1.1166 6.62016
1.0959 6.62528
1.2314 6.30784
1.1627 6.57613
1.0689 6.58944
1.6712 6.32525
1.5403 6.40614
2.0343 6.48704
1.1191 6.62118
1.2596 6.65088
1.0641 6.38976
1.0519 6.38157
1.05 6.6345
1.2459 6.32115
2.146 6.62118
1.0579 6.40717
1.0858 6.4215
2.1614 6.62528
1.8762 6.51981
1.0678 6.63757
1.1301 6.49318
1.0487 6.63654
1.0566 6.47475
1.0588 6.41638
1.0895 6.41126
1.0695 6.30886
1.0448 6.46144
1.0405 6.4727
2.1823 6.36621
1.8149 6.36416
1.0553 6.46554
1.1502 6.48499
1.0848 6.58125
1.0872 6.32627
1.0929 6.43994
2.2215 6.59251
1.0504 6.31194
1.0909 6.42765
1.0603 6.60378
1.1027 6.31194
1.7368 6.40102
1.1273 6.41741
1.0452 6.30067
1.0948 6.4215
1.0847 6.32013
1.0888 6.44403
1.0505 6.51059
1.0634 6.4768
1.0516 6.48192
1.0477 6.37747
1.7919 6.36826
1.1426 6.49523
1.0432 6.48192
1.2203 6.42048
1.128 6.3232
1.0786 6.59661
1.1201 6.42458
1.0512 6.60582
1.0649 6.43379
1.0609 6.4215
1.0283 6.41741
1.0543 6.42662
1.1085 6.31398
1.0865 6.3191
2.3204 6.56998
1.4457 6.31706
1.162 6.3191
1.0343 6.47987
1.0502 6.63654
1.0864 6.46554
1.1316 6.49011
2.1555 6.46656
1.0711 6.36416
1.1055 6.59251
1.0575 6.59763
1.0977 6.41843
1.0401 6.42253
1.4249 6.43277
1.0729 6.42867
1.0439 6.63245
1.0944 6.36006
1.339 6.36826
1.1807 6.63245
1.0388 6.2423
1.0928 6.41946
1.0554 6.4297
1.0677 6.35802
1.0443 6.528
1.0613 6.48397
1.2196 6.53005
1.8016 6.53107
1.3944 6.55053
1.0665 6.54541
1.1307 6.47475
1.0458 6.40717
1.0908 6.31398
1.0899 6.43379
1.8312 6.32013
1.0719 6.36928
1.1747 6.46861
1.0859 6.47475
2.1426 6.48806
1.2204 6.44915
1.1844 6.37133
1.0715 6.31706
2.197 6.40819
1.1814 6.58432
1.0692 6.42662
1.069 6.58637
1.0811 6.3191
1.0764 6.56691
1.141 6.32422
1.0617 6.43072
1.0521 6.44403
1.6656 6.41741
1.6888 6.43891
2.1808 6.60992
1.0443 6.42253
1.116 6.44506
1.06 6.45939
1.1031 6.36518
2.1723 6.45939
1.1118 6.63245
1.0567 6.6089
2.1704 6.42662
1.2417 6.44096
1.2217 6.29658
1.0411 6.43277
1.0961 6.4215
1.1302 6.43072
1.0569 6.30989
1.3707 6.42765
1.1261 6.43277
2.1661 6.32218
1.0473 6.28326
1.0595 6.57715
1.042 6.42765
1.1327 6.42662
1.0523 6.41741
1.0535 6.58432
1.2756 6.43789
1.2094 6.32525
1.1506 6.40922
1.1425 6.31603
1.126 6.39795
1.0849 6.64064
1.1119 6.4727
1.3596 6.53824
1.1245 6.53312
1.052 6.45734
2.099 6.53824
1.6998 6.43584
1.127 6.6857
1.1619 6.54234
1.0481 6.30989
1.2321 6.39693
1.1614 6.41434
1.141 6.37747
1.058 6.39693
1.1703 6.58637
1.0422 6.28019
1.039 6.41434
1.2859 6.30067
1.1244 6.3191
1.0833 6.28326
1.1689 6.28531
1.0723 6.41536
1.0706 6.4297
1.0484 6.46349
1.3013 6.49421
2.1898 6.6519
1.1928 6.47782
1.0655 6.46963
1.0425 6.41741
1.1763 6.31603
2.2673 6.43379
1.0395 6.41331
1.0386 6.41434
1.1453 6.3017
1.073 6.45018
1.0601 6.42662
1.0783 6.41126
1.0917 6.6007
1.0748 6.41536
1.1151 6.39386
2.1915 6.32422
2.0612 6.58022
1.5544 6.36314
1.687 6.49626
1.7488 6.64166
1.0383 6.47578
1.06 6.45427
1.0488 6.35802
1.1648 6.50342
1.0615 6.42048
1.0477 6.56384
1.0418 6.40205
1.0913 6.59456
1.0575 6.44608
1.1895 6.31296
1.5769 6.4512
1.5877 6.4215
1.135 6.59866
1.0598 6.43994
1.1079 6.95296
1.1393 7.68922
1.1262 7.66669
1.0519 7.87456
1.0872 7.87763
1.0774 7.65133
1.0512 7.65235
1.0811 7.8848
1.4002 7.90221
1.1015 7.90733
1.0889 7.7824
1.0826 7.65235
1.0396 7.67181
1.1481 7.65952
1.0918 7.89709
1.2361 7.94419
2.171 7.64416
1.8867 7.87558
1.0544 7.89709
1.2564 7.89709
1.1301 7.69229
1.4623 7.90016
2.0876 7.6585
1.0649 7.89504
1.1044 7.96467
1.1273 7.96467
1.0571 7.92474
2.428 7.89094
1.1176 7.63904
1.1053 7.6585
1.2076 7.6329
1.0911 7.70662
1.0886 7.62982
1.0553 7.88173
1.1243 7.83258
1.0628 7.86842
1.0916 7.98618
1.0488 7.9401
1.0766 7.66054
1.5097 7.90426
1.0708 7.90016
1.1866 7.65338
1.1328 7.66566
1.0329 7.85715
1.8078 7.88378
1.5699 7.936
1.2289 7.86637
1.3711 7.95136
1.0835 7.88992
1.0821 7.92166
1.0742 7.95546
1.0881 7.65338
1.0843 7.94214
1.9839 7.95034
1.0961 7.65338
1.0559 7.90426
2.5714 7.87251
1.0664 7.63494
1.1864 7.65952
1.7476 7.85613
1.1299 7.8889
1.1362 7.9063
1.0894 7.82131
1.0878 7.936
1.0901 7.85818
1.0379 7.89504
1.05 7.96979
1.073 7.67283
1.853 7.66566
1.9573 7.87354
1.2607 7.92371
1.1308 7.91347
1.1527 7.87558
1.1405 7.88582
1.1399 7.85408
1.1101 7.6585
1.195 7.88173
1.1757 7.88275
1.2347 7.65645
1.0671 7.66771
1.2455 7.62266
2.084 7.88787
1.1349 7.64723
1.0838 7.6759
1.1069 7.90733
1.0713 7.8807
1.0672 7.87149
1.1756 7.65645
1.4515 7.95546
1.0481 7.63699
1.0743 7.95546
1.0884 7.9145
1.0458 7.88378
2.208 7.99437
1.441 7.88787
1.7562 7.85613
1.0964 7.92986
1.0689 7.89299
1.0686 7.88787
1.0814 7.87149
1.0658 7.6247
1.1185 7.98413
1.1211 7.64006
1.1634 7.87149
1.1156 7.84077
1.5354 7.95443
1.2456 7.87354
1.1489 7.94624
1.0418 7.63494
1.0727 7.6544
1.0478 7.8592
1.044 7.86022
1.2121 7.65542
1.1267 7.87456
1.1664 7.91142
1.0973 7.87558
2.164 7.90835
1.0956 7.93293
1.0535 7.65645
1.0974 7.87456
1.0851 7.9145
1.2662 7.66157
1.047 7.65235
1.0347 7.90938
1.087 7.95648
1.0861 7.91142
1.0479 7.95034
1.2157 7.64621
1.1102 7.86432
1.7464 7.86125
1.2 7.89606
1.1151 7.96672
1.0511 7.86432
1.148 7.86637
2.1568 7.8295
1.1222 7.9145
1.0639 7.66362
1.1193 7.95853
1.1265 7.90938
1.089 7.90528
1.0629 7.64621
1.2807 7.6544
2.1895 7.66464
1.123 7.87046
1.0429 7.97389
1.044 7.87149
1.0664 7.64006
1.0637 7.95546
1.0368 7.88582
1.091 7.66669
1.1444 7.86944
1.0429 7.65235
2.0417 7.89709
1.2142 7.65645
1.0909 7.94829
1.1665 7.8889
1.0617 7.92474
1.0606 7.88173
1.1016 7.65235
1.1406 7.86944
1.062 7.66669
1.2549 7.66157
1.1119 7.91962
1.0505 7.6544
1.0496 7.6073
1.311 7.94726
2.1126 7.64518
1.4752 7.66669
1.3305 7.93702
1.1193 7.87558
1.0965 7.89299
1.236 7.93498
1.1498 7.89299
1.0826 7.64518
1.048 7.67693
1.0523 7.66771
1.1132 7.85715
1.3583 7.88787
1.3059 7.87661
1.179 7.88582
1.1002 7.87763
1.0995 7.87558
1.0881 7.88685
1.1119 7.92883
1.0874 7.89197
1.0853 7.92269
1.0422 7.62368
1.0689 7.90938
1.0836 7.8592
1.1912 7.65542
1.639 7.6503
1.1841 7.8121
1.0957 7.91962
1.0777 7.91859
1.0723 7.63904
1.288 7.95034
1.048 7.88378
1.032 7.8807
1.046 7.63904
1.0604 7.87968
1.0804 7.65542
1.0498 7.91552
1.9462 7.8633
2.4137 7.64826
1.0407 7.9616
1.0966 7.87763
1.133 7.90221
1.7477 7.87558
1.0981 7.67795
1.0409 7.9063
1.155 7.62266
1.0877 7.93805
1.0429 7.95853
1.0646 7.90733
2.1117 7.85715
1.0742 7.87968
1.0603 7.86637
1.0665 7.63494
1.0737 7.88275
1.0632 7.86125
1.2397 7.94829
1.3477 7.66874
1.07 7.85203
1.1168 7.90323
1.1073 7.86432
1.208 7.95341
1.0406 7.6503
1.169 7.92371
1.117 7.88173
1.0837 7.87558
1.108 7.63904
1.1084 7.86227
1.0716 7.9063
1.1517 7.93702
1.1085 7.88685
1.1058 7.89402
1.1742 7.87558
1.0832 7.89606
1.0448 7.8848
1.1848 7.9063
1.7434 7.66259
1.0772 7.89402
1.0799 7.8848
1.0783 7.66976
1.0815 7.88582
1.0623 7.64621
1.0607 7.86739
1.0581 7.96672
1.161 7.8848
1.2351 7.88378
1.1059 7.93805
1.2058 7.6288
1.8321 7.65235
1.1232 7.86022
1.2 7.66566
1.1018 7.87251
1.048 7.66259
2.1124 7.66669
1.091 7.86534
1.0753 7.8889
2.1049 7.936
1.0397 7.89914
1.1543 7.63392
1.1445 7.88275
1.0602 7.64109
1.0444 7.92883
1.1357 7.6288
2.2288 7.6503
1.7796 7.63392
1.0505 7.93293
1.4738 7.83155
1.0776 7.66259
1.0495 7.97082
1.1194 7.89709
1.063 7.86227
1.0578 7.90118
1.066 7.8336
1.0459 7.6288
1.0714 7.64211
1.6216 7.64109
2.095 7.86227
1.0669 7.84486
1.0732 7.87251
2.1105 7.8848
1.1119 7.82541
2.2924 7.89299
1.0667 7.85306
1.0336 7.84282
1.0565 7.6247
1.1079 7.86534
1.0827 7.86432
1.0631 7.66566
1.0712 7.97594
1.0608 7.87661
1.0349 7.87251
1.0618 7.94419
1.2717 7.85408
1.0924 7.87354
1.0966 7.65645
1.0524 7.63699
1.0863 7.9319
2.1798 7.6288
1.5331 7.87661
1.0713 7.86842
1.0668 7.63699
1.0331 7.94419
1.5771 7.8889
1.1542 7.89402
1.1099 7.94624
1.0847 7.62061
1.078 7.65235
1.0612 7.91245
1.2837 7.84384
1.8719 7.63904
1.0565 7.87558
1.0632 7.89709
1.1118 7.93498
1.0874 7.90221
1.0851 7.8592
1.0818 7.88582
1.0999 7.88173
1.0857 7.93805
1.135 7.63904
1.0555 7.86125
2.0777 7.90221
1.1397 7.90323
1.1925 7.89811
1.0917 7.62573
1.306 7.65952
1.519 7.87354
1.2924 7.94726
1.1364 7.91552
1.0831 7.6503
1.0852 7.65235
1.125 7.62573
1.1036 7.6329
1.0541 7.83565
1.1545 7.90016
1.9488 7.87968
1.095 7.92781
1.1101 7.89094
1.1139 7.89197
1.0693 7.87968
1.07 7.8848
1.0931 7.86125
1.0571 7.65235
1.0622 7.65747
1.072 7.64826
1.0374 7.66362
1.612 7.87251
1.0671 7.8551
1.0685 7.87763
1.0512 7.92064
1.0801 7.89504
1.093 7.85101
1.804 7.89197
1.0634 7.87558
1.1084 7.86022
1.1062 7.86842
1.0494 7.83667
1.0718 7.93805
1.8396 7.87354
1.7554 7.95443
1.1929 7.66054
1.0544 7.87763
1.1001 7.66259
1.0906 7.64723
1.0824 7.64109
1.0402 7.8551
1.2209 7.65747
1.1327 7.88275
1.1096 7.60832
2.1513 7.79571
2.1285 7.64109
1.6028 7.86842
1.0817 7.85715
2.1424 7.91245
1.0473 7.93498
1.0646 7.65747
1.0549 7.86739
1.0941 7.62061
1.0408 7.88173
1.1374 7.88173
1.0825 7.90938
1.0658 7.86125
1.6147 7.88275
1.109 7.87456
1.8813 7.88275
1.1009 7.8889
1.0918 7.92576
1.7829 7.65338
1.2767 7.86534
1.0631 7.89094
1.0605 7.6503
1.5229 7.66566
1.883 7.84794
1.0689 7.87968
1.1786 7.88378
1.0444 7.86432
1.0632 7.64928
2.119 7.93907
1.1108 7.8633
1.102 7.86022
1.1728 7.91142
1.271 7.8807
1.3188 7.87968
1.2084 7.62368
1.1058 7.66771
1.0476 7.94317
1.1406 7.63802
1.1952 7.64314
1.2504 7.63802
1.1105 7.9145
1.1247 7.6503
1.1535 7.89606
1.0994 7.66362
1.0734 7.90426
1.0658 7.92986
1.0623 7.86739
1.0898 7.8551
1.0563 7.92166
1.1271 7.9063
2.2074 7.93805
1.7295 7.93395
1.0967 7.89811
2.1801 7.6329
1.0841 7.8807
1.0879 7.92474
1.077 7.65542
1.1048 7.64314
1.1025 7.62368
1.1811 7.88685
1.1421 7.95034
2.2102 7.63392
1.1152 7.93702
1.4335 7.9063
1.9113 7.65235
1.0753 7.86022
1.211 7.87661
1.6839 7.8633
1.117 7.63494
1.0647 7.87866
1.9068 7.90733
1.0531 7.6288
1.1012 7.90016
1.0742 7.95034
1.2 7.63904
2.2557 7.86842
1.2138 7.86739
1.06 7.91654
1.1174 7.64621
1.1133 7.84794
1.1068 7.88378
1.0489 7.94624
1.0962 7.85818
1.1049 7.85408
1.6146 7.6329
1.1027 7.85818
1.0853 7.65133
1.4314 7.87661
1.1991 7.90426
1.5933 7.8807
1.5385 7.86842
1.0367 7.62368
1.5155 7.64006
1.2141 7.62982
1.13 7.86842
2.1997 7.63187
2.1519 7.85818
1.1747 7.87149
1.1471 7.81619
1.1188 7.91962
1.6064 7.8848
1.4577 7.84794
1.5432 7.95443
1.0916 7.92781
1.0715 7.85715
1.159 7.87046
1.1757 7.83667
1.1187 7.9575
1.1093 7.87456
1.6326 7.95034
1.1526 7.63494
1.761 7.97286
1.1215 7.88173
1.8339 7.86125
2.426 7.89197
1.227 7.92269
1.1217 7.90323
1.9166 7.86227
1.0828 7.87354
1.5552 7.94112
1.3384 7.88992
1.4293 7.87968
2.0137 7.90835
1.1246 7.85613
2.1648 7.95853
1.0617 7.8807
1.8144 7.86227
1.1372 7.8848
1.0737 7.87149
1.0726 7.65133
2.262 7.87558
1.4966 7.64006
1.0963 7.67898
1.0757 7.63699
1.0621 7.89402
1.0944 7.64006
1.0863 7.64826
2.0741 7.85101
2.0539 7.64723
1.2368 7.66874
1.1639 7.64826
1.862 7.64416
2.1307 7.93395
2.1327 7.87866
1.0942 7.87763
1.4872 7.63494
1.0755 7.91245
1.1534 7.65133
2.4075 7.62778
1.3682 7.95443
1.508 7.87456
1.3543 7.64928
1.1238 7.91757
1.3018 7.90426
1.1383 7.936
1.0905 7.93088
1.5337 7.87354
1.5586 7.64109
1.155 7.92371
1.0549 7.87968
1.5326 7.88378
1.5939 7.89504
1.5274 7.94214
1.0847 7.66157
2.2741 7.91142
2.2536 7.86534
1.5323 7.95546
1.547 7.87866
1.541 7.89402
1.7351 7.94112
1.9076 7.88787
2.1234 7.94112
1.1195 7.88275
1.56 7.63597
1.2685 7.94419
1.0878 7.64109
1.4926 7.64416
1.1129 7.88173
1.1016 7.9145
2.1748 7.86227
1.1397 7.6503
2.2751 7.64518
1.1509 7.6544
1.7599 7.936
1.6524 7.94726
2.156 7.8807
1.0507 7.64826
1.8588 7.89094
1.4683 7.91757
1.4958 7.87251
2.5831 7.89299
1.631 7.85408
1.8293 7.93498
1.5158 7.91962
1.4283 7.86227
1.9421 7.92166
1.218 7.91142
1.1734 7.90016
1.9316 7.90938
1.7244 7.90733
1.1544 7.89197
1.0995 7.89299
1.2462 7.91245
