0.3206 1.59232
0.3192 1.60563
0.4261 1.59232
0.3973 1.60563
0.8308 1.59027
0.2539 1.52269
0.2097 1.59027
0.442 1.52269
0.2433 1.59027
0.4654 1.52269
0.3849 1.2841
0.1965 1.52269
0.2628 1.5872
0.273 1.41722
0.5438 1.64045
0.2784 1.68038
0.2895 1.5401
0.2521 1.38035
0.2582 1.37216
0.3453 1.57184
0.2745 1.3783
0.2468 1.58822
0.2775 1.37523
0.3266 1.67424
0.2388 1.37216
0.4536 1.68858
0.4883 1.60358
0.2698 1.60154
0.4785 1.59232
0.4875 1.37318
0.2518 1.60973
0.4503 1.60461
0.2829 1.69062
0.2454 1.59846
0.2494 1.59334
0.388 1.60973
0.4295 1.37523
0.2558 1.60973
0.5367 1.56979
0.4541 1.60154
0.267 1.58618
0.4661 1.68653
0.2711 1.60256
0.3106 1.68346
0.2741 1.59846
0.4589 1.61178
0.2697 1.37318
0.2886 1.55955
0.4292 1.37626
0.244 1.37523
0.301 1.58413
0.2427 1.59744
0.3577 1.38138
0.2817 1.60461
0.2452 1.68141
0.476 1.68346
0.2869 1.68755
0.482 1.3783
0.2487 1.38138
0.3106 1.68141
0.2483 1.59539
0.2586 1.5872
0.3429 1.38138
0.2529 1.3783
0.2351 1.59846
0.4181 1.60256
0.4048 1.37318
0.2489 1.68448
0.3125 1.3783
0.4115 1.33837
0.3294 1.49197
0.2861 1.34861
0.2569 1.50426
0.2434 1.47456
0.3757 1.49094
0.249 1.48992
0.4651 1.33734
0.3539 1.35168
0.2532 1.47149
0.2475 1.42234
0.529 1.40493
0.2346 1.57184
0.4014 1.4039
0.4648 1.40902
0.334 1.42029
0.2541 1.57286
0.3705 1.29331
0.4867 1.41005
0.4293 1.40902
0.4463 1.37933
0.2359 1.5872
0.2722 1.40186
0.3519 1.40493
0.3806 1.4039
0.5354 1.30048
0.4715 1.58208
0.4324 1.42336
0.3118 1.41517
0.4304 1.41926
0.4628 1.56877
0.2594 1.56058
0.3287 1.40186
0.2486 1.28819
0.3461 1.38445
0.3028 1.3015
0.3505 1.56672
0.4538 1.41619
0.368 1.39469
0.2517 1.40288
0.2368 1.28
0.3182 1.38445
0.4569 1.3865
0.2424 1.41005
0.3636 1.41619
0.245 1.28922
0.2619 1.38547
0.2543 1.40902
0.2949 1.28922
0.2481 1.38854
0.3309 1.37728
0.4346 1.38445
0.2551 1.5575
0.2555 1.38752
0.2377 1.37933
0.2341 1.39571
0.2811 1.40083
0.4768 1.39674
0.2621 1.30458
0.5189 1.40902
0.4122 1.41005
0.4073 1.37216
0.3591 1.39981
0.2696 1.28512
0.2522 1.3783
0.2522 1.56467
0.2489 1.37933
0.4615 1.55648
0.3279 1.29434
0.2545 1.39469
0.344 1.37523
0.3639 1.55955
0.4006 1.37626
0.338 1.27181
0.4524 1.38957
0.4477 1.33427
0.3661 1.41619
0.4262 1.41414
0.3973 1.56774
0.3675 1.38957
0.427 1.39571
0.2512 1.41722
0.3639 1.40186
0.2383 1.40698
0.2568 1.5831
0.3548 1.41824
0.5483 1.29126
0.4736 1.30662
0.3108 1.30253
0.3347 1.5657
0.3157 1.38854
0.3659 1.40083
0.3303 1.41722
0.2549 1.38957
0.4386 1.39366
0.2466 1.40083
0.2422 1.39776
0.3742 1.58413
0.3587 1.39366
0.2571 1.29024
0.2357 1.29126
0.409 1.27693
0.2509 1.39776
0.3436 1.28512
0.2938 1.37523
0.2461 1.38138
0.4376 1.39674
0.4363 1.56467
0.258 1.39674
0.3217 1.38342
0.365 1.3865
0.4571 1.54624
0.264 1.39776
0.4101 1.39981
0.4597 1.40698
0.2438 1.57184
0.3063 1.41005
0.3638 1.41619
0.3143 1.39264
0.4336 1.4121
0.2901 1.57389
0.3009 1.39878
0.2601 1.30355
0.5112 1.41619
0.2509 1.29024
0.2527 1.57901
0.2439 1.39366
0.2669 1.39981
0.353 1.39981
0.2391 1.39059
0.459 1.39264
0.3038 1.37011
0.2315 1.55443
0.4298 1.28102
0.3867 1.3824
0.2437 1.37933
0.4294 1.28205
0.3849 1.42234
0.5144 1.55955
0.3448 1.40493
0.2509 1.41312
0.4515 1.28205
0.2559 1.28205
0.2521 1.38445
0.4762 1.56058
0.2404 1.38752
0.4081 1.38035
0.2773 1.3783
0.2361 1.55955
0.384 1.3824
1.6205 1.28922
0.338 1.56979
0.3705 1.29024
0.3737 1.56058
0.2475 1.56877
0.3081 1.57082
0.434 1.28512
0.3499 1.28
0.4475 1.39674
0.3732 1.39264
0.2357 1.56365
0.2751 1.42746
0.255 1.4121
0.2418 1.57184
0.2908 1.29536
0.2403 1.56774
0.2511 1.29536
0.2396 1.56672
0.4413 1.57184
0.2568 1.39981
0.2494 1.40083
0.3626 1.37114
0.2657 1.54317
0.3911 1.40288
0.2378 1.2841
0.231 1.37523
0.3396 1.3865
0.2548 1.39264
0.2339 1.5575
0.2924 1.29024
0.2576 1.57491
0.4289 1.29638
0.2633 1.28307
0.3592 1.40493
0.2496 1.55648
0.2618 1.55443
0.237 1.29536
0.2534 1.39469
0.2586 1.38445
0.2514 1.4039
0.2473 1.38854
0.3067 1.3783
0.2299 1.56877
0.2364 1.42234
0.524 1.39469
0.2536 1.40288
0.4654 1.408
0.4028 1.40493
0.2619 1.4121
0.4676 1.5872
0.2368 1.41517
0.2333 1.27795
0.2663 1.28717
0.2564 1.37523
0.2364 1.37728
0.2482 1.40083
0.2788 1.28819
0.2446 1.42848
0.2379 1.42029
0.3188 1.56467
0.2443 1.58106
0.2563 1.29229
0.2471 1.3015
0.2505 1.39878
0.3277 1.29741
0.2739 1.3056
0.2394 1.5657
0.2563 1.3312
0.2523 1.29843
0.4753 1.39366
0.24 1.41619
0.51 1.30048
0.2429 1.3865
0.263 1.39571
0.2797 1.39469
0.2746 1.28512
0.4479 1.56672
0.2388 1.32403
0.26 1.3865
0.3952 1.5657
0.3456 1.29126
0.2445 1.28102
0.2981 1.38138
0.2518 1.56058
0.236 1.56365
0.232 1.28614
0.2639 1.28307
0.2773 1.38957
0.2358 1.38035
0.2694 1.39469
0.2346 1.39469
0.3929 1.39981
0.2406 1.41517
0.2863 1.42541
0.2429 1.42746
0.2506 1.44486
0.2394 1.41005
0.2521 1.29024
0.2422 1.41107
0.2343 1.41926
0.2439 1.29843
0.263 1.4121
0.2299 1.38035
0.2448 1.27898
0.5176 1.39264
0.237 1.38854
0.4389 1.27898
0.4478 1.3824
0.2679 1.37933
0.2331 1.28205
0.2829 1.37523
0.2763 1.3783
0.2849 1.32403
0.2292 1.62099
0.2464 1.60051
0.3661 1.38854
0.263 1.29024
0.2412 1.38035
0.2885 1.28102
0.2845 1.39878
0.2802 1.28102
0.2876 1.28205
0.2428 1.28922
0.2523 1.39162
0.2379 1.3824
0.2403 1.28307
0.2638 1.38957
0.25 1.38854
0.2345 1.41312
0.4296 1.40186
0.2468 1.40698
0.2709 1.40083
0.2387 1.28307
0.3788 1.27898
0.5162 1.57491
0.2544 1.55648
0.2303 1.56058
0.258 1.28205
0.2654 1.38445
0.4716 1.55955
0.2404 1.39162
0.2329 1.39776
0.551 1.28
0.2444 1.38342
0.2549 1.38035
0.2362 1.40698
0.4534 1.41414
0.3806 1.40698
0.2377 1.41517
0.3717 1.40288
0.482 1.56979
0.4538 1.42643
0.244 1.28205
0.2572 1.5657
0.389 1.39264
0.242 1.38138
0.4598 1.39674
0.4061 1.39162
0.3807 1.37216
0.2456 1.38035
0.2466 1.38547
0.2898 1.28717
0.2963 1.27693
0.2514 1.37011
0.5248 1.55853
0.2403 1.37421
0.2367 1.39162
0.4346 1.2841
0.2724 1.37728
0.2354 1.38138
0.244 1.56262
0.2554 1.4039
0.2613 1.55238
0.233 1.37011
0.2414 1.38957
0.2834 1.39264
0.4553 1.37318
0.2353 1.40493
0.2722 1.39162
0.2946 1.29536
0.4481 1.40186
0.247 1.40493
0.2411 1.38957
0.2611 1.39264
0.2361 1.38957
0.2395 1.44589
0.2439 1.38854
0.2596 1.3824
0.2764 1.55955
0.2825 1.29434
0.3146 1.3824
0.2666 1.41517
0.421 1.39674
0.3974 1.28205
0.2916 1.38445
0.2354 1.37523
0.2427 1.39366
0.2566 1.37523
0.2541 1.39264
0.237 1.56467
0.235 1.38035
0.2371 1.55648
0.264 1.3865
0.2393 1.37216
0.264 1.61485
0.4592 1.6169
0.2582 1.37933
0.4375 1.37523
0.2353 1.59334
0.2609 1.60461
0.233 1.68448
0.2544 1.59846
0.2378 1.60051
0.2523 1.59949
0.2278 1.60973
0.2826 1.3783
0.4807 1.69062
0.2755 1.61587
0.2551 1.6855
0.2329 1.37523
0.2401 1.37933
0.4804 1.59437
0.2315 1.6087
0.2396 1.38138
0.2713 1.60154
0.2391 1.68755
0.2409 1.58925
0.2297 1.61382
0.4168 1.61382
0.2496 1.59539
0.2731 1.37933
0.2303 1.38035
0.2559 1.37421
0.2421 1.59539
0.2318 1.58822
0.2325 1.61178
0.2762 1.37626
0.3228 1.37421
0.235 1.37216
0.2488 1.37626
0.3357 1.59027
0.3831 1.60563
0.2405 1.62714
0.2671 1.60154
0.2395 1.59232
0.2368 1.60154
0.2349 1.60358
0.2757 1.37728
0.2375 1.58618
0.2463 1.38547
0.2507 1.59232
0.2592 1.60358
0.2794 1.67731
0.2368 1.59846
0.4818 1.37728
0.2378 1.59539
0.2395 1.60358
0.2373 1.59744
0.266 1.67936
0.2284 1.59744
0.2327 1.59232
0.2408 1.3824
0.2619 1.5913
0.2312 1.59027
0.2432 1.37318
0.2374 1.37728
0.2589 1.37216
0.2505 1.38035
0.2731 1.37523
0.2287 1.60666
0.241 1.60768
0.2402 1.58822
0.2336 1.67219
0.2585 1.55955
0.2428 1.3783
0.2442 1.67834
0.2471 1.59744
0.2698 1.60358
0.2675 1.37728
0.2386 1.37318
0.2388 1.37523
0.2909 1.59437
0.2321 1.60051
0.2342 1.59437
0.388 1.60256
0.2447 1.38035
0.2288 1.5872
0.2272 1.67731
0.497 1.60051
0.425 1.58515
0.2521 1.37626
0.4357 1.59949
0.2723 1.60666
0.2362 1.61075
0.2395 1.58413
0.2345 1.67731
0.2518 1.58106
0.2339 1.60563
0.2455 1.37114
0.23 1.59539
0.2403 1.60256
0.4125 1.37421
0.3565 1.57901
0.3654 1.57184
0.2456 1.38035
0.2378 1.37216
0.2372 1.3783
0.2498 1.69062
0.2294 1.68038
0.2428 1.57696
0.2305 1.60154
0.2501 1.5872
0.2356 1.61894
0.2776 1.37626
0.4405 1.59846
0.4061 1.37318
0.2837 1.60154
0.2478 1.59744
0.4152 1.61792
0.4391 1.37626
0.2485 1.3783
0.2401 1.5913
0.2637 1.37523
0.2377 1.59437
0.2342 1.37216
0.2296 1.37421
0.3088 1.59232
0.2517 1.3783
0.4362 1.37523
0.2805 1.37626
0.4316 1.67731
0.282 1.3824
0.2365 1.60563
0.3018 1.67629
0.2322 1.37626
0.2417 1.5831
0.2625 1.37318
0.2527 1.37114
0.4601 1.37421
0.2433 1.57184
0.4682 1.5831
0.255 1.60256
0.2575 1.59334
0.241 1.37626
0.2544 1.6128
0.2434 1.60154
0.2361 1.59642
0.2464 1.59949
0.2687 1.60256
0.2401 1.60461
0.236 1.58208
0.2467 1.58003
0.2609 1.68141
0.2382 1.57594
0.2382 1.3824
0.2544 1.60358
0.2721 1.37626
0.2349 1.68038
0.2325 1.60256
0.2355 1.60256
0.2774 1.37523
0.2451 1.37523
0.2447 1.56774
0.3632 1.61485
0.2666 1.37626
0.2452 1.37318
0.2602 1.37523
0.2542 1.59437
0.2332 1.6087
0.2412 1.69574
0.2394 1.59642
0.2559 1.59334
0.229 1.5831
0.2684 1.59334
0.2329 1.37626
0.3655 1.3783
0.2768 1.59437
0.2718 1.37318
0.2729 1.37728
0.2392 1.67834
0.2397 1.60666
0.2312 1.6855
0.2525 1.37933
0.2399 1.68243
0.2324 1.38035
0.4574 1.56467
0.261 1.37523
0.5278 1.37216
0.2404 1.37728
0.2365 1.68346
0.3008 1.59027
0.2713 1.60256
0.3994 1.61178
0.256 1.61792
0.2534 1.60973
0.2631 1.38445
0.243 1.37318
0.2625 1.71725
0.2567 1.60256
0.4457 1.59437
0.2538 1.59232
0.232 1.67526
0.2887 1.6128
0.2723 1.37728
0.2536 1.59539
0.5035 1.68653
0.2331 1.59334
0.2574 1.60973
0.4385 1.68038
0.2649 1.37421
0.2432 1.6087
0.2645 1.6087
0.2341 1.37216
0.4752 1.39674
0.431 1.59846
0.2675 1.59949
0.2348 1.60563
0.2659 1.37728
0.2328 1.68038
0.2289 1.37216
0.327 1.61178
0.3833 1.38138
0.4636 1.68141
0.4117 1.6169
0.2659 1.59949
0.2517 1.58413
0.2334 1.59642
0.2445 1.37728
0.2794 1.59437
0.2332 1.60461
0.2273 1.37216
0.2354 1.60256
0.2614 1.37421
0.2422 1.37626
0.2441 1.60461
0.2807 1.68448
0.4361 1.58618
0.2917 1.67424
0.2474 1.60256
0.2716 1.69062
0.3169 1.59539
0.2371 1.37626
0.2393 1.38138
0.258 1.58925
0.2356 1.6855
0.2397 1.38035
0.2651 1.60051
0.2519 1.37318
0.2488 1.37421
0.3677 1.60051
0.4009 1.6855
0.3859 1.5831
0.3603 1.68448
0.2502 1.3783
0.2736 1.37626
0.2731 1.61382
0.2357 1.72544
0.2408 1.6855
0.2626 1.60666
0.2338 1.37523
0.4237 1.59642
0.266 1.59334
0.4764 1.58822
0.2474 1.59437
0.2325 1.60563
0.2706 1.67629
0.2691 1.58208
0.2478 1.37114
0.2477 1.57901
0.2775 1.59949
0.4147 1.37523
0.2421 1.69267
0.2468 1.58106
0.256 1.59437
0.2473 1.62406
0.2448 1.58925
0.2463 1.5872
0.2584 1.59642
0.2313 1.60666
0.243 1.68141
0.281 1.59539
0.3438 1.61382
0.2345 1.59027
0.3113 1.67936
0.265 1.68243
0.2291 1.59027
0.2466 1.37728
0.287 1.37523
0.2581 1.60154
0.2433 1.58515
0.3002 1.61894
0.2379 1.68141
0.2625 1.59642
0.2329 1.6896
0.2595 1.59744
0.2558 1.59334
0.239 1.37626
0.4235 1.37933
0.2457 1.58003
0.3474 1.59846
0.2295 1.58618
0.2362 1.58925
0.2453 1.68141
0.2599 1.60154
0.2373 1.69165
0.3179 1.58106
0.2349 1.59232
0.2671 1.68653
0.2361 1.5913
0.2363 1.68858
0.3273 1.68755
0.4074 1.60256
0.3534 1.61587
0.2469 1.59744
0.4504 1.60154
0.2442 1.59437
0.2366 1.58925
0.2381 1.61075
0.4491 1.59642
0.233 1.60154
0.2503 1.59027
0.2347 1.67629
0.308 1.37626
0.2414 1.62304
0.4458 1.59642
0.263 1.58925
0.2434 1.57184
0.2303 1.37421
0.257 1.37626
0.2757 1.61075
0.4296 1.59539
0.2298 1.59949
0.2347 1.59334
0.2681 1.59539
0.4307 1.68038
0.3522 1.5913
0.2536 1.68346
0.479 1.67936
0.2553 1.6128
0.2335 1.59846
0.2634 1.37728
0.4446 1.37728
0.2396 1.60358
0.2763 1.55443
0.2891 1.37318
0.2486 1.59027
0.2368 1.59334
0.2378 1.60461
0.304 1.37728
0.256 1.58822
0.233 1.68141
0.2378 1.36909
0.4541 1.38035
0.2484 1.59846
0.2396 1.59744
0.2582 1.37626
0.2549 1.37421
0.2326 1.60358
0.4475 1.69062
0.2641 1.60358
0.4434 1.60461
0.2479 1.68243
0.2424 1.61997
0.5196 1.59846
0.2408 1.61075
0.2333 1.5913
0.2359 1.68346
0.2678 1.37728
0.2426 1.58413
0.2292 1.60358
0.2785 1.6855
0.2635 1.68346
0.3006 1.68141
0.2435 1.37626
0.2577 1.6937
0.241 1.5913
0.2468 1.37728
0.2563 1.59949
0.2696 1.58413
0.2359 1.72851
0.2395 1.37728
0.2409 1.60563
0.2534 1.60563
0.2356 1.59949
0.2485 1.61178
0.28 1.37728
0.2416 1.37626
0.2636 1.59437
0.2463 1.57491
0.2697 1.57491
0.244 1.59539
0.2397 1.58822
0.2362 1.60154
0.2643 1.37728
0.2527 1.60461
0.2474 1.67731
0.2577 1.39469
0.4048 1.68653
0.4363 1.37114
0.2314 1.59334
0.3557 1.68653
0.4397 1.59846
0.2343 1.37626
0.2417 1.60666
0.253 1.60358
0.2433 1.37421
0.2367 1.37318
0.2397 1.37114
0.2714 1.37011
0.4484 1.37626
0.2437 1.59334
0.2348 1.59027
0.2623 1.58925
0.2412 1.37011
0.277 1.60461
0.4883 1.60051
0.2401 1.60563
0.2433 1.59232
0.2397 1.5913
0.2665 1.37626
0.2343 1.37318
0.358 1.56672
0.2476 1.68755
0.5 1.59232
0.2347 1.68858
0.239 1.60051
0.2339 1.60461
0.503 1.60154
0.4653 1.68346
0.2911 1.6169
0.2796 1.37216
0.2649 1.6855
0.2381 1.37216
0.25 1.60256
0.4511 1.57798
0.3459 1.61485
0.2482 1.5831
0.241 1.59437
0.2594 1.37216
0.2474 1.37011
0.2404 1.59334
0.3318 1.5872
0.2511 1.60666
0.2742 1.67526
0.234 1.38342
0.293 1.61894
0.2373 1.61382
0.3081 1.37933
0.4608 1.68346
0.2615 1.5913
0.2348 1.68858
0.2344 1.61485
0.2442 1.61075
0.2862 1.68346
0.3548 1.67629
0.245 1.6937
0.2423 1.59437
0.4931 1.59949
0.2518 1.68448
0.2464 1.68141
0.2658 1.37318
0.2688 1.59539
0.2384 1.59642
0.2518 1.59744
0.2708 1.37933
0.2379 1.60666
0.2401 1.5872
0.2486 1.60358
0.2604 1.37626
0.2433 1.37523
0.363 1.67834
0.3479 1.59232
0.2663 1.60154
0.2363 1.61382
0.2673 1.59846
0.5029 1.37728
0.305 1.58515
0.2447 1.61075
0.262 1.60256
0.2694 1.68346
0.2515 1.57798
0.2431 1.5831
0.3894 1.37626
0.2672 1.37421
0.2671 1.61075
0.4269 1.67219
0.257 1.60256
0.2855 1.68448
0.4626 1.59642
0.2426 1.3783
0.2575 1.37523
0.2893 1.68858
0.2439 1.58208
0.2339 1.60154
0.2821 1.68346
0.4415 1.60051
0.2423 1.59949
0.2439 1.59334
0.2687 1.37216
0.46 1.67731
0.2344 1.68653
0.2292 1.5831
0.2596 1.5831
0.2423 1.68038
0.3772 1.58106
0.4403 1.61587
0.309 1.37523
0.4921 1.68243
0.244 1.58003
0.4053 1.60051
0.2604 1.5872
0.2581 1.60768
0.2362 1.57491
0.2664 1.37523
0.2424 1.61178
0.2477 1.68755
0.2394 1.58003
0.2662 1.6128
0.2486 1.37011
0.2516 1.3783
0.3212 1.60768
0.3419 1.58106
0.2422 1.38035
0.2411 1.60461
0.2776 1.68653
0.2447 1.37523
0.236 1.59334
0.241 1.37114
0.2536 1.59027
0.2459 1.37523
0.2362 1.60666
0.2483 1.60358
0.2562 1.58106
0.2799 1.58925
0.2444 1.38138
0.2378 1.6896
0.2363 1.3783
0.2455 1.3783
0.328 1.68243
0.5068 1.6128
0.466 1.59642
0.2424 1.56672
0.2454 1.60563
0.2588 1.67834
0.2465 1.59027
0.2418 1.3783
0.2447 1.37933
0.2637 1.60461
0.2369 1.59846
0.2462 1.61178
0.266 1.68038
0.289 1.37728
0.2459 1.59027
0.2437 1.67731
0.258 1.57184
0.3283 1.59949
0.3508 1.37114
0.2486 1.37728
0.2742 1.37318
0.2378 1.37626
0.2511 1.59744
0.2301 1.58515
0.2648 1.59846
0.3287 1.37728
0.2293 1.37318
0.2623 1.67936
0.2375 1.60051
0.269 1.37626
0.3902 1.60666
0.4625 1.37933
0.238 1.68243
0.2334 1.57082
0.238 1.38138
0.2553 1.37523
0.2343 1.37318
0.2341 1.37728
0.2315 1.6087
0.268 1.3783
0.2364 1.60666
0.2337 1.58003
0.2421 1.37318
0.3917 1.38138
0.4718 1.58106
0.2424 1.59334
0.5274 1.60358
0.2409 1.37318
0.2491 1.60154
0.2854 1.37216
0.2819 1.59949
0.2516 1.38445
0.2372 1.58208
0.2399 1.37728
0.2661 1.3783
0.258 1.60154
0.2418 1.60563
0.2672 1.37216
0.241 1.69062
0.2407 1.60154
0.2397 1.60666
0.2653 1.5831
0.2467 1.58208
0.2442 1.37318
0.241 1.6087
0.2843 1.37114
0.2582 1.37728
