0.2702 0.818176
0.3419 0.878592
0.3358 0.818176
0.3375 0.878592
0.1611 0.848896
0.1523 0.871424
0.1626 0.848896
0.1554 0.871424
0.1429 0.848896
0.158 0.871424
0.4023 0.45056
0.1601 0.45056
0.3564 0.452608
0.437 0.452608
0.1664 0.883712
0.1547 0.896
0.2042 0.809984
0.1544 0.804864
0.1547 0.893952
0.1726 0.822272
0.1603 0.884736
0.1965 0.582656
0.1578 0.883712
0.1611 0.883712
0.1692 0.809984
0.1656 0.582656
0.1582 0.891904
0.1624 0.822272
0.1637 0.892928
0.1595 0.581632
0.3358 0.889856
0.1581 0.88576
0.159 0.878592
0.3388 0.883712
0.1597 0.891904
0.2156 0.88064
0.2758 0.822272
0.1605 0.818176
0.2268 0.82944
0.1555 0.826368
0.178 0.818176
0.1542 0.897024
0.1546 0.904192
0.1576 0.876544
0.1626 0.886784
0.1617 0.892928
0.1557 0.842752
0.1594 0.894976
0.3408 0.889856
0.1568 0.83968
0.1534 0.830464
0.154 0.815104
0.214 0.886784
0.1605 0.836608
0.3113 0.832512
0.1639 0.82432
0.1575 0.815104
0.2298 0.892928
0.1569 0.812032
0.1554 0.887808
0.1572 0.836608
0.3279 0.816128
0.1554 0.581632
0.1529 0.877568
0.1619 0.820224
0.1613 0.822272
0.159 0.896
0.1605 0.889856
0.1542 0.817152
0.1601 0.886784
0.1626 0.887808
0.1714 0.889856
0.1652 0.823296
0.1621 0.886784
0.24 0.881664
0.3327 0.896
0.1505 0.896
0.1588 0.884736
0.1601 0.883712
0.1623 0.892928
0.1548 0.892928
0.1593 0.879616
0.1584 0.836608
0.1779 0.887808
0.1685 0.58368
0.3492 0.809984
0.2258 0.887808
0.1667 0.886784
0.1535 0.887808
0.1577 0.883712
0.1551 0.816128
0.1564 0.883712
0.1577 0.582656
0.1555 0.893952
0.1571 0.89088
0.1546 0.579584
0.1651 0.884736
0.1648 0.888832
0.262 0.830464
0.1584 0.582656
0.1572 0.886784
0.2017 0.884736
0.3428 0.83968
0.173 0.889856
0.1518 0.884736
0.1624 0.88576
0.1577 0.581632
0.1521 0.886784
0.1567 0.889856
0.1619 0.791552
0.1572 0.883712
0.1599 0.892928
0.1655 0.811008
0.3388 0.882688
0.1608 0.893952
0.1769 0.58368
0.1558 0.816128
0.3907 0.58368
0.1669 0.83456
0.1551 0.584704
0.1607 0.884736
0.1682 0.894976
0.154 0.822272
0.1558 0.90112
0.1585 0.817152
0.153 0.581632
0.2725 0.884736
0.1537 0.88576
0.1585 0.577536
0.1624 0.577536
0.1615 0.80384
0.3396 0.576512
0.3542 0.832512
0.318 0.575488
0.1602 0.576512
0.1628 0.882688
0.1831 0.877568
0.1641 0.817152
0.1556 0.574464
0.1614 0.577536
0.1522 0.57344
0.1599 0.800768
0.1605 0.889856
0.1583 0.813056
0.161 0.881664
0.3653 0.809984
0.1549 0.82944
0.1614 0.577536
0.1585 0.869376
0.1537 0.799744
0.1608 0.877568
0.1594 0.807936
0.152 0.81408
0.3373 0.87552
0.1628 0.575488
0.1553 0.873472
0.4678 0.817152
0.1532 0.87552
0.256 0.576512
0.3516 0.878592
0.3294 0.874496
0.3355 0.869376
0.1636 0.876544
0.1533 0.883712
0.1551 0.831488
0.1545 0.879616
0.1572 0.881664
0.1697 0.869376
0.1593 0.87552
0.1537 0.882688
0.1608 0.878592
0.1687 0.574464
0.1585 0.825344
0.1608 0.784384
0.1552 0.804864
0.1538 0.792576
0.1529 0.871424
0.1583 0.867328
0.1574 0.5632
0.1563 0.7936
0.1621 0.863232
0.1616 0.790528
0.1602 0.873472
0.1552 0.866304
0.336 0.794624
0.1549 0.8704
0.1602 0.871424
0.1826 0.884736
0.156 0.80896
0.1628 0.854016
0.1872 0.864256
0.1727 0.86528
0.1633 0.560128
0.1558 0.861184
0.1577 0.792576
0.1875 0.561152
0.1614 0.560128
0.1562 0.859136
0.3423 0.86528
0.1603 0.873472
0.1537 0.797696
0.1621 0.7936
0.3389 0.792576
0.1576 0.869376
0.3361 0.795648
0.1608 0.859136
0.1582 0.858112
0.1574 0.78848
0.1613 0.801792
0.1599 0.55296
0.1591 0.786432
0.3431 0.81408
0.1653 0.847872
0.1545 0.851968
0.1611 0.787456
0.2033 0.81408
0.2697 0.843776
0.1551 0.854016
0.1524 0.852992
0.3193 0.812032
0.1595 0.813056
0.1552 0.846848
0.3313 0.792576
0.1552 0.782336
0.1613 0.854016
0.1572 0.551936
0.3361 0.84992
0.1659 0.791552
0.159 0.857088
0.1557 0.791552
0.1603 0.809984
0.1561 0.861184
0.1564 0.805888
0.164 0.8448
0.1567 0.86016
0.1675 0.845824
0.1535 0.794624
0.1561 0.7936
0.1566 0.861184
0.1552 0.77312
0.1559 0.8448
0.1525 0.859136
0.1734 0.784384
0.1633 0.553984
0.1612 0.867328
0.1552 0.840704
0.1667 0.777216
0.1556 0.784384
0.1583 0.851968
0.1556 0.850944
0.3316 0.872448
0.1547 0.792576
0.152 0.78848
0.1639 0.861184
0.1601 0.850944
0.2287 0.850944
0.1594 0.851968
0.189 0.845824
0.1674 0.84992
0.1527 0.859136
0.1573 0.78848
0.1535 0.848896
0.1609 0.845824
0.1602 0.785408
0.1636 0.851968
0.1613 0.857088
0.1636 0.861184
0.2011 0.854016
0.1602 0.77824
0.3489 0.851968
0.1603 0.847872
0.1629 0.858112
0.1677 0.852992
0.337 0.85504
0.3351 0.784384
0.1522 0.789504
0.338 0.800768
0.1552 0.78848
0.1603 0.854016
0.1572 0.848896
0.2241 0.790528
0.1552 0.856064
0.1556 0.553984
0.1604 0.553984
0.2031 0.790528
0.1548 0.786432
0.1545 0.553984
0.3383 0.85504
0.3388 0.854016
0.1651 0.867328
0.3409 0.845824
0.1565 0.843776
0.2524 0.86528
0.1566 0.55296
0.2959 0.858112
0.3279 0.8704
0.3406 0.846848
0.3441 0.846848
0.3378 0.847872
0.3373 0.553984
0.1618 0.85504
0.1569 0.848896
0.1592 0.557056
0.1571 0.550912
0.1619 0.840704
0.1554 0.802816
0.3523 0.848896
0.1579 0.857088
0.1591 0.852992
0.1563 0.856064
0.1557 0.78336
0.1534 0.857088
0.1556 0.551936
0.1548 0.8448
0.162 0.556032
0.3441 0.84992
0.157 0.770048
0.1866 0.84992
0.3429 0.852992
0.1585 0.857088
0.1568 0.861184
0.1582 0.78848
0.2903 0.802816
0.2661 0.794624
0.1611 0.859136
0.1534 0.857088
0.1595 0.845824
0.1568 0.86016
0.1684 0.84992
0.1615 0.555008
0.1648 0.85504
0.1565 0.857088
0.1548 0.780288
0.1602 0.864256
0.1553 0.785408
0.1578 0.556032
0.3101 0.556032
0.1551 0.782336
0.1538 0.86016
0.1619 0.555008
0.1639 0.856064
0.1608 0.777216
0.2881 0.856064
0.1543 0.785408
0.3374 0.857088
0.1549 0.858112
0.1516 0.857088
0.1726 0.555008
0.1563 0.852992
0.1535 0.796672
0.1568 0.850944
0.2373 0.85504
0.202 0.55296
0.1764 0.847872
0.1586 0.776192
0.1538 0.784384
0.1556 0.553984
0.1569 0.851968
0.1556 0.797696
0.1603 0.851968
0.1543 0.862208
0.1702 0.807936
0.1591 0.856064
0.164 0.864256
0.1683 0.802816
0.161 0.856064
0.3664 0.848896
0.2595 0.797696
0.1635 0.797696
0.1997 0.78336
0.1558 0.784384
0.1626 0.859136
0.3338 0.780288
0.1592 0.843776
0.3332 0.848896
0.1666 0.848896
0.1581 0.843776
0.1625 0.553984
0.1596 0.851968
0.3415 0.553984
0.1524 0.86528
0.1936 0.862208
0.1651 0.8704
0.3469 0.848896
0.3334 0.856064
0.3395 0.555008
0.1572 0.851968
0.3434 0.848896
0.3504 0.858112
0.2592 0.856064
0.1648 0.864256
0.3369 0.811008
0.1822 0.84992
0.193 0.841728
0.3425 0.85504
0.1613 0.864256
0.3591 0.861184
0.1598 0.78848
0.3466 0.850944
0.3387 0.866304
0.163 0.555008
0.265 0.848896
0.1742 0.787456
0.1544 0.845824
0.3349 0.857088
0.1611 0.843776
0.1742 0.8448
0.1746 0.555008
0.1626 0.852992
0.1761 0.847872
0.2369 0.556032
0.3586 0.795648
0.1563 0.791552
0.1594 0.86528
0.2814 0.856064
0.3471 0.854016
0.1619 0.813056
0.1833 0.557056
0.2157 0.796672
0.1603 0.86016
0.3525 0.78336
0.16 0.859136
0.2415 0.867328
0.1688 0.852992
0.3643 0.858112
0.335 0.782336
0.2713 0.43008
0.3412 0.854016
0.2308 0.857088
0.1601 0.842752
0.1553 0.852992
0.1544 0.812032
0.1553 0.785408
0.1554 0.555008
0.1613 0.785408
0.1574 0.854016
0.1545 0.86016
0.1992 0.848896
0.3606 0.7936
0.3533 0.789504
0.156 0.816128
0.1575 0.852992
0.1608 0.852992
0.3453 0.850944
0.3154 0.55808
0.3543 0.83968
0.1535 0.852992
0.1627 0.85504
0.3384 0.859136
0.1546 0.84992
0.1796 0.854016
0.3329 0.850944
0.1587 0.786432
0.3362 0.85504
0.1587 0.557056
0.1541 0.854016
0.3654 0.556032
0.1536 0.848896
0.1939 0.555008
0.3487 0.55808
0.3406 0.858112
0.1569 0.555008
0.1586 0.854016
0.1685 0.792576
0.165 0.848896
0.1535 0.851968
0.153 0.557056
0.16 0.805888
0.157 0.866304
0.3311 0.859136
0.1552 0.79872
0.1565 0.864256
0.155 0.87552
0.1593 0.872448
0.3415 0.87552
0.2296 0.867328
0.1571 0.872448
0.3292 0.873472
0.1619 0.881664
0.1589 0.881664
0.1596 0.8704
0.3324 0.864256
0.1592 0.879616
0.1612 0.569344
0.1544 0.570368
0.1564 0.877568
0.1611 0.867328
0.263 0.876544
0.1561 0.570368
0.346 0.570368
0.1575 0.884736
0.1541 0.868352
0.1589 0.87552
0.1541 0.8704
0.1697 0.869376
0.3382 0.87552
0.1574 0.872448
0.1712 0.868352
0.3278 0.833536
0.1599 0.801792
0.2447 0.567296
0.2429 0.873472
0.1529 0.8704
0.3458 0.878592
0.1601 0.869376
0.1626 0.874496
0.1601 0.876544
0.156 0.799744
0.1618 0.878592
0.1556 0.801792
0.1578 0.876544
0.1576 0.871424
0.1534 0.802816
0.3411 0.826368
0.1545 0.571392
0.1592 0.570368
0.1697 0.567296
0.1537 0.873472
0.1544 0.897024
0.1572 0.7936
0.1581 0.872448
0.1568 0.866304
0.1593 0.802816
0.2668 0.874496
0.3229 0.871424
0.2287 0.873472
0.1539 0.879616
0.1554 0.873472
0.159 0.876544
0.1591 0.816128
0.1587 0.828416
0.3304 0.809984
0.1547 0.79872
0.158 0.887808
0.3447 0.86528
0.1622 0.569344
0.1574 0.567296
0.1663 0.567296
0.1633 0.56832
0.1532 0.56832
0.3172 0.873472
0.1602 0.864256
0.2228 0.571392
0.2185 0.876544
0.1598 0.867328
0.1662 0.569344
0.2729 0.88064
0.1607 0.879616
0.1566 0.830464
0.1632 0.878592
0.3067 0.80896
0.1657 0.575488
0.1593 0.878592
0.1612 0.882688
0.1596 0.883712
0.1589 0.882688
0.1585 0.882688
0.1961 0.877568
0.1566 0.81408
0.1602 0.882688
0.1617 0.818176
0.4374 0.884736
0.2944 0.877568
0.1571 0.577536
0.2675 0.87552
0.1685 0.813056
0.1558 0.821248
0.1596 0.820224
0.1526 0.88064
0.3386 0.88576
0.1563 0.577536
0.177 0.831488
0.3408 0.577536
0.1655 0.820224
0.3334 0.88576
0.3333 0.577536
0.1544 0.874496
0.1566 0.881664
0.1854 0.883712
0.3449 0.877568
0.1535 0.881664
0.1588 0.879616
0.1604 0.881664
0.1563 0.871424
0.1531 0.882688
0.1603 0.821248
0.2746 0.862208
0.1622 0.826368
0.166 0.564224
0.1574 0.813056
0.1606 0.564224
0.1613 0.871424
0.3257 0.861184
0.1707 0.813056
0.219 0.5632
0.2082 0.818176
0.153 0.565248
0.1544 0.869376
0.1636 0.80384
0.1612 0.82432
0.2278 0.799744
0.1641 0.874496
0.3369 0.813056
0.1559 0.801792
0.1561 0.868352
0.1658 0.804864
0.2526 0.866304
0.1559 0.861184
0.1544 0.791552
0.2157 0.561152
0.2588 0.854016
0.1588 0.867328
0.159 0.81408
0.1534 0.859136
0.1584 0.811008
0.1573 0.806912
0.1577 0.543744
0.1566 0.837632
0.3365 0.843776
0.1592 0.841728
0.1634 0.847872
0.1666 0.541696
0.1557 0.780288
0.228 0.832512
0.2784 0.845824
0.155 0.546816
0.1595 0.843776
0.1572 0.85504
0.1587 0.549888
0.3343 0.850944
0.2168 0.559104
0.1617 0.869376
0.1559 0.561152
0.1651 0.797696
0.1566 0.823296
0.3362 0.795648
0.346 0.811008
0.1531 0.874496
0.1898 0.87552
0.1596 0.805888
0.1643 0.878592
0.1578 0.876544
0.1582 0.884736
0.1716 0.80896
0.1599 0.807936
0.156 0.8704
0.235 0.881664
0.232 0.87552
0.3428 0.57856
0.1589 0.887808
0.1517 0.577536
0.1588 0.872448
0.1565 0.57856
0.1725 0.884736
0.2909 0.579584
0.1532 0.88064
0.1544 0.884736
0.3341 0.883712
0.1619 0.805888
0.1589 0.894976
0.2004 0.830464
0.1552 0.888832
0.1579 0.827392
0.3396 0.83968
0.1638 0.879616
0.1636 0.886784
0.1895 0.894976
0.1601 0.580608
0.1578 0.818176
0.1591 0.80384
0.1636 0.886784
0.1923 0.884736
0.2356 0.891904
0.162 0.887808
0.1574 0.816128
0.1615 0.812032
0.1558 0.83456
0.1802 0.878592
0.181 0.837632
0.1607 0.877568
0.1594 0.816128
0.3347 0.795648
0.1645 0.88576
0.1748 0.882688
0.1811 0.840704
0.3411 0.889856
0.1553 0.807936
0.2171 0.876544
0.159 0.579584
0.1561 0.837632
0.1648 0.879616
0.1805 0.898048
0.1535 0.57856
0.1597 0.817152
0.1796 0.838656
0.1615 0.577536
0.3511 0.887808
0.3424 0.873472
0.1609 0.883712
0.3449 0.88064
0.1547 0.886784
0.1633 0.889856
0.3429 0.887808
0.1561 0.57856
0.1578 0.878592
0.3425 0.887808
0.1635 0.89088
0.1546 0.57856
0.1581 0.805888
0.1587 0.886784
0.1604 0.806912
0.1886 0.873472
0.1586 0.883712
0.1556 0.57856
0.1665 0.580608
0.1589 0.886784
0.2357 0.80384
0.1565 0.813056
0.1552 0.88576
0.1608 0.811008
0.1577 0.882688
0.1595 0.888832
0.1572 0.580608
0.3357 0.826368
0.153 0.806912
0.1607 0.818176
0.1601 0.88576
0.1529 0.897024
0.1623 0.891904
0.188 0.89088
0.1538 0.801792
0.1535 0.835584
0.3365 0.897024
0.1638 0.817152
0.2573 0.878592
0.1605 0.582656
0.1843 0.818176
0.1555 0.89088
0.3432 0.582656
0.1543 0.815104
0.1616 0.886784
0.1627 0.797696
0.1557 0.580608
0.164 0.88576
0.3723 0.894976
0.2436 0.892928
0.1583 0.888832
0.1607 0.893952
0.1587 0.823296
0.1559 0.900096
0.16 0.582656
0.3298 0.894976
0.3447 0.888832
0.16 0.896
0.1618 0.898048
0.1557 0.888832
0.1664 0.816128
0.2288 0.887808
0.4731 0.577536
0.2534 0.891904
0.1519 0.580608
0.1605 0.891904
0.1634 0.816128
0.1629 0.88576
0.155 0.809984
0.155 0.811008
0.1551 0.57856
0.1529 0.80896
0.1587 0.799744
0.2983 0.801792
0.3514 0.835584
0.1567 0.813056
0.1621 0.882688
0.1573 0.873472
0.1529 0.801792
0.158 0.57856
0.1597 0.830464
0.1653 0.800768
0.158 0.876544
0.1538 0.881664
0.16 0.876544
0.3412 0.886784
0.251 0.57856
0.3342 0.889856
0.1545 0.884736
0.1519 0.886784
0.1589 0.889856
0.1579 0.581632
0.1515 0.82944
0.1593 0.886784
0.1645 0.815104
0.1576 0.81408
0.2147 0.825344
0.1613 0.879616
0.16 0.879616
0.3458 0.826368
0.154 0.82432
0.1563 0.579584
0.3433 0.887808
0.1601 0.82432
0.1559 0.883712
0.1606 0.817152
0.1586 0.889856
0.16 0.811008
0.306 0.887808
0.1606 0.888832
0.2189 0.818176
0.1876 0.812032
0.1637 0.879616
0.1591 0.881664
0.1912 0.576512
0.16 0.577536
0.1549 0.879616
0.2129 0.57344
0.1627 0.80384
0.1573 0.88064
0.3445 0.876544
0.1553 0.8704
0.1626 0.879616
0.157 0.872448
0.1579 0.878592
0.1586 0.88576
0.1621 0.791552
0.1639 0.805888
0.1541 0.566272
0.1651 0.797696
0.162 0.874496
0.152 0.86528
0.1634 0.867328
0.156 0.86016
0.3355 0.825344
0.3429 0.869376
0.1579 0.872448
0.1597 0.872448
0.4303 0.567296
0.1625 0.812032
0.1625 0.813056
0.2461 0.567296
0.1543 0.806912
0.1694 0.866304
0.1573 0.869376
0.1587 0.878592
0.2405 0.8704
0.3589 0.56832
0.1856 0.873472
0.1545 0.877568
0.1865 0.566272
0.3423 0.869376
0.1585 0.56832
0.1567 0.871424
0.1748 0.801792
0.1647 0.806912
0.1576 0.872448
0.3453 0.7936
0.2251 0.868352
0.3424 0.879616
0.3364 0.878592
0.1629 0.879616
0.1631 0.574464
0.1597 0.57344
0.1551 0.872448
0.1648 0.823296
0.1614 0.826368
0.1588 0.877568
0.3432 0.88064
0.1604 0.88064
0.3405 0.882688
0.1601 0.809984
0.1556 0.876544
0.1566 0.883712
0.1641 0.820224
0.1636 0.867328
0.1592 0.888832
0.1659 0.813056
0.1581 0.809984
0.1536 0.805888
0.1628 0.876544
0.1612 0.878592
0.2559 0.877568
0.2142 0.869376
0.1636 0.884736
0.1598 0.88064
0.1678 0.572416
0.1596 0.88064
0.1582 0.57344
0.1632 0.812032
0.1629 0.878592
0.1577 0.80896
0.163 0.795648
0.1561 0.881664
0.1573 0.884736
0.1633 0.81408
0.1654 0.878592
0.1901 0.813056
0.163 0.821248
0.2188 0.871424
0.1626 0.800768
0.1566 0.879616
0.1592 0.871424
0.1529 0.878592
0.1666 0.807936
0.1556 0.574464
0.18 0.868352
0.3546 0.878592
0.3768 0.831488
0.1593 0.87552
0.1608 0.888832
0.1542 0.81408
0.1635 0.872448
0.1642 0.796672
0.1559 0.878592
0.1529 0.879616
0.1673 0.79872
0.1693 0.8704
0.1644 0.796672
0.2617 0.878592
0.1548 0.813056
0.1556 0.88064
0.1649 0.569344
0.1579 0.816128
0.1623 0.784384
0.1676 0.811008
0.1625 0.57344
0.2334 0.879616
0.345 0.876544
0.1608 0.869376
0.1613 0.869376
0.361 0.57344
0.2365 0.86528
0.1702 0.813056
0.2347 0.872448
0.1549 0.817152
0.1553 0.8704
0.1617 0.889856
0.1576 0.872448
0.1556 0.577536
0.1991 0.800768
0.1699 0.879616
0.1526 0.877568
0.159 0.879616
0.2518 0.884736
0.2648 0.572416
0.1533 0.877568
0.2065 0.832512
0.1585 0.80384
0.2569 0.809984
0.1631 0.82944
0.1568 0.806912
0.3508 0.89088
0.1533 0.828416
0.164 0.872448
0.1561 0.815104
0.3297 0.574464
0.1582 0.828416
0.1546 0.821248
0.3496 0.81408
0.1633 0.804864
0.2342 0.874496
0.1553 0.826368
0.1829 0.87552
0.3487 0.88064
0.1562 0.876544
0.1626 0.871424
0.158 0.805888
0.1569 0.804864
0.1549 0.87552
0.1688 0.878592
0.1596 0.868352
0.1551 0.80384
0.159 0.809984
0.1685 0.82944
0.1605 0.809984
0.3487 0.820224
0.1567 0.809984
0.1855 0.87552
0.1625 0.876544
0.1563 0.87552
0.1628 0.820224
0.1656 0.57344
0.1561 0.879616
0.1568 0.874496
0.1776 0.80896
0.1595 0.805888
0.3473 0.79872
0.157 0.881664
0.1828 0.795648
0.1622 0.87552
0.1596 0.87552
0.2429 0.882688
0.1646 0.57344
0.3411 0.872448
0.1633 0.882688
0.3485 0.876544
0.1589 0.816128
0.1595 0.897024
0.158 0.797696
0.341 0.87552
0.1556 0.804864
0.1554 0.809984
0.1616 0.878592
0.1559 0.874496
0.1927 0.879616
0.1718 0.869376
0.1546 0.884736
0.1591 0.87552
0.168 0.888832
0.3411 0.576512
0.1546 0.879616
0.16 0.874496
0.1545 0.800768
0.1555 0.80384
0.1636 0.812032
0.2241 0.574464
0.2579 0.884736
0.2523 0.575488
0.1755 0.78848
0.1618 0.830464
0.1551 0.827392
0.1616 0.873472
0.1622 0.878592
0.3498 0.575488
0.1558 0.574464
0.1655 0.575488
0.156 0.887808
