0.1456 0.43008
0.1503 0.432128
0.1514 0.43008
0.2538 0.433152
0.242 0.43008
0.2379 0.433152
0.153 0.43008
0.1951 0.425984
0.1471 0.43008
0.1703 0.425984
0.2589 0.429056
0.1492 0.425984
0.1513 0.427008
0.1565 0.428032
0.161 0.427008
0.1465 0.433152
0.1586 0.432128
0.1539 0.433152
0.1501 0.433152
0.1462 0.431104
0.1492 0.431104
0.1558 0.431104
0.144 0.432128
0.1447 0.431104
0.1462 0.431104
0.1615 0.43008
0.1491 0.431104
0.1519 0.431104
0.1504 0.429056
0.1466 0.43008
0.1446 0.428032
0.1485 0.43008
0.3312 0.431104
0.1503 0.434176
0.1488 0.432128
0.1557 0.431104
0.1444 0.431104
0.1469 0.429056
0.3746 0.433152
0.1779 0.432128
0.1509 0.432128
0.1464 0.433152
0.1451 0.431104
0.1465 0.431104
0.1477 0.429056
0.1776 0.428032
0.1416 0.432128
0.1484 0.431104
0.1458 0.429056
0.1723 0.431104
0.1583 0.432128
0.3201 0.431104
0.1772 0.433152
0.1463 0.43008
0.15 0.432128
0.1479 0.429056
0.1443 0.431104
0.149 0.43008
0.1457 0.43008
0.1462 0.429056
0.1471 0.433152
0.1481 0.43008
0.1731 0.431104
0.1453 0.432128
0.1576 0.431104
0.1494 0.43008
0.1529 0.432128
0.1415 0.432128
0.1457 0.432128
0.1492 0.43008
0.1502 0.43008
0.1467 0.432128
0.1472 0.43008
0.1458 0.43008
0.1669 0.432128
0.1479 0.433152
0.158 0.429056
0.1457 0.428032
0.1607 0.434176
0.1436 0.43008
0.148 0.431104
0.1473 0.432128
0.1474 0.433152
0.1506 0.43008
0.1455 0.429056
0.1447 0.43008
0.1633 0.432128
0.2055 0.431104
0.1628 0.4352
0.1445 0.43008
0.1523 0.433152
0.1507 0.43008
0.1559 0.427008
0.1436 0.428032
0.1589 0.431104
0.1504 0.432128
0.1449 0.432128
0.144 0.43008
0.1444 0.432128
0.2372 0.432128
0.3164 0.433152
0.1464 0.43008
0.3335 0.434176
0.1464 0.43008
0.1459 0.43008
0.1449 0.431104
0.1502 0.431104
0.3009 0.43008
0.1524 0.43008
0.1496 0.431104
0.2676 0.432128
0.1619 0.43008
0.1456 0.433152
0.1689 0.431104
0.145 0.431104
0.1446 0.432128
0.2954 0.431104
0.3209 0.432128
0.1837 0.431104
0.1477 0.431104
0.3072 0.429056
0.1467 0.432128
0.3327 0.432128
0.2691 0.431104
0.2098 0.432128
0.2196 0.429056
0.1437 0.429056
0.3184 0.43008
0.1428 0.432128
0.1481 0.431104
0.1457 0.4352
0.3236 0.43008
0.1511 0.432128
0.1449 0.431104
0.1456 0.431104
0.2019 0.429056
0.3264 0.431104
0.162 0.431104
0.15 0.432128
0.1626 0.429056
0.1499 0.431104
0.1456 0.43008
0.1761 0.431104
0.1667 0.43008
0.1627 0.431104
0.1478 0.43008
0.1493 0.43008
0.1466 0.432128
0.1485 0.433152
0.1586 0.432128
0.2298 0.431104
0.1627 0.432128
0.1688 0.432128
0.1485 0.43008
0.1644 0.432128
0.147 0.434176
0.163 0.431104
0.1504 0.429056
0.1504 0.43008
0.1458 0.431104
0.3104 0.431104
0.153 0.429056
0.1497 0.43008
0.1492 0.431104
0.1507 0.431104
0.3313 0.432128
0.1553 0.434176
0.1948 0.432128
0.1475 0.43008
0.1456 0.43008
0.3424 0.43008
0.1422 0.431104
0.1916 0.429056
0.2735 0.429056
0.233 0.43008
0.1522 0.43008
0.1676 0.43008
0.1495 0.43008
0.1465 0.433152
0.1541 0.432128
0.1495 0.43008
0.2001 0.43008
0.1724 0.432128
0.1516 0.432128
0.211 0.433152
0.1561 0.4352
0.1472 0.429056
0.1532 0.432128
0.149 0.43008
0.324 0.433152
0.1488 0.432128
0.1458 0.434176
0.1642 0.43008
0.3231 0.43008
0.1474 0.429056
0.1597 0.432128
0.1647 0.432128
0.1474 0.431104
0.3259 0.431104
0.1462 0.427008
0.1741 0.432128
0.3416 0.43008
0.1469 0.431104
0.1457 0.43008
0.1478 0.432128
0.1483 0.428032
0.151 0.434176
0.1583 0.43008
0.1449 0.431104
0.3537 0.431104
0.1538 0.431104
0.3205 0.431104
0.2231 0.43008
0.3239 0.43008
0.1743 0.431104
0.1493 0.43008
0.1512 0.432128
0.1468 0.433152
0.148 0.431104
0.1491 0.431104
0.3218 0.431104
0.1631 0.431104
0.1502 0.43008
0.1439 0.43008
0.1474 0.431104
0.1451 0.429056
0.1464 0.431104
0.3295 0.431104
0.1527 0.429056
0.1442 0.433152
0.1465 0.43008
0.1432 0.431104
0.1458 0.429056
0.1445 0.432128
0.1552 0.431104
0.1448 0.432128
0.1426 0.434176
0.3237 0.431104
0.1499 0.429056
0.15 0.43008
0.3371 0.4352
0.309 0.432128
0.3435 0.429056
0.1515 0.432128
0.1497 0.432128
0.1827 0.432128
0.1583 0.43008
0.1455 0.432128
0.1473 0.433152
0.1512 0.431104
0.1441 0.43008
0.147 0.431104
0.2021 0.433152
0.152 0.431104
0.1481 0.432128
0.158 0.431104
0.1548 0.431104
0.1459 0.432128
0.3314 0.431104
0.3245 0.433152
0.2109 0.431104
0.2296 0.431104
0.1522 0.432128
0.1781 0.43008
0.1522 0.433152
0.1466 0.432128
0.1453 0.431104
0.1698 0.432128
0.1476 0.43008
0.1517 0.43008
0.1796 0.42496
0.149 0.434176
0.3617 0.431104
0.2171 0.43008
0.1444 0.431104
0.3306 0.434176
0.3293 0.433152
0.3273 0.431104
0.2919 0.43008
0.343 0.43008
0.1473 0.432128
0.1509 0.432128
0.1476 0.431104
0.1724 0.432128
0.1489 0.433152
0.1494 0.432128
0.1479 0.432128
0.1472 0.431104
0.1617 0.431104
0.2099 0.433152
0.1473 0.434176
0.1579 0.431104
0.1477 0.432128
0.1448 0.431104
0.2018 0.43008
0.146 0.43008
0.2233 0.433152
0.3355 0.432128
0.1459 0.432128
0.1468 0.432128
0.149 0.431104
0.1511 0.432128
0.1488 0.433152
0.1478 0.436224
0.1437 0.431104
0.1467 0.431104
0.1521 0.428032
0.1467 0.43008
0.2268 0.432128
0.1551 0.431104
0.2112 0.432128
0.1488 0.434176
0.1461 0.431104
0.1466 0.431104
0.2038 0.432128
0.1485 0.4352
0.1495 0.431104
0.1501 0.428032
0.154 0.431104
0.19 0.431104
0.2097 0.43008
0.1511 0.431104
0.1484 0.434176
0.1439 0.433152
0.1457 0.431104
0.1476 0.43008
0.1462 0.434176
0.1477 0.4352
0.1543 0.432128
0.1466 0.433152
0.1481 0.432128
0.1474 0.4352
0.1847 0.43008
0.1574 0.431104
0.1612 0.434176
0.1443 0.433152
0.1536 0.432128
0.1473 0.431104
0.1416 0.431104
0.1508 0.432128
0.1454 0.431104
0.1726 0.43008
0.149 0.431104
0.1435 0.432128
0.1956 0.432128
0.3254 0.433152
0.1451 0.433152
0.3574 0.431104
0.2026 0.434176
0.1756 0.432128
0.3731 0.431104
0.1444 0.43008
0.1449 0.431104
0.1482 0.431104
0.1472 0.433152
0.1524 0.433152
0.1724 0.431104
0.1712 0.432128
0.341 0.431104
0.2094 0.431104
0.237 0.433152
0.1514 0.431104
0.1497 0.431104
0.1457 0.431104
0.1444 0.432128
0.1519 0.425984
0.1458 0.429056
0.1564 0.432128
0.1448 0.431104
0.1675 0.432128
0.1483 0.433152
0.1445 0.432128
0.1656 0.43008
0.1544 0.433152
0.1518 0.431104
0.1536 0.431104
0.1806 0.434176
0.1462 0.425984
0.1464 0.431104
0.1431 0.431104
0.1448 0.432128
0.1984 0.43008
0.1653 0.434176
0.187 0.431104
0.1467 0.431104
0.3212 0.431104
0.1648 0.429056
0.1519 0.433152
0.1459 0.432128
0.1812 0.428032
0.15 0.432128
0.1508 0.432128
0.1529 0.433152
0.2053 0.43008
0.2538 0.43008
0.3109 0.428032
0.1471 0.431104
0.4786 0.432128
0.1458 0.433152
0.145 0.432128
0.15 0.433152
0.161 0.43008
0.1462 0.432128
0.3585 0.43008
0.1969 0.43008
0.1518 0.432128
0.3209 0.433152
0.1469 0.432128
0.1973 0.431104
0.1971 0.43008
0.1776 0.432128
0.1494 0.431104
0.1526 0.432128
0.148 0.43008
0.2016 0.431104
0.2246 0.431104
0.1441 0.431104
0.1524 0.43008
0.177 0.432128
0.263 0.431104
0.161 0.432128
0.151 0.432128
0.1527 0.432128
0.1506 0.432128
0.1482 0.433152
0.1547 0.431104
0.1492 0.433152
0.1452 0.432128
0.1457 0.431104
0.1473 0.431104
0.2022 0.433152
0.26 0.431104
0.3259 0.431104
0.1421 0.432128
0.3369 0.433152
0.1505 0.432128
0.1581 0.429056
0.1492 0.432128
0.1519 0.432128
0.1493 0.43008
0.1538 0.43008
0.1569 0.433152
0.1671 0.432128
0.2724 0.429056
0.1522 0.432128
0.1455 0.43008
0.1654 0.432128
0.1545 0.431104
0.1475 0.43008
0.1476 0.431104
0.1537 0.431104
0.1433 0.432128
0.3526 0.43008
0.1543 0.432128
0.1565 0.433152
0.1627 0.429056
0.1933 0.429056
0.1715 0.432128
0.1505 0.432128
0.15 0.431104
0.1561 0.43008
0.1536 0.434176
0.1465 0.431104
0.1487 0.43008
0.1485 0.432128
0.1437 0.433152
0.1457 0.432128
0.1422 0.433152
0.1814 0.43008
0.1513 0.432128
0.3299 0.432128
0.1484 0.433152
0.1465 0.427008
0.1447 0.431104
0.1517 0.432128
0.1469 0.43008
0.1467 0.431104
0.1488 0.431104
0.1635 0.427008
0.1512 0.433152
0.1558 0.432128
0.1565 0.432128
0.1483 0.43008
0.1818 0.432128
0.1591 0.433152
0.1513 0.431104
0.1456 0.431104
0.163 0.429056
0.1481 0.431104
0.1514 0.433152
0.1465 0.43008
0.1458 0.429056
0.148 0.431104
0.3186 0.4352
0.1452 0.432128
0.1524 0.432128
0.1593 0.43008
0.152 0.431104
0.1952 0.43008
0.1475 0.431104
0.1539 0.431104
0.1547 0.43008
0.1482 0.43008
0.2206 0.433152
0.1597 0.432128
0.1575 0.431104
0.3203 0.431104
0.1506 0.43008
0.1441 0.431104
0.1409 0.43008
0.1506 0.43008
0.149 0.432128
0.2904 0.429056
0.1511 0.432128
0.147 0.43008
0.1911 0.434176
0.1807 0.432128
0.1509 0.432128
0.1598 0.432128
0.1622 0.431104
0.1532 0.431104
0.1446 0.429056
0.2034 0.432128
0.2268 0.43008
0.1484 0.432128
0.2498 0.43008
0.1437 0.434176
0.2045 0.429056
0.1885 0.431104
0.1565 0.432128
0.1549 0.431104
0.2247 0.433152
0.1571 0.431104
0.1505 0.429056
0.1573 0.43008
0.1503 0.431104
0.1474 0.432128
0.1584 0.432128
0.1478 0.429056
0.144 0.434176
0.142 0.434176
0.1491 0.431104
0.1846 0.431104
0.1482 0.43008
0.147 0.431104
0.1476 0.433152
0.1533 0.432128
0.144 0.431104
0.1464 0.434176
0.1537 0.43008
0.1511 0.431104
0.1512 0.431104
0.1464 0.431104
0.2184 0.429056
0.1478 0.434176
0.1486 0.42496
0.1476 0.43008
0.1493 0.433152
0.1623 0.433152
0.1991 0.434176
0.1474 0.431104
0.149 0.433152
0.1513 0.432128
0.1768 0.434176
0.1737 0.434176
0.1927 0.43008
0.1469 0.429056
0.1433 0.427008
0.1439 0.433152
0.1459 0.432128
0.1464 0.432128
0.1451 0.431104
0.1653 0.434176
0.1658 0.431104
0.1433 0.434176
0.1569 0.432128
0.1558 0.432128
0.1477 0.431104
0.2152 0.434176
0.1459 0.429056
0.1454 0.4352
0.1494 0.431104
0.1528 0.432128
0.1556 0.431104
0.1562 0.429056
0.1503 0.433152
0.1463 0.433152
0.1921 0.431104
0.1683 0.434176
0.2842 0.431104
0.3133 0.433152
0.252 0.432128
0.2195 0.432128
0.1478 0.431104
0.1459 0.432128
0.1446 0.432128
0.1489 0.432128
0.148 0.431104
0.1466 0.431104
0.1494 0.431104
0.1988 0.432128
0.1738 0.429056
0.2912 0.433152
0.1494 0.432128
0.1553 0.429056
0.2035 0.433152
0.2488 0.431104
0.1579 0.432128
0.1447 0.433152
0.2221 0.433152
0.1449 0.432128
0.146 0.43008
0.1518 0.433152
0.1445 0.434176
0.1836 0.432128
0.1565 0.432128
0.152 0.432128
0.1702 0.431104
0.1495 0.432128
0.1461 0.432128
0.1423 0.434176
0.2084 0.432128
0.1454 0.431104
0.145 0.432128
0.1486 0.431104
0.1546 0.432128
0.1607 0.434176
0.1578 0.433152
0.146 0.43008
0.1448 0.434176
0.2152 0.431104
0.2952 0.431104
0.1455 0.432128
0.1509 0.43008
0.1979 0.43008
0.1542 0.432128
0.1512 0.431104
0.1598 0.432128
0.1561 0.433152
0.1527 0.431104
0.148 0.43008
0.147 0.431104
0.1444 0.434176
0.1452 0.432128
0.1492 0.428032
0.1738 0.4352
0.145 0.431104
0.2294 0.43008
0.3505 0.432128
0.1508 0.432128
0.236 0.429056
0.1562 0.431104
0.1445 0.431104
0.1455 0.431104
0.1454 0.43008
0.1454 0.432128
0.1663 0.428032
0.151 0.432128
0.1556 0.432128
0.1772 0.433152
0.3277 0.431104
0.1457 0.434176
0.2585 0.433152
0.1607 0.431104
0.145 0.432128
0.3325 0.429056
0.3279 0.43008
0.1482 0.43008
0.1631 0.432128
0.2597 0.43008
0.2475 0.431104
0.1489 0.431104
0.1474 0.433152
0.1452 0.432128
0.1496 0.432128
0.2189 0.431104
0.1468 0.431104
0.1443 0.431104
0.184 0.431104
0.1649 0.431104
0.1421 0.43008
0.1544 0.431104
0.1429 0.429056
0.3299 0.433152
0.1468 0.431104
0.1455 0.434176
0.2115 0.431104
0.1528 0.43008
0.2698 0.431104
0.1495 0.433152
0.1487 0.429056
0.1508 0.431104
0.2956 0.43008
0.1522 0.428032
0.1496 0.42496
0.3427 0.790528
0.1529 0.551936
0.1456 0.749568
0.1503 0.423936
0.2132 0.42496
0.1491 0.42496
0.1528 0.421888
0.1543 0.423936
0.1491 0.421888
0.1461 0.422912
0.1501 0.41984
0.1484 0.417792
0.1473 0.417792
0.1502 0.420864
0.1537 0.415744
0.1501 0.418816
0.1667 0.417792
0.1475 0.417792
0.1481 0.420864
0.3449 0.418816
0.3272 0.41472
0.1446 0.420864
0.3242 0.418816
0.1459 0.418816
0.1508 0.41984
0.1508 0.41984
0.1485 0.415744
0.1475 0.416768
0.1491 0.418816
0.1509 0.417792
0.148 0.416768
0.156 0.418816
0.1459 0.41984
0.1463 0.420864
0.1476 0.422912
0.1447 0.420864
0.1476 0.422912
0.1448 0.423936
0.1542 0.78848
0.1486 0.423936
0.1501 0.423936
0.1489 0.805888
0.1633 0.782336
0.1469 0.549888
0.1482 0.425984
0.158 0.428032
0.1469 0.428032
0.1474 0.427008
0.1503 0.429056
0.151 0.428032
0.1489 0.43008
0.2663 0.431104
0.3252 0.432128
0.1538 0.432128
0.1511 0.432128
0.1747 0.432128
0.1643 0.43008
0.3193 0.4352
0.1433 0.437248
0.1848 0.437248
0.1619 0.433152
0.1496 0.436224
0.1652 0.44032
0.1541 0.436224
0.1568 0.436224
0.147 0.438272
0.1624 0.439296
0.1456 0.439296
0.1445 0.441344
0.1475 0.438272
1.3383 0.44032
0.2055 0.441344
0.1477 0.441344
0.1495 0.438272
0.1506 0.441344
0.1642 0.439296
0.2874 0.438272
0.2519 0.441344
0.2907 0.437248
0.1505 0.437248
0.1448 0.4352
0.1462 0.44032
0.1485 0.434176
0.1488 0.436224
0.1459 0.434176
0.148 0.437248
0.1458 0.433152
0.1486 0.434176
0.1451 0.431104
0.3592 0.432128
0.1444 0.429056
0.1565 0.429056
0.1491 0.43008
0.2037 0.428032
0.1485 0.425984
0.1441 0.428032
0.1481 0.429056
0.145 0.549888
0.1496 0.852992
0.1481 0.422912
0.1506 0.801792
0.3229 0.423936
0.2016 0.423936
0.3359 0.422912
0.1475 0.423936
0.1452 0.420864
0.1513 0.421888
0.148 0.41984
0.1433 0.417792
0.1504 0.41984
0.1467 0.417792
0.1877 0.416768
0.1466 0.418816
0.1517 0.417792
0.1526 0.416768
0.147 0.411648
0.1472 0.41472
0.1995 0.415744
0.1462 0.41472
0.1527 0.413696
0.2444 0.412672
0.1502 0.413696
0.3141 0.415744
0.1518 0.410624
0.1481 0.407552
0.1712 0.408576
0.3299 0.408576
0.1691 0.405504
0.1454 0.407552
0.2245 0.408576
0.1571 0.407552
0.1568 0.406528
0.1457 0.406528
0.1586 0.406528
0.1491 0.403456
0.1519 0.402432
0.1532 0.402432
0.1482 0.400384
0.1473 0.400384
0.1435 0.401408
0.1878 0.398336
0.1542 0.398336
0.1531 0.400384
0.1478 0.398336
0.1463 0.396288
0.1467 0.397312
0.1473 0.393216
0.2981 0.396288
0.145 0.39424
0.1545 0.39424
0.2569 0.393216
0.3193 0.393216
0.1455 0.392192
0.3278 0.392192
0.1795 0.391168
0.1458 0.387072
0.1502 0.38912
0.1472 0.38912
0.1458 0.387072
0.1487 0.385024
0.1447 0.388096
0.1568 0.388096
0.1509 0.386048
0.243 0.384
0.1573 0.385024
0.1467 0.381952
0.2748 0.382976
0.1894 0.381952
0.1546 0.380928
0.3427 0.379904
0.146 0.379904
0.1486 0.379904
0.1447 0.379904
0.1458 0.377856
0.1495 0.379904
0.1525 0.377856
0.1499 0.37376
0.3354 0.375808
0.1595 0.376832
0.1618 0.374784
0.1495 0.375808
0.1543 0.37376
0.327 0.372736
0.3323 0.371712
0.147 0.370688
0.1516 0.369664
0.1596 0.370688
0.1475 0.372736
0.1605 0.369664
0.1439 0.366592
0.15 0.369664
0.1453 0.366592
0.145 0.36864
0.1465 0.365568
0.1637 0.364544
0.153 0.365568
0.1488 0.367616
0.1817 0.362496
0.1443 0.36352
0.2261 0.362496
0.1478 0.364544
0.1479 0.366592
0.1574 0.365568
0.1445 0.361472
0.1491 0.361472
0.2031 0.362496
0.1459 0.36352
0.1782 0.364544
0.1557 0.362496
0.24 0.36352
0.1488 0.364544
0.3471 0.362496
0.1472 0.364544
0.1538 0.364544
0.1481 0.364544
0.146 0.364544
0.1566 0.364544
0.1446 0.36352
0.1467 0.364544
0.1706 0.36352
0.1458 0.364544
0.1464 0.362496
0.3316 0.362496
0.3835 0.36352
0.1533 0.36352
0.3208 0.365568
0.3213 0.365568
0.1467 0.362496
0.145 0.365568
0.1512 0.362496
0.1514 0.362496
0.1486 0.36352
0.1522 0.361472
0.1454 0.361472
0.1435 0.366592
0.1518 0.36352
0.1514 0.364544
0.1485 0.36352
0.1515 0.36352
0.15 0.36352
0.1507 0.36352
0.1458 0.36352
0.1503 0.362496
0.1494 0.361472
0.1464 0.361472
0.1456 0.364544
0.1489 0.362496
0.1832 0.36352
0.2591 0.364544
0.1486 0.364544
0.1467 0.361472
0.1461 0.364544
0.1501 0.36352
0.3349 0.36352
0.1618 0.365568
0.1506 0.362496
0.1465 0.364544
0.1511 0.364544
0.15 0.364544
0.1473 0.36352
0.1516 0.364544
0.1508 0.361472
0.1471 0.364544
0.1483 0.360448
0.1535 0.36352
0.145 0.364544
0.1442 0.36352
0.1567 0.364544
0.1466 0.361472
0.1513 0.361472
0.1925 0.365568
0.1455 0.362496
0.1512 0.36352
0.1518 0.362496
0.1456 0.365568
0.145 0.364544
0.1457 0.36352
0.1474 0.36352
0.182 0.364544
0.146 0.36352
0.1473 0.364544
0.1629 0.36352
0.1499 0.36352
0.1448 0.36352
0.3826 0.364544
0.1822 0.36352
0.1886 0.364544
0.1541 0.364544
0.1504 0.36352
0.1504 0.365568
0.1481 0.365568
0.1519 0.364544
0.1522 0.364544
0.1514 0.362496
0.151 0.365568
0.1453 0.365568
0.1512 0.36352
0.2488 0.365568
0.1509 0.362496
0.1886 0.364544
0.1493 0.36352
0.1452 0.36352
0.1578 0.361472
0.1492 0.360448
0.1486 0.361472
0.1479 0.361472
0.1444 0.360448
0.1532 0.3584
0.1615 0.3584
0.1473 0.356352
0.1458 0.357376
0.1491 0.357376
0.145 0.355328
0.1511 0.354304
0.1472 0.35328
0.1447 0.356352
0.1508 0.351232
0.1437 0.352256
0.1444 0.352256
0.1445 0.351232
0.3179 0.350208
0.3398 0.352256
0.1615 0.350208
0.1445 0.349184
0.1484 0.352256
0.1486 0.34816
0.1451 0.345088
0.1552 0.349184
0.1622 0.34304
