0.2401 0.45568
0.3298 0.458752
0.3315 0.45568
0.3412 0.458752
0.1564 0.456704
0.1453 0.453632
0.1654 0.456704
0.1599 0.453632
0.1354 0.456704
0.2129 0.453632
0.1559 0.45056
0.1502 0.579584
0.1708 0.818176
0.3358 0.899072
0.1617 0.456704
0.1471 0.45568
0.1467 0.45568
0.1431 0.4608
0.1462 0.45568
0.1435 0.456704
0.1515 0.453632
0.1444 0.456704
0.1499 0.4608
0.2488 0.456704
0.1664 0.454656
0.1513 0.45568
0.1496 0.453632
0.2321 0.45568
0.15 0.456704
0.1458 0.457728
0.1901 0.453632
0.1451 0.457728
0.205 0.451584
0.3322 0.45568
0.1464 0.454656
0.1601 0.457728
0.3054 0.45568
0.1553 0.458752
0.1567 0.451584
0.1507 0.456704
0.1543 0.456704
0.1462 0.457728
0.1513 0.45568
0.1502 0.45568
0.1485 0.45568
0.1506 0.456704
0.1492 0.454656
0.1452 0.45568
0.3393 0.451584
0.152 0.45568
0.1439 0.456704
0.1471 0.457728
0.1768 0.454656
0.1451 0.457728
0.2835 0.459776
0.1526 0.45568
0.1546 0.457728
0.1512 0.456704
0.2113 0.454656
0.1647 0.456704
0.1421 0.457728
0.3343 0.45568
0.1481 0.45568
0.1744 0.457728
0.1472 0.458752
0.1504 0.456704
0.151 0.454656
0.1483 0.454656
0.1441 0.456704
0.1485 0.45568
0.1474 0.454656
0.1406 0.454656
0.1461 0.457728
0.1494 0.457728
0.2328 0.456704
0.1607 0.457728
0.1464 0.454656
0.1445 0.456704
0.1442 0.45568
0.1506 0.453632
0.1448 0.454656
0.1465 0.454656
0.1515 0.456704
0.2114 0.45568
0.2438 0.456704
0.1978 0.456704
0.1824 0.456704
0.1436 0.45568
0.1458 0.457728
0.1442 0.456704
0.1456 0.451584
0.1498 0.456704
0.151 0.457728
0.1435 0.45568
0.1444 0.45568
0.1775 0.458752
0.1574 0.452608
0.1504 0.458752
0.252 0.456704
0.1477 0.454656
0.1455 0.456704
0.1466 0.45568
0.1952 0.454656
0.146 0.454656
0.1463 0.45568
0.1471 0.456704
0.1515 0.453632
0.151 0.45568
0.1426 0.456704
0.1466 0.459776
0.1437 0.45568
0.1448 0.453632
0.148 0.454656
0.3269 0.45568
0.1444 0.454656
0.1503 0.45568
0.1479 0.453632
0.3907 0.456704
0.1424 0.456704
0.1806 0.458752
0.1448 0.45568
0.1516 0.45568
0.1482 0.456704
0.1497 0.458752
0.1437 0.453632
0.1547 0.453632
0.29 0.452608
0.1497 0.452608
0.1509 0.453632
0.143 0.453632
0.15 0.452608
0.3235 0.453632
0.3443 0.451584
0.288 0.454656
0.161 0.45056
0.1516 0.449536
0.1442 0.451584
0.1522 0.453632
0.1454 0.452608
0.1441 0.452608
0.145 0.454656
0.1432 0.451584
0.1461 0.45056
0.1504 0.454656
0.1502 0.451584
0.3326 0.45056
0.1445 0.451584
0.1457 0.45056
0.1514 0.45056
0.147 0.449536
0.1457 0.452608
0.1739 0.45056
0.1436 0.451584
0.2141 0.45056
0.149 0.448512
0.1719 0.454656
0.3364 0.452608
0.1462 0.454656
0.2497 0.452608
0.3428 0.452608
0.3221 0.45056
0.3288 0.45056
0.1513 0.451584
0.1493 0.451584
0.1451 0.452608
0.1689 0.45056
0.1479 0.451584
0.1435 0.452608
0.1483 0.452608
0.1495 0.453632
0.2026 0.453632
0.2246 0.449536
0.1444 0.448512
0.154 0.447488
0.151 0.447488
0.1415 0.45056
0.1456 0.449536
0.1463 0.44544
0.1455 0.446464
0.1442 0.443392
0.148 0.444416
0.1505 0.444416
0.1467 0.443392
0.1449 0.443392
0.2195 0.444416
0.1922 0.443392
0.1484 0.446464
0.1485 0.446464
0.1428 0.446464
0.2028 0.441344
0.1532 0.443392
0.1431 0.442368
0.1584 0.444416
0.1565 0.44544
0.2176 0.44544
0.2183 0.441344
0.1472 0.444416
0.1485 0.446464
0.3201 0.44544
0.1599 0.44544
0.1434 0.44544
0.15 0.444416
0.3324 0.444416
0.1701 0.444416
0.1677 0.443392
0.1466 0.447488
0.1536 0.441344
0.1582 0.44544
0.1534 0.44032
0.1572 0.444416
0.1485 0.439296
0.1724 0.44032
0.2476 0.441344
0.2018 0.442368
0.1472 0.439296
0.1539 0.44032
0.2851 0.441344
0.1511 0.437248
0.1422 0.438272
0.2264 0.438272
0.2013 0.442368
0.1437 0.441344
0.1617 0.438272
0.1562 0.44032
0.146 0.437248
0.1435 0.437248
0.1527 0.437248
0.146 0.44032
0.1482 0.44032
0.1471 0.44032
0.1605 0.437248
0.1465 0.439296
0.1477 0.44032
0.1549 0.439296
0.1437 0.439296
0.1441 0.441344
0.1464 0.442368
0.1473 0.439296
0.1479 0.438272
0.1444 0.437248
0.1456 0.439296
0.1467 0.438272
0.146 0.439296
0.148 0.44032
0.1554 0.441344
0.1452 0.439296
0.1745 0.439296
0.148 0.442368
0.1457 0.442368
0.1439 0.44032
0.3541 0.439296
0.1488 0.442368
0.1468 0.44032
0.1493 0.438272
0.1419 0.438272
0.2218 0.442368
0.1435 0.44032
0.1476 0.438272
0.1483 0.441344
0.1482 0.442368
0.1537 0.438272
0.143 0.439296
0.1455 0.442368
0.1746 0.439296
0.1479 0.439296
0.146 0.44032
0.1451 0.444416
0.2079 0.439296
0.1492 0.438272
0.1591 0.44032
0.1479 0.439296
0.1769 0.44032
0.1487 0.437248
0.3175 0.438272
0.3221 0.437248
0.1507 0.443392
0.1723 0.439296
0.1445 0.439296
0.184 0.436224
0.145 0.438272
0.2264 0.438272
0.145 0.439296
0.1455 0.44032
0.1452 0.438272
0.1436 0.441344
0.1487 0.439296
0.146 0.441344
0.1861 0.439296
0.2018 0.44032
0.1503 0.44032
0.3279 0.439296
0.1503 0.439296
0.3284 0.44032
0.1769 0.442368
0.2821 0.439296
0.3178 0.438272
0.3254 0.439296
0.3285 0.439296
0.329 0.439296
0.3361 0.442368
0.1606 0.441344
0.1466 0.439296
0.1503 0.438272
0.1483 0.438272
0.1443 0.441344
0.1467 0.438272
0.3579 0.44032
0.1566 0.44032
0.147 0.439296
0.1457 0.44032
0.1498 0.443392
0.1447 0.44032
0.1428 0.442368
0.1479 0.441344
0.1588 0.44032
0.3318 0.44032
0.1496 0.443392
0.1539 0.44032
0.1712 0.441344
0.15 0.441344
0.1461 0.441344
0.1432 0.442368
0.3045 0.441344
0.1555 0.439296
0.1479 0.439296
0.1442 0.439296
0.1445 0.441344
0.1495 0.443392
0.1548 0.441344
0.2454 0.44032
0.1476 0.439296
0.1455 0.439296
0.1554 0.44032
0.1472 0.44032
0.1461 0.441344
0.1442 0.441344
0.32 0.441344
0.1577 0.443392
0.144 0.44032
0.1417 0.443392
0.163 0.441344
0.1946 0.439296
0.1766 0.44032
0.1458 0.441344
0.326 0.442368
0.154 0.44032
0.146 0.443392
0.1459 0.44032
0.1476 0.441344
0.1933 0.44032
0.1471 0.44032
0.2103 0.444416
0.1532 0.439296
0.258 0.44032
0.151 0.442368
0.1483 0.438272
0.1492 0.439296
0.1441 0.44032
0.1463 0.44032
0.1516 0.441344
0.1448 0.441344
0.1491 0.439296
0.146 0.438272
0.1502 0.442368
0.1554 0.442368
0.1526 0.439296
0.3626 0.441344
0.2612 0.442368
0.1495 0.439296
0.1465 0.443392
0.1492 0.442368
0.1463 0.442368
0.3177 0.44544
0.1506 0.44032
0.1927 0.44032
0.1476 0.439296
0.1711 0.439296
0.1531 0.439296
0.1453 0.442368
0.3254 0.442368
0.1495 0.442368
0.1455 0.443392
0.1527 0.443392
0.3237 0.441344
0.315 0.44032
0.3202 0.441344
0.1476 0.441344
0.2224 0.442368
0.3335 0.441344
0.2943 0.442368
0.1648 0.442368
0.3264 0.44032
0.1483 0.441344
0.2069 0.439296
0.4383 0.441344
0.2145 0.443392
0.366 0.44032
0.1485 0.44032
0.3302 0.442368
0.3371 0.442368
0.1476 0.441344
0.2615 0.441344
0.1516 0.44032
0.1458 0.441344
0.1545 0.442368
0.1454 0.441344
0.1736 0.441344
0.1486 0.443392
0.1571 0.439296
0.1468 0.442368
0.2299 0.439296
0.338 0.441344
0.1761 0.438272
0.207 0.44032
0.3759 0.439296
0.3343 0.44032
0.1496 0.44032
0.1499 0.44032
0.1591 0.443392
0.1499 0.442368
0.1595 0.441344
0.1512 0.441344
0.1464 0.442368
0.1492 0.441344
0.3034 0.439296
0.1832 0.438272
0.2967 0.441344
0.2247 0.439296
0.1488 0.44032
0.1472 0.441344
0.1428 0.44032
0.149 0.438272
0.1457 0.436224
0.1497 0.441344
0.1503 0.44032
0.1439 0.441344
0.1504 0.439296
0.1486 0.439296
0.3383 0.437248
0.1616 0.443392
0.1437 0.439296
0.147 0.441344
0.2072 0.44032
0.1623 0.44032
0.2871 0.44032
0.3648 0.44032
0.1457 0.441344
0.151 0.439296
0.329 0.441344
0.1452 0.44032
0.158 0.436224
0.1623 0.44032
0.1489 0.439296
0.3192 0.44032
0.1438 0.442368
0.148 0.44032
0.3349 0.441344
0.1504 0.439296
0.1512 0.441344
0.3314 0.44032
0.1532 0.439296
0.1496 0.443392
0.1456 0.442368
0.1459 0.442368
0.1463 0.441344
0.156 0.442368
0.1489 0.441344
0.1479 0.443392
0.1482 0.444416
0.3326 0.444416
0.1495 0.449536
0.1478 0.444416
0.1532 0.446464
0.147 0.448512
0.1701 0.444416
0.2553 0.446464
0.1466 0.449536
0.1612 0.446464
0.1472 0.447488
0.1723 0.44544
0.146 0.447488
0.3194 0.446464
0.187 0.448512
0.1442 0.448512
0.1501 0.449536
0.1455 0.44544
0.1724 0.447488
0.2139 0.446464
0.1433 0.449536
0.328 0.448512
0.1492 0.448512
0.1464 0.447488
0.1486 0.447488
0.1453 0.446464
0.1486 0.447488
0.3269 0.446464
0.1421 0.447488
0.1463 0.44544
0.3231 0.446464
0.1727 0.446464
0.244 0.447488
0.248 0.447488
0.1512 0.446464
0.3606 0.446464
0.1537 0.447488
0.1459 0.448512
0.1488 0.447488
0.1426 0.447488
0.1478 0.448512
0.1469 0.443392
0.1469 0.449536
0.1489 0.447488
0.1447 0.448512
0.3314 0.446464
0.1497 0.449536
0.1455 0.447488
0.1517 0.446464
0.1473 0.448512
0.1518 0.446464
0.143 0.449536
0.1456 0.447488
0.141 0.44544
0.1442 0.446464
0.2744 0.447488
0.2818 0.447488
0.2451 0.449536
0.1521 0.447488
0.1489 0.446464
0.1653 0.446464
0.1496 0.447488
0.1447 0.446464
0.1555 0.447488
0.1475 0.446464
0.1532 0.446464
0.3249 0.446464
0.1488 0.446464
0.1511 0.448512
0.1498 0.448512
0.1463 0.446464
0.1438 0.446464
0.1496 0.448512
0.1447 0.446464
0.2318 0.446464
0.1463 0.447488
0.1471 0.448512
0.1451 0.449536
0.2834 0.45056
0.1503 0.45056
0.1463 0.449536
0.1502 0.45056
0.1559 0.451584
0.1669 0.452608
0.1497 0.453632
0.1448 0.451584
0.1434 0.452608
0.1462 0.452608
0.1474 0.452608
0.1436 0.454656
0.1437 0.45568
0.148 0.453632
0.1433 0.452608
0.3351 0.454656
0.3002 0.452608
0.145 0.452608
0.3204 0.452608
0.1533 0.453632
0.143 0.451584
0.1738 0.452608
0.1481 0.453632
0.3229 0.452608
0.144 0.452608
0.1447 0.453632
0.3266 0.457728
0.1746 0.454656
0.3264 0.453632
0.1982 0.453632
0.2027 0.454656
0.148 0.452608
0.1481 0.452608
0.3251 0.453632
0.1718 0.453632
0.145 0.451584
0.1507 0.453632
0.1527 0.449536
0.1458 0.45056
0.1475 0.45056
0.2621 0.449536
0.1703 0.447488
0.1485 0.448512
0.1465 0.448512
0.1719 0.446464
0.1467 0.447488
0.3206 0.449536
0.149 0.446464
0.1503 0.45056
0.1489 0.447488
0.1444 0.449536
0.1759 0.44544
0.2145 0.45056
0.2179 0.451584
0.1431 0.447488
0.1509 0.446464
0.3421 0.44544
0.1423 0.448512
0.1511 0.448512
0.147 0.449536
0.1708 0.447488
0.1501 0.444416
0.1446 0.443392
0.1516 0.443392
0.2532 0.439296
0.1651 0.443392
0.1866 0.44032
0.1465 0.439296
0.1435 0.437248
0.1476 0.439296
0.1421 0.436224
0.144 0.4352
0.1543 0.4352
0.1455 0.436224
0.1453 0.4352
0.1461 0.437248
0.1466 0.437248
0.217 0.434176
0.2807 0.437248
0.1473 0.4352
0.1469 0.436224
0.1451 0.4352
0.146 0.436224
0.2194 0.441344
0.1438 0.442368
0.145 0.441344
0.1444 0.442368
0.1506 0.447488
0.1533 0.449536
0.3272 0.447488
0.348 0.44032
0.1493 0.448512
0.1461 0.449536
0.1448 0.451584
0.1459 0.451584
0.1442 0.451584
0.1452 0.45056
0.144 0.451584
0.1479 0.451584
0.1533 0.451584
0.1613 0.452608
0.2205 0.452608
0.3332 0.453632
0.1561 0.452608
0.1456 0.453632
0.1492 0.454656
0.1856 0.452608
0.1456 0.454656
0.2796 0.45568
0.1488 0.453632
0.149 0.45568
0.153 0.45568
0.1457 0.454656
0.1469 0.452608
0.146 0.453632
0.1465 0.453632
0.1426 0.454656
0.2303 0.45568
0.1503 0.453632
0.1896 0.456704
0.1483 0.453632
0.1492 0.457728
0.1944 0.456704
0.1706 0.454656
0.1543 0.454656
0.1488 0.456704
0.2374 0.456704
0.1577 0.457728
0.1445 0.45568
0.146 0.457728
0.145 0.456704
0.1441 0.45568
0.152 0.456704
0.1583 0.457728
0.1429 0.451584
0.1612 0.458752
0.1518 0.454656
0.2509 0.456704
0.4032 0.454656
0.1877 0.453632
0.1528 0.453632
0.1439 0.447488
0.1508 0.453632
0.1485 0.454656
0.145 0.456704
0.1481 0.451584
0.1473 0.452608
0.1471 0.451584
0.145 0.453632
0.1463 0.454656
0.4053 0.45568
0.2473 0.454656
0.1444 0.454656
0.3258 0.453632
0.1447 0.453632
0.1446 0.452608
0.328 0.452608
0.1488 0.452608
0.1461 0.45568
0.3258 0.454656
0.1481 0.452608
0.1468 0.451584
0.1457 0.453632
0.1442 0.452608
0.1468 0.45568
0.1802 0.448512
0.1512 0.452608
0.1447 0.452608
0.1621 0.453632
0.1444 0.452608
0.1452 0.452608
0.1507 0.451584
0.1482 0.45568
0.1471 0.457728
0.1503 0.45568
0.1797 0.453632
0.1446 0.456704
0.3203 0.456704
0.1465 0.45568
0.1463 0.456704
0.1488 0.457728
0.1536 0.456704
0.1561 0.459776
0.1458 0.456704
0.1453 0.459776
0.1511 0.4608
0.3201 0.458752
0.1462 0.457728
0.2383 0.457728
0.1569 0.452608
0.1481 0.457728
0.1487 0.457728
0.234 0.45568
0.1475 0.457728
0.1493 0.458752
0.2247 0.457728
0.1485 0.459776
0.1605 0.457728
0.3254 0.459776
0.2669 0.456704
0.1536 0.454656
0.1473 0.453632
0.1439 0.457728
0.1453 0.457728
0.1514 0.461824
0.2157 0.457728
0.163 0.456704
0.1464 0.457728
0.1471 0.457728
0.1441 0.454656
0.178 0.454656
0.1863 0.456704
0.1778 0.457728
0.2456 0.454656
0.1482 0.454656
0.1491 0.453632
0.1425 0.456704
0.1457 0.454656
0.1574 0.452608
0.1452 0.454656
0.1473 0.454656
0.1475 0.452608
0.1913 0.452608
0.246 0.451584
0.2137 0.454656
0.1488 0.449536
0.1473 0.452608
0.1472 0.45056
0.1777 0.451584
0.1466 0.451584
0.1472 0.453632
0.1459 0.45056
0.1463 0.451584
0.1465 0.454656
0.1511 0.453632
0.1591 0.454656
0.2857 0.452608
0.152 0.454656
0.1502 0.457728
0.1707 0.456704
0.1449 0.456704
0.1474 0.454656
0.1482 0.456704
0.1458 0.454656
0.1508 0.454656
0.1467 0.458752
0.1512 0.458752
0.1494 0.453632
0.1519 0.45568
0.3351 0.456704
0.1456 0.454656
0.1443 0.45568
0.335 0.453632
0.1496 0.456704
0.1429 0.454656
0.1463 0.456704
0.1452 0.456704
0.1892 0.45568
0.1602 0.453632
0.1568 0.451584
0.2141 0.454656
0.1569 0.453632
0.1454 0.453632
0.1504 0.452608
0.1456 0.451584
0.1425 0.451584
0.1609 0.451584
0.1438 0.45056
0.1494 0.449536
0.1453 0.448512
0.28 0.448512
0.1497 0.447488
0.1466 0.448512
0.1943 0.447488
0.166 0.443392
0.1467 0.44544
0.1469 0.446464
0.1454 0.44544
0.144 0.44544
0.1436 0.44544
0.1476 0.444416
0.1454 0.44544
0.1491 0.448512
0.149 0.44544
0.2431 0.44544
0.1724 0.444416
0.1511 0.44544
0.1474 0.44544
0.3428 0.44544
0.2122 0.443392
0.1587 0.446464
0.2553 0.45056
0.1499 0.44544
0.1439 0.446464
0.1474 0.446464
0.156 0.446464
0.235 0.443392
0.1642 0.446464
0.1531 0.44544
0.1474 0.444416
0.1483 0.446464
0.2405 0.446464
0.1496 0.443392
0.1453 0.447488
0.1559 0.44544
0.1494 0.446464
0.1479 0.447488
0.3279 0.447488
0.2758 0.449536
0.156 0.448512
0.322 0.448512
0.1483 0.449536
0.1482 0.45056
0.1461 0.449536
0.144 0.451584
0.1482 0.452608
0.1468 0.448512
0.1504 0.449536
0.1777 0.449536
0.1482 0.449536
0.2092 0.45056
0.2032 0.448512
0.1504 0.449536
0.1434 0.448512
0.148 0.448512
0.1456 0.449536
0.1476 0.452608
0.1515 0.447488
0.1422 0.448512
0.1455 0.45056
0.4152 0.451584
0.1458 0.449536
0.2154 0.448512
0.2221 0.452608
0.1543 0.448512
0.1432 0.451584
0.2064 0.447488
0.1536 0.45056
0.1437 0.447488
0.146 0.449536
0.1538 0.449536
0.1487 0.448512
0.1495 0.45056
0.1474 0.45056
0.1487 0.449536
0.1449 0.451584
0.1511 0.449536
0.152 0.449536
0.1494 0.451584
0.1456 0.446464
0.149 0.449536
0.1875 0.45056
0.1471 0.45056
0.146 0.449536
0.2071 0.45056
0.1478 0.448512
0.148 0.449536
0.3464 0.447488
0.3609 0.448512
0.1457 0.45056
0.1479 0.452608
0.1439 0.449536
0.1475 0.448512
0.1475 0.449536
0.148 0.451584
0.1499 0.448512
0.154 0.449536
0.1499 0.446464
0.1501 0.45056
0.2572 0.449536
0.1439 0.45056
0.1456 0.451584
0.1496 0.451584
0.1456 0.44544
0.1475 0.449536
0.2162 0.45056
0.143 0.449536
0.2264 0.45056
0.2158 0.449536
0.3217 0.446464
0.1941 0.449536
0.3548 0.451584
0.2344 0.451584
0.1484 0.452608
0.183 0.449536
0.145 0.448512
0.1498 0.45056
0.1481 0.45056
0.1467 0.449536
0.1472 0.451584
0.2839 0.452608
0.1469 0.446464
0.175 0.448512
0.1521 0.452608
0.2514 0.449536
0.2498 0.45056
0.1475 0.448512
0.148 0.447488
0.1451 0.447488
0.151 0.45056
0.1435 0.448512
0.1425 0.449536
0.2097 0.452608
0.1444 0.449536
0.1464 0.448512
0.1491 0.45056
0.2102 0.449536
0.1993 0.449536
0.1509 0.45056
0.241 0.45056
0.146 0.45056
0.1436 0.449536
0.148 0.449536
0.1463 0.449536
0.3284 0.45056
0.1491 0.449536
0.1514 0.451584
0.1471 0.448512
0.1516 0.45056
0.1438 0.449536
0.1791 0.452608
0.1479 0.449536
0.1486 0.451584
0.1842 0.448512
0.1513 0.45056
0.1446 0.449536
0.3441 0.448512
0.1456 0.449536
0.1469 0.449536
0.145 0.451584
0.1573 0.451584
0.1845 0.451584
0.1532 0.448512
0.1527 0.45056
0.1475 0.451584
0.1504 0.452608
0.1502 0.448512
0.34 0.45056
0.1487 0.449536
0.1476 0.449536
0.1484 0.449536
0.1475 0.451584
0.1487 0.449536
0.1604 0.449536
0.2026 0.45056
0.152 0.448512
0.3773 0.447488
0.1543 0.452608
0.1477 0.45056
0.1461 0.45056
0.2983 0.45056
0.144 0.447488
0.1477 0.452608
0.157 0.448512
0.1526 0.452608
0.1974 0.449536
0.1448 0.449536
0.1484 0.454656
0.1452 0.451584
0.1468 0.454656
0.312 0.45056
0.1483 0.45056
0.147 0.453632
0.1477 0.451584
0.1457 0.45056
0.1463 0.452608
0.2846 0.449536
0.3836 0.451584
0.2247 0.451584
0.1503 0.448512
0.1491 0.451584
0.156 0.45056
0.1496 0.451584
0.1458 0.45056
0.3001 0.45056
0.1481 0.45056
0.1476 0.449536
0.1514 0.45056
