0.338 0.878592
0.2551 0.806912
0.2473 0.878592
0.2238 0.806912
0.1756 0.797696
0.2996 0.806912
0.2172 0.797696
0.1936 0.87552
0.1569 0.797696
0.1462 0.87552
0.1592 0.446464
0.2063 0.444416
0.1984 0.574464
0.1663 0.816128
0.1761 0.447488
0.4038 0.838656
0.158 0.88064
0.1548 0.577536
0.1635 0.575488
0.201 0.88064
0.1629 0.88576
0.1664 0.575488
0.1568 0.823296
0.1532 0.87552
0.1561 0.873472
0.1875 0.8704
0.3319 0.869376
0.1588 0.881664
0.3381 0.877568
0.1561 0.877568
0.1571 0.896
0.3438 0.882688
0.1733 0.575488
0.1758 0.574464
0.1607 0.809984
0.1656 0.874496
0.1553 0.868352
0.159 0.574464
0.2681 0.878592
0.3438 0.876544
0.1567 0.574464
0.3363 0.877568
0.1586 0.878592
0.3323 0.876544
0.1645 0.80896
0.2587 0.871424
0.2635 0.575488
0.1572 0.882688
0.3394 0.837632
0.3493 0.82944
0.2671 0.883712
0.3463 0.576512
0.1589 0.88576
0.1638 0.874496
0.1546 0.882688
0.1565 0.888832
0.1567 0.806912
0.1579 0.797696
0.1591 0.878592
0.23 0.80896
0.1584 0.884736
0.1551 0.574464
0.16 0.813056
0.1589 0.574464
0.1606 0.87552
0.158 0.817152
0.1898 0.572416
0.334 0.816128
0.1624 0.789504
0.1628 0.871424
0.1557 0.805888
0.1631 0.831488
0.1598 0.572416
0.1559 0.574464
0.1582 0.871424
0.1636 0.576512
0.1671 0.884736
0.1524 0.57344
0.1893 0.88576
0.1774 0.57344
0.1583 0.809984
0.3431 0.877568
0.1549 0.873472
0.1581 0.883712
0.1623 0.882688
0.1537 0.79872
0.1908 0.881664
0.1565 0.805888
0.156 0.887808
0.1748 0.80896
0.1549 0.879616
0.155 0.574464
0.1601 0.888832
0.1815 0.575488
0.1572 0.882688
0.1568 0.883712
0.1635 0.797696
0.1553 0.882688
0.1692 0.88064
0.1605 0.87552
0.3411 0.576512
0.1545 0.882688
0.1564 0.872448
0.1694 0.882688
0.159 0.883712
0.1624 0.878592
0.1606 0.887808
0.1581 0.874496
0.1595 0.884736
0.3419 0.574464
0.1657 0.877568
0.1631 0.881664
0.1595 0.575488
0.3362 0.88064
0.1623 0.868352
0.1608 0.883712
0.1519 0.884736
0.1686 0.872448
0.1571 0.88064
0.1551 0.874496
0.1881 0.805888
0.1587 0.800768
0.1533 0.868352
0.2725 0.774144
0.1613 0.876544
0.1561 0.569344
0.1715 0.868352
0.157 0.88064
0.1666 0.825344
0.1558 0.874496
0.1552 0.867328
0.169 0.876544
0.1583 0.87552
0.1605 0.801792
0.1602 0.80384
0.2588 0.806912
0.3406 0.867328
0.3352 0.795648
0.1602 0.87552
0.1632 0.882688
0.1799 0.879616
0.1532 0.877568
0.3359 0.566272
0.1581 0.88064
0.1629 0.871424
0.3341 0.88576
0.1614 0.7936
0.5019 0.876544
0.3501 0.869376
0.1617 0.813056
0.3403 0.872448
0.4172 0.792576
0.1736 0.868352
0.2116 0.86528
0.1745 0.867328
0.1607 0.869376
0.1638 0.868352
0.1631 0.872448
0.186 0.56832
0.1539 0.570368
0.1608 0.871424
0.172 0.872448
0.1647 0.882688
0.1536 0.868352
0.1552 0.873472
0.1697 0.8192
0.1605 0.879616
0.1592 0.868352
0.157 0.861184
0.193 0.876544
0.1586 0.570368
0.1632 0.87552
0.365 0.872448
0.2789 0.801792
0.1601 0.56832
0.3426 0.796672
0.1587 0.882688
0.1576 0.569344
0.1558 0.8704
0.1604 0.569344
0.1643 0.874496
0.154 0.878592
0.3317 0.570368
0.1525 0.873472
0.2459 0.872448
0.1686 0.882688
0.1613 0.872448
0.1575 0.876544
0.1601 0.874496
0.1598 0.877568
0.1578 0.871424
0.1558 0.862208
0.1655 0.801792
0.1615 0.879616
0.1626 0.868352
0.2755 0.80384
0.1683 0.871424
0.2382 0.799744
0.1551 0.88064
0.2221 0.862208
0.3434 0.872448
0.1658 0.876544
0.157 0.874496
0.1683 0.879616
0.1616 0.878592
0.1601 0.570368
0.1712 0.569344
0.1593 0.881664
0.1569 0.874496
0.2261 0.87552
0.158 0.883712
0.1822 0.569344
0.1539 0.86528
0.1593 0.873472
0.155 0.882688
0.163 0.879616
0.1583 0.828416
0.1634 0.789504
0.162 0.570368
0.162 0.569344
0.1504 0.884736
0.1604 0.56832
0.1599 0.56832
0.1843 0.878592
0.3375 0.882688
0.159 0.874496
0.158 0.797696
0.1636 0.818176
0.1645 0.871424
0.1665 0.812032
0.1658 0.80896
0.1577 0.567296
0.1532 0.873472
0.2777 0.570368
0.1956 0.874496
0.1624 0.816128
0.1788 0.817152
0.1574 0.800768
0.1598 0.8704
0.1554 0.866304
0.1662 0.868352
0.1613 0.871424
0.1533 0.790528
0.1618 0.861184
0.1576 0.567296
0.1855 0.867328
0.2497 0.876544
0.2297 0.796672
0.1549 0.873472
0.1595 0.873472
0.1525 0.812032
0.1556 0.873472
0.1592 0.869376
0.1536 0.874496
0.1585 0.872448
0.1779 0.866304
0.1571 0.864256
0.1715 0.869376
0.1635 0.879616
0.159 0.86528
0.2568 0.799744
0.1563 0.804864
0.1563 0.567296
0.1568 0.873472
0.1523 0.867328
0.1566 0.8192
0.1655 0.807936
0.2071 0.874496
0.1614 0.874496
0.162 0.873472
0.1582 0.797696
0.1559 0.879616
0.3427 0.877568
0.1615 0.877568
0.1686 0.87552
0.1521 0.7936
0.1593 0.878592
0.3434 0.815104
0.1887 0.878592
0.169 0.874496
0.1609 0.88064
0.1927 0.882688
0.1584 0.876544
0.1582 0.56832
0.162 0.876544
0.1684 0.56832
0.1654 0.876544
0.1542 0.56832
0.1688 0.881664
0.2398 0.805888
0.1645 0.879616
0.161 0.863232
0.1732 0.569344
0.3395 0.874496
0.163 0.872448
0.1576 0.571392
0.1542 0.873472
0.1833 0.871424
0.1546 0.816128
0.1586 0.866304
0.4597 0.879616
0.3549 0.566272
0.1572 0.874496
0.1559 0.869376
0.1573 0.873472
0.1597 0.87552
0.1562 0.871424
0.3407 0.800768
0.1608 0.874496
0.1601 0.805888
0.1545 0.872448
0.1611 0.879616
0.1554 0.877568
0.1619 0.87552
0.3487 0.566272
0.1656 0.800768
0.1619 0.869376
0.1526 0.8704
0.1538 0.794624
0.1559 0.883712
0.3475 0.56832
0.1705 0.799744
0.1664 0.873472
0.1569 0.876544
0.2536 0.876544
0.1558 0.567296
0.1567 0.569344
0.1631 0.868352
0.2288 0.566272
0.1662 0.867328
0.153 0.873472
0.161 0.86016
0.1597 0.868352
0.1593 0.804864
0.1567 0.869376
0.1639 0.873472
0.2453 0.877568
0.1629 0.797696
0.1645 0.874496
0.1552 0.86528
0.1537 0.567296
0.156 0.566272
0.1566 0.866304
0.1606 0.56832
0.1539 0.567296
0.1949 0.802816
0.154 0.867328
0.1541 0.866304
0.1587 0.871424
0.1596 0.886784
0.1569 0.878592
0.1529 0.877568
0.1957 0.82944
0.1526 0.575488
0.1556 0.572416
0.1668 0.879616
0.1556 0.825344
0.1603 0.801792
0.1626 0.874496
0.1601 0.872448
0.1606 0.879616
0.3522 0.878592
0.1612 0.883712
0.153 0.888832
0.2086 0.815104
0.1751 0.879616
0.1615 0.881664
0.1603 0.806912
0.1606 0.575488
0.1573 0.811008
0.1614 0.57344
0.1529 0.871424
0.1735 0.87552
0.159 0.887808
0.2559 0.57344
0.2369 0.800768
0.1596 0.821248
0.1554 0.88064
0.16 0.873472
0.168 0.807936
0.1559 0.873472
0.1624 0.896
0.1629 0.871424
0.1629 0.796672
0.1606 0.877568
0.3406 0.809984
0.1609 0.571392
0.154 0.872448
0.1546 0.87552
0.156 0.877568
0.1842 0.900096
0.3424 0.809984
0.1629 0.873472
0.1635 0.881664
0.1578 0.882688
0.1792 0.88064
0.1589 0.815104
0.1633 0.57344
0.2504 0.878592
0.2399 0.88064
0.1531 0.82944
0.1615 0.883712
0.1576 0.57344
0.1546 0.7936
0.1704 0.82944
0.1604 0.802816
0.1579 0.57344
0.1547 0.816128
0.1583 0.876544
0.1557 0.88064
0.1625 0.88064
0.1788 0.863232
0.1723 0.57344
0.1598 0.879616
0.3336 0.872448
0.3361 0.827392
0.1587 0.873472
0.1625 0.832512
0.1575 0.873472
0.1549 0.871424
0.1644 0.80384
0.1555 0.795648
0.1617 0.8704
0.1564 0.57344
0.1609 0.82432
0.1626 0.872448
0.1553 0.88576
0.1974 0.813056
0.1544 0.816128
0.1578 0.57344
0.1555 0.874496
0.1574 0.87552
0.1541 0.878592
0.1601 0.884736
0.1554 0.879616
0.1829 0.877568
0.1589 0.879616
0.1579 0.87552
0.1559 0.83456
0.1577 0.88064
0.1724 0.883712
0.2105 0.87552
0.2919 0.79872
0.1548 0.879616
0.3382 0.882688
0.1597 0.804864
0.1892 0.88064
0.1639 0.884736
0.162 0.80384
0.1649 0.883712
0.1545 0.877568
0.1545 0.881664
0.1553 0.873472
0.1546 0.874496
0.1647 0.796672
0.2429 0.807936
0.1681 0.881664
0.3482 0.882688
0.171 0.883712
0.3147 0.873472
0.1597 0.88064
0.2404 0.877568
0.1562 0.89088
0.1608 0.813056
0.3419 0.82432
0.1622 0.801792
0.162 0.878592
0.158 0.884736
0.1579 0.877568
0.1726 0.57344
0.3454 0.81408
0.1584 0.835584
0.1663 0.87552
0.1603 0.575488
0.1562 0.790528
0.163 0.883712
0.1756 0.878592
0.1633 0.811008
0.1541 0.881664
0.3405 0.7936
0.1649 0.877568
0.154 0.87552
0.3494 0.874496
0.16 0.88576
0.3376 0.88576
0.157 0.572416
0.202 0.572416
0.1997 0.881664
0.345 0.87552
0.1551 0.867328
0.1687 0.878592
0.1576 0.809984
0.162 0.80896
0.1567 0.869376
0.1557 0.820224
0.1719 0.57344
0.1567 0.872448
0.1588 0.886784
0.1557 0.794624
0.3361 0.817152
0.1569 0.570368
0.1735 0.879616
0.2076 0.879616
0.1552 0.88064
0.1611 0.872448
0.2412 0.876544
0.3343 0.882688
0.2131 0.86528
0.2375 0.88064
0.1939 0.813056
0.1605 0.8192
0.1597 0.88064
0.1568 0.876544
0.1537 0.86528
0.1587 0.87552
0.3537 0.57344
0.2995 0.806912
0.1611 0.879616
0.1569 0.572416
0.3393 0.878592
0.1656 0.874496
0.1663 0.813056
0.1664 0.882688
0.1549 0.881664
0.1552 0.871424
0.3407 0.88064
0.155 0.806912
0.1562 0.884736
0.1646 0.882688
0.1624 0.888832
0.1537 0.863232
0.1735 0.571392
0.1637 0.574464
0.1621 0.575488
0.166 0.807936
0.1599 0.883712
0.1588 0.878592
0.1544 0.572416
0.1671 0.884736
0.1523 0.889856
0.161 0.812032
0.1587 0.80896
0.159 0.56832
0.1625 0.882688
0.1713 0.574464
0.1634 0.878592
0.3229 0.81408
0.261 0.877568
0.341 0.869376
0.2076 0.574464
0.1617 0.812032
0.3363 0.80896
0.1629 0.805888
0.1606 0.80896
0.1542 0.805888
0.16 0.80896
0.1598 0.805888
0.1683 0.87552
0.1549 0.879616
0.2103 0.877568
0.1626 0.88064
0.154 0.88576
0.1589 0.574464
0.1676 0.881664
0.1602 0.869376
0.1567 0.881664
0.1603 0.879616
0.1541 0.874496
0.163 0.807936
0.1602 0.816128
0.3483 0.805888
0.1567 0.879616
0.1582 0.874496
0.173 0.88576
0.1776 0.572416
0.1691 0.882688
0.1609 0.876544
0.1593 0.809984
0.1571 0.797696
0.1666 0.8704
0.1576 0.806912
0.1536 0.881664
0.1552 0.804864
0.1559 0.883712
0.1659 0.878592
0.1645 0.88064
0.158 0.574464
0.1928 0.89088
0.1637 0.877568
0.1631 0.879616
0.1572 0.80896
0.1817 0.806912
0.1676 0.877568
0.1542 0.574464
0.1647 0.80384
0.1681 0.574464
0.2756 0.790528
0.3511 0.877568
0.1588 0.878592
0.3443 0.884736
0.1641 0.806912
0.1625 0.883712
0.1625 0.575488
0.1611 0.57344
0.1637 0.877568
0.2896 0.574464
0.2871 0.800768
0.1607 0.887808
0.1528 0.57344
0.1546 0.879616
0.1569 0.796672
0.1666 0.802816
0.161 0.809984
0.3491 0.831488
0.3413 0.884736
0.1731 0.878592
0.3412 0.874496
0.3534 0.876544
0.1567 0.889856
0.1636 0.883712
0.1548 0.821248
0.1573 0.87552
0.1633 0.872448
0.1564 0.577536
0.1617 0.88576
0.1634 0.575488
0.196 0.89088
0.1646 0.881664
0.1561 0.879616
0.1588 0.881664
0.1614 0.811008
0.155 0.876544
0.1545 0.813056
0.1573 0.81408
0.1645 0.883712
0.3423 0.877568
0.1574 0.874496
0.1669 0.90112
0.154 0.88064
0.1661 0.879616
0.1685 0.888832
0.1603 0.8704
0.334 0.871424
0.1671 0.81408
0.1549 0.872448
0.1536 0.876544
0.1634 0.877568
0.3424 0.886784
0.1558 0.807936
0.1553 0.80384
0.168 0.88576
0.1571 0.882688
0.1641 0.812032
0.1564 0.879616
0.3518 0.816128
0.1544 0.830464
0.1589 0.577536
0.3405 0.877568
0.1545 0.89088
0.1579 0.883712
0.2492 0.89088
0.157 0.879616
0.3354 0.884736
0.1565 0.57856
0.3429 0.872448
0.3996 0.817152
0.3032 0.88064
0.1616 0.879616
0.1598 0.867328
0.1538 0.874496
0.1558 0.887808
0.1537 0.881664
0.3505 0.817152
0.1643 0.88064
0.1637 0.807936
0.3316 0.88064
0.1667 0.828416
0.158 0.868352
0.1593 0.805888
0.1578 0.86528
0.1543 0.874496
0.1636 0.868352
0.1546 0.80384
0.1638 0.796672
0.3355 0.796672
0.218 0.872448
0.3452 0.877568
0.1596 0.802816
0.1574 0.874496
0.1555 0.866304
0.1612 0.79872
0.1576 0.859136
0.1594 0.864256
0.1556 0.857088
0.158 0.795648
0.2433 0.820224
0.1631 0.861184
0.243 0.852992
0.1646 0.861184
0.1564 0.867328
0.1548 0.86528
0.1581 0.873472
0.1539 0.8704
0.1602 0.561152
0.1566 0.80896
0.1631 0.871424
0.1644 0.858112
0.3501 0.790528
0.1578 0.7936
0.1628 0.863232
0.1596 0.791552
0.1562 0.806912
0.1673 0.557056
0.1609 0.786432
0.1642 0.787456
0.1595 0.813056
0.1556 0.78336
0.1559 0.78848
0.1537 0.858112
0.1545 0.864256
0.1557 0.550912
0.1574 0.785408
0.1679 0.804864
0.1551 0.792576
0.1554 0.807936
0.1605 0.852992
0.3605 0.84992
0.1639 0.785408
0.1562 0.859136
0.1859 0.548864
0.153 0.857088
0.3459 0.785408
0.1543 0.804864
0.2551 0.790528
0.1603 0.857088
0.1558 0.549888
0.1588 0.861184
0.1573 0.550912
0.1592 0.858112
0.3362 0.851968
0.1615 0.550912
0.1612 0.862208
0.1588 0.787456
0.3381 0.851968
0.1593 0.85504
0.1589 0.84992
0.1684 0.54784
0.1558 0.755712
0.1589 0.791552
0.1553 0.841728
0.1604 0.544768
0.1626 0.846848
0.2611 0.850944
0.1777 0.540672
0.1552 0.840704
0.1603 0.538624
0.1618 0.541696
0.1617 0.845824
0.1909 0.5376
0.1549 0.850944
0.1587 0.843776
0.1552 0.831488
0.1666 0.840704
0.1624 0.831488
0.3389 0.832512
0.1584 0.540672
0.1627 0.832512
0.1607 0.837632
0.1587 0.794624
0.2404 0.5376
0.1629 0.772096
0.1604 0.83968
0.1772 0.539648
0.1603 0.541696
0.1585 0.770048
0.1895 0.838656
0.1605 0.831488
0.1846 0.5376
0.153 0.774144
0.3437 0.845824
0.154 0.776192
0.158 0.843776
0.3527 0.837632
0.3667 0.775168
0.1614 0.840704
0.2593 0.848896
0.158 0.775168
0.1588 0.830464
0.165 0.83968
0.1615 0.826368
0.1641 0.7936
0.1585 0.836608
0.1611 0.536576
0.1583 0.836608
0.1597 0.774144
0.3435 0.539648
0.1758 0.538624
0.1581 0.77312
0.1576 0.8448
0.1665 0.79872
0.1598 0.838656
0.1913 0.841728
0.1609 0.7936
0.1533 0.846848
0.1551 0.835584
0.1613 0.845824
0.1669 0.538624
0.3396 0.765952
0.1831 0.845824
0.3341 0.833536
0.1646 0.540672
0.1561 0.8448
0.3245 0.8448
0.1595 0.837632
0.1594 0.841728
0.1574 0.835584
0.1614 0.850944
0.1606 0.83968
0.163 0.8448
0.3523 0.833536
0.1599 0.539648
0.1613 0.5376
0.1573 0.841728
0.1626 0.832512
0.1588 0.83968
0.1611 0.846848
0.1534 0.833536
0.1723 0.843776
0.1542 0.5376
0.1715 0.8448
0.1959 0.538624
0.169 0.831488
0.1604 0.539648
0.1557 0.801792
0.1656 0.841728
0.1642 0.540672
0.1699 0.82944
0.1572 0.836608
0.1565 0.838656
0.1676 0.837632
0.157 0.83456
0.1534 0.838656
0.1571 0.760832
0.3361 0.847872
0.1546 0.842752
0.156 0.842752
0.173 0.841728
0.5231 0.846848
0.3187 0.7936
0.1621 0.782336
0.1539 0.842752
0.3379 0.832512
0.1628 0.83968
0.1585 0.846848
0.1677 0.780288
0.1617 0.536576
0.1622 0.835584
0.4603 0.538624
0.16 0.838656
0.1646 0.538624
0.3348 0.758784
0.1651 0.772096
0.3497 0.847872
0.1587 0.832512
0.1615 0.8448
0.163 0.776192
0.1655 0.5376
0.3563 0.830464
0.2343 0.83968
0.1534 0.770048
0.1682 0.842752
0.1561 0.845824
0.3436 0.843776
0.1612 0.837632
0.1659 0.837632
0.1567 0.775168
0.1608 0.842752
0.3463 0.5376
0.1587 0.840704
0.1661 0.840704
0.1544 0.538624
0.3354 0.535552
0.34 0.833536
0.1603 0.541696
0.1588 0.831488
0.3312 0.83456
0.162 0.843776
0.1634 0.766976
0.1545 0.535552
0.164 0.835584
0.3362 0.836608
0.3375 0.847872
0.1684 0.840704
0.1638 0.82944
0.1616 0.77824
0.1791 0.843776
0.1599 0.838656
0.1573 0.831488
0.1692 0.842752
0.1611 0.536576
0.1551 0.766976
0.2106 0.842752
0.166 0.539648
0.1546 0.830464
0.1532 0.539648
0.3885 0.83968
0.1673 0.77312
0.1759 0.538624
0.1692 0.540672
0.2556 0.538624
0.1555 0.848896
0.1648 0.5376
0.1583 0.836608
0.1605 0.776192
0.1584 0.845824
0.1566 0.836608
0.3628 0.774144
0.1693 0.843776
0.1669 0.538624
0.1557 0.536576
0.1542 0.833536
0.1606 0.84992
0.162 0.837632
0.161 0.538624
0.1625 0.8448
0.1615 0.843776
0.1595 0.838656
0.1612 0.835584
0.3546 0.538624
0.1617 0.8448
0.1551 0.831488
0.1586 0.772096
0.1655 0.83968
0.1617 0.774144
0.1544 0.840704
0.1597 0.83456
0.1859 0.801792
0.336 0.835584
0.2862 0.83968
0.1538 0.5376
0.159 0.5376
0.2327 0.8448
0.1664 0.764928
0.1757 0.538624
0.1568 0.83456
0.1574 0.536576
0.169 0.784384
0.1634 0.830464
0.173 0.83968
0.1648 0.83968
0.1601 0.83968
0.1706 0.5376
0.3504 0.539648
0.1803 0.768
0.3712 0.5376
0.3693 0.769024
0.1653 0.846848
0.1608 0.845824
0.1534 0.763904
0.1605 0.836608
0.1634 0.831488
0.1584 0.828416
0.1585 0.82944
0.1576 0.541696
0.1552 0.833536
0.1577 0.5376
0.167 0.777216
0.1738 0.779264
0.1589 0.82944
0.1588 0.775168
0.1547 0.838656
0.1684 0.538624
0.1596 0.768
0.1613 0.760832
0.1599 0.792576
0.1572 0.774144
0.1569 0.83456
0.3353 0.83456
0.1653 0.776192
0.163 0.538624
0.165 0.772096
0.1713 0.7936
0.1603 0.536576
0.1622 0.8448
0.1621 0.841728
0.1742 0.843776
0.1656 0.799744
0.1573 0.5376
0.1549 0.769024
0.2401 0.770048
0.171 0.761856
0.1663 0.5376
0.1687 0.840704
0.1631 0.774144
0.1555 0.538624
0.1644 0.832512
0.1588 0.842752
0.1721 0.787456
0.1544 0.772096
0.1568 0.840704
0.1616 0.841728
0.1715 0.784384
0.1587 0.776192
0.1603 0.82944
0.1577 0.787456
0.1616 0.770048
0.1616 0.538624
0.1616 0.768
0.159 0.830464
0.1649 0.780288
0.1611 0.831488
0.1859 0.795648
0.1561 0.769024
0.1572 0.83968
0.5426 0.841728
0.1664 0.833536
0.1574 0.83456
0.1908 0.840704
0.1615 0.841728
0.1573 0.837632
0.1543 0.833536
0.159 0.538624
0.341 0.753664
0.1555 0.835584
