0.0991 1.51757
0.1501 1.5104
0.1252 1.51757
0.1273 1.5104
0.117 1.57594
0.076 1.5145
0.0705 1.57594
0.1047 1.5145
0.0701 1.57594
0.123 1.5145
0.0777 1.5401
0.0874 1.5145
0.0791 0.820224
0.0828 1.26771
0.0786 1.49504
0.0744 1.60563
0.0756 0.815104
0.0753 1.26771
0.0754 1.26669
0.0715 1.50426
0.0785 1.27283
0.0706 1.55238
0.0723 1.27795
0.0706 1.58515
0.07 1.27898
0.1374 1.57184
0.135 1.51654
0.0704 1.53498
0.1501 1.50938
0.1441 1.26874
0.0697 1.54112
0.1337 1.50221
0.0733 1.57491
0.0711 1.49197
0.0726 1.54522
0.0715 1.52269
0.1249 1.26669
0.075 1.52781
0.1407 1.51654
0.1439 1.51552
0.0695 1.51962
0.1425 1.57286
0.0686 1.51552
0.0708 1.57696
0.0735 1.50426
0.1433 1.51245
0.075 1.26157
0.079 1.5104
0.1956 1.26464
0.0745 1.2759
0.0748 1.51757
0.0743 1.53498
0.1018 1.27283
0.0755 1.51962
0.0746 1.57594
0.1391 1.57389
0.1484 1.55853
0.1324 1.27078
0.0761 1.26874
0.0683 1.56877
0.0864 1.52678
0.0707 1.52576
0.1058 1.27078
0.0767 1.26157
0.0749 1.51552
0.1 1.5063
0.1087 1.26771
0.0714 1.5616
0.0899 1.13357
0.1711 1.03014
0.1087 1.24211
0.0838 1.07008
0.073 1.21549
0.0679 1.22163
0.0705 1.2247
0.0759 1.2247
0.1256 1.05984
0.1003 1.05267
0.081 1.05984
0.1166 0.71168
0.13 0.714752
0.0745 0.712704
0.2377 0.714752
0.1222 0.718848
0.0997 0.9728
0.0731 0.713728
0.1645 0.715776
0.149 0.715776
0.1281 0.697344
0.1295 0.710656
0.0764 0.708608
0.0715 0.710656
0.0983 0.710656
0.0744 0.71168
0.1424 0.708608
0.1383 0.710656
0.1255 0.956416
0.1566 0.710656
0.1239 0.713728
0.1375 0.704512
0.0787 0.709632
0.0714 0.70656
0.0689 0.70656
0.0869 0.70656
0.0687 0.707584
0.0945 0.707584
0.1206 0.709632
0.1223 0.710656
0.0745 0.710656
0.0756 0.702464
0.0849 0.705536
0.1389 0.708608
0.0701 0.70656
0.071 0.71168
0.0675 0.70656
0.0768 0.710656
0.0767 0.707584
0.0854 0.710656
0.0685 0.707584
0.0739 0.703488
0.1231 0.700416
0.0693 0.699392
0.0711 0.700416
0.0994 0.700416
0.0756 0.704512
0.0729 0.708608
0.1387 0.709632
0.0698 0.71168
0.1389 0.709632
0.1174 0.704512
0.0793 0.703488
0.0976 0.705536
0.0701 0.702464
0.0726 0.707584
0.0779 0.70656
0.0698 0.703488
0.123 0.700416
0.0998 0.704512
0.0766 0.704512
0.1033 0.703488
0.0693 0.697344
0.0712 0.699392
0.098 0.70144
0.1284 0.698368
0.1295 0.709632
0.1036 0.709632
0.1303 0.708608
0.1056 0.707584
0.1032 0.708608
0.1336 0.708608
0.0705 0.70656
0.0825 0.707584
0.0758 0.709632
0.0762 0.709632
0.0961 0.707584
0.1599 0.708608
0.1439 0.708608
0.0894 0.709632
0.1426 0.707584
0.1097 0.710656
0.095 0.710656
0.1019 0.707584
0.0791 0.708608
0.1292 0.71168
0.0976 0.709632
0.0753 0.709632
0.0978 0.709632
0.1039 0.708608
0.0764 0.709632
0.0788 0.699392
0.0722 0.70144
0.0758 0.700416
0.1034 0.698368
0.075 0.698368
0.0719 0.699392
0.1313 0.70144
0.1328 0.705536
0.0733 0.703488
0.0796 0.700416
0.1043 0.703488
0.1486 0.705536
0.0682 0.703488
0.1542 0.708608
0.1351 0.71168
0.0712 0.709632
0.0715 0.708608
0.1087 0.712704
0.0992 0.708608
0.1478 0.709632
0.0752 0.708608
0.073 0.703488
0.081 0.709632
0.0972 0.70656
0.0778 0.708608
0.0776 0.708608
0.0773 0.710656
0.0692 0.707584
0.0906 0.705536
0.0727 0.710656
0.1563 0.70656
0.0688 0.700416
0.0721 0.699392
0.1347 0.703488
0.1034 0.707584
0.1221 0.700416
0.1504 0.70144
0.1655 0.708608
0.0956 0.70656
0.0922 0.707584
0.0814 0.708608
0.1307 0.704512
0.0685 0.702464
0.0673 0.704512
0.1509 0.704512
0.1073 0.700416
0.0793 0.704512
0.0706 0.704512
0.0756 0.70144
0.0718 0.70144
0.1335 0.702464
0.0973 0.705536
0.1145 0.700416
0.1089 0.702464
0.0767 0.704512
0.0778 0.702464
0.1106 0.704512
0.105 0.703488
0.1286 0.703488
0.1112 0.700416
0.0731 0.700416
0.069 0.707584
0.0752 0.712704
0.0896 0.71168
0.0709 0.710656
0.0758 0.707584
0.0719 0.710656
0.0708 0.70656
0.1233 0.70656
0.0704 0.707584
0.0711 0.70656
0.1049 0.70144
0.0728 0.702464
0.0749 0.69632
0.0799 0.698368
0.0694 0.698368
0.0721 0.702464
0.0783 0.704512
0.071 0.704512
0.0703 0.70144
0.0721 0.704512
0.1431 0.70144
0.0693 0.702464
0.0799 0.702464
0.0758 0.70656
0.0788 0.703488
0.0805 0.705536
0.0671 0.702464
0.0693 0.703488
0.0699 0.702464
0.1165 0.703488
0.0781 0.69632
0.07 0.710656
0.0738 0.713728
0.1445 0.707584
0.0715 0.71168
0.1313 0.709632
0.1192 0.708608
0.0701 0.70656
0.1444 0.707584
0.0926 0.70656
0.0727 0.703488
0.0747 0.69632
0.0781 0.69632
0.0745 0.703488
0.0696 0.702464
0.0736 0.705536
0.0736 0.979968
0.071 0.973824
0.0718 0.720896
0.0697 1.10182
0.072 0.71168
0.0716 0.71168
0.0684 0.709632
0.0697 0.709632
0.0718 0.709632
0.0743 0.709632
0.0722 0.815104
0.077 0.714752
0.1585 0.710656
0.0756 0.71168
0.1317 0.703488
0.078 0.704512
0.0748 0.705536
0.0803 0.703488
0.0727 0.702464
0.1329 0.700416
0.0719 0.704512
0.0704 0.702464
0.1162 0.703488
0.1441 0.70144
0.0771 0.70144
0.0781 0.702464
0.0948 0.702464
0.0708 0.702464
0.075 0.70144
0.0698 0.702464
0.0729 0.707584
0.0813 0.70144
0.0688 0.699392
0.0809 0.702464
0.118 0.70144
0.076 0.994304
0.0751 0.995328
0.0701 0.98816
0.0779 1.01786
0.0722 0.987136
0.071 0.843776
0.0773 0.7168
0.0703 0.96256
0.0851 0.83968
0.0725 0.69632
0.0689 0.700416
0.0711 0.702464
0.1435 0.69632
0.0724 0.695296
0.1497 0.69632
0.1245 0.69632
0.0697 0.699392
0.0687 0.69632
0.074 0.699392
0.0775 0.700416
0.0728 0.703488
0.0716 0.702464
0.0692 0.703488
0.1047 0.702464
0.0788 0.702464
0.069 0.705536
0.0703 0.700416
0.0807 0.703488
0.0713 0.702464
0.0777 0.702464
0.0701 0.702464
0.0751 0.702464
0.0712 0.703488
0.0821 0.70144
0.0694 0.705536
0.0692 0.703488
0.096 0.71168
0.1274 0.708608
0.0757 0.709632
0.0825 0.704512
0.0713 0.702464
0.1729 0.702464
0.1387 0.705536
0.0724 0.70144
0.0699 0.705536
0.0726 0.70144
0.0706 0.700416
0.1519 0.700416
0.0717 0.705536
0.0698 0.703488
0.1675 0.699392
0.0801 0.699392
0.0699 0.699392
0.0785 0.715776
0.1263 0.714752
0.1129 0.714752
0.0696 0.71168
0.0693 0.71168
0.1503 0.714752
0.1394 0.708608
0.0742 0.698368
0.0748 0.70144
0.1384 0.698368
0.0869 0.702464
0.1478 0.699392
0.1082 0.700416
0.1081 0.703488
0.0698 0.702464
0.0679 0.700416
0.0765 0.699392
0.0729 0.699392
0.0994 0.697344
0.1437 0.70144
0.0746 0.702464
0.0746 0.703488
0.0841 0.702464
0.076 0.700416
0.0865 0.703488
0.0706 0.70144
0.0685 0.699392
0.0707 0.70144
0.0725 0.70144
0.0684 0.703488
0.0722 0.69632
0.0706 0.705536
0.0691 0.708608
0.0731 0.70656
0.1838 0.70656
0.1315 0.707584
0.0958 0.707584
0.0767 0.702464
0.0897 0.70144
0.0736 0.70656
0.0739 0.702464
0.074 0.702464
0.0722 0.700416
0.0796 0.708608
0.0675 0.709632
0.0976 0.707584
0.0821 0.708608
0.075 0.70656
0.0702 0.704512
0.0836 0.700416
0.078 0.700416
0.0736 0.70144
0.0723 0.70144
0.074 0.707584
0.0694 0.700416
0.0792 0.704512
0.0721 0.700416
0.0718 0.704512
0.0805 1.24723
0.0979 1.51757
0.1407 1.52781
0.1083 1.26259
0.1283 1.26157
0.0696 1.50835
0.0745 1.5104
0.0732 1.5616
0.1007 1.54214
0.0703 1.51245
0.0682 1.53702
0.0685 1.5063
0.0991 1.2585
0.1507 1.5657
0.0705 1.53702
0.0814 1.56365
0.0693 1.27078
0.074 1.26157
0.1509 1.52064
0.0749 1.50426
0.0723 1.26669
0.0851 1.52576
0.0728 1.57082
0.0767 1.51347
0.0927 1.52269
0.1182 1.52064
0.0722 1.52371
0.0791 1.26874
0.078 1.26566
0.0727 1.25645
0.0756 1.50733
0.0743 1.53498
0.0698 1.52678
0.0869 1.26669
0.077 1.2759
0.0934 1.26874
0.076 1.27181
0.0828 1.50835
0.1148 1.51245
0.0759 1.52474
0.0731 1.5319
0.0687 1.53293
0.0752 1.52474
0.0698 1.53907
0.0685 1.2585
0.0769 1.49914
0.0887 1.26054
0.0748 1.5145
0.0718 1.50938
0.0753 1.56262
0.0689 1.51859
0.1299 1.26771
0.0695 1.52474
0.0681 1.50528
0.0713 1.50323
0.0716 1.56877
0.0727 1.5104
0.0767 1.50835
0.0712 1.27181
0.0712 1.50835
0.0731 1.50016
0.0683 1.26669
0.0717 1.26054
0.0866 1.26362
0.0697 1.25338
0.0694 1.26464
0.0759 1.5401
0.1202 1.52269
0.0711 1.50835
0.074 1.56467
0.0697 1.53293
0.0705 1.25952
0.0719 1.56672
0.0739 1.52269
0.0758 1.51859
0.0825 1.27386
0.0745 1.26157
0.0742 1.26976
0.0757 1.50528
0.0714 1.49197
0.092 1.52064
0.1084 1.51962
0.0698 1.27181
0.0707 1.51654
0.0691 1.56877
0.1486 1.5145
0.1117 1.5145
0.085 1.25952
0.1294 1.51757
0.0764 1.51142
0.0744 1.50426
0.0682 1.51757
0.0745 1.57491
0.0793 1.50733
0.0713 1.52166
0.0823 1.26874
0.0782 1.50938
0.1013 1.52269
0.1189 1.26054
0.1228 1.52678
0.1044 1.52371
0.0697 1.26771
0.073 1.26054
0.0691 1.2544
0.0694 1.56365
0.0706 1.56262
0.0693 1.52371
0.0766 1.51962
0.0687 1.52986
0.076 1.5145
0.1568 1.26157
0.1245 1.50426
0.1212 1.26669
0.0755 1.52986
0.0671 1.51142
0.104 1.54214
0.1247 1.26464
0.0795 1.26771
0.0711 1.49914
0.0741 1.26566
0.0711 1.50733
0.0693 1.26362
0.0687 1.26771
0.0764 1.51347
0.0776 1.26976
0.124 1.25952
0.0808 1.25747
0.1327 1.56877
0.1056 1.26259
0.0747 1.51142
0.0695 1.56979
0.0694 1.26259
0.072 1.52474
0.0717 1.25952
0.0746 1.27898
0.1381 1.26054
0.0738 1.52678
0.1371 1.50221
0.0781 1.53088
0.0683 1.48992
0.0703 1.27386
0.0759 1.51142
0.0699 1.48378
0.075 1.51347
0.0746 1.50835
0.0745 1.51654
0.0948 1.51245
0.0697 1.5063
0.0715 1.50118
0.0697 1.55341
0.0697 1.53498
0.07 1.26566
0.0712 1.50938
0.0774 1.26976
0.073 1.56467
0.0708 1.50938
0.0801 1.536
0.0733 1.25645
0.0762 1.26054
0.0688 1.51142
0.0902 1.49402
0.0722 1.27488
0.0747 1.27078
0.0689 1.26362
0.0691 1.51347
0.077 1.51245
0.0699 1.57184
0.0704 1.51347
0.0789 1.51757
0.0669 1.5145
0.0688 1.51142
0.0774 1.26566
0.1093 1.25235
0.0809 1.52781
0.0778 1.27078
0.0725 1.26464
0.0671 1.56467
0.0741 1.52474
0.0744 1.55955
0.0703 1.25542
0.068 1.56979
0.0687 1.25952
0.1387 1.51245
0.0757 1.25952
0.1119 1.26464
0.0687 1.26157
0.0759 1.56365
0.0693 1.51654
0.0726 1.51654
0.1106 1.50118
0.0735 1.51552
0.0716 1.52371
0.0737 1.25747
0.0732 1.25645
0.0806 1.56877
0.1427 1.52166
0.1426 1.50528
0.0814 1.50835
0.0705 1.56058
0.0757 1.51552
0.0828 1.25747
0.079 1.536
0.1446 1.55853
0.0722 1.52678
0.0862 1.50938
0.1188 1.5616
0.0706 1.26874
0.071 1.49709
0.0776 1.51347
0.0892 1.27078
0.1272 1.26259
0.1306 1.50426
0.074 1.51859
0.0774 1.49299
0.0718 1.26566
0.0754 1.56774
0.0718 1.26259
0.0763 1.52986
0.1292 1.26976
0.1275 1.56774
0.119 1.51757
0.0725 1.51962
0.0719 1.53395
0.0955 1.52474
0.074 1.2544
0.0728 1.51552
0.075 1.48173
0.074 1.27078
0.0826 1.49811
0.0735 1.26157
0.0703 1.25747
0.0927 1.49197
0.0715 1.57082
0.1292 1.54112
0.1094 1.58208
0.0752 1.52166
0.0701 1.56262
0.1037 1.5145
0.0697 1.26874
0.0687 1.26874
0.0769 1.53088
0.0694 1.58106
0.0681 1.26976
0.0742 1.50528
0.0726 1.26771
0.0704 1.26976
0.0758 1.51859
0.0955 1.59846
0.097 1.51859
0.1054 1.57389
0.0713 1.26566
0.0889 1.26874
0.0744 1.51962
0.0732 1.58925
0.079 1.57184
0.0699 1.53498
0.0727 1.26976
0.123 1.51142
0.074 1.50323
0.1321 1.51757
0.0694 1.52166
0.069 1.52986
0.0683 1.57901
0.0739 1.50221
0.0794 1.26976
0.0739 1.50528
0.0804 1.51859
0.0723 1.27181
0.0737 1.56672
0.0758 1.50528
0.0747 1.52781
0.0671 1.50733
0.0697 1.5063
0.0706 1.5063
0.0688 1.50835
0.0674 1.52474
0.0686 1.57491
0.0747 1.52371
0.0866 1.5319
0.0692 1.51347
0.0692 1.57184
0.0765 1.57696
0.0687 1.50221
0.069 1.28307
0.0745 1.26874
0.1035 1.52678
0.0747 1.51142
0.073 1.50938
0.0743 1.57798
0.0703 1.53702
0.0914 1.57491
0.0677 1.5063
0.0703 1.52064
0.0769 1.27386
0.1293 1.26669
0.074 1.5145
0.0708 1.53088
0.0711 1.50016
0.0695 1.53907
0.0699 1.56774
0.0829 1.51962
0.0693 1.56058
0.0769 1.5063
0.0716 1.54726
0.0752 1.5831
0.0752 1.54419
0.0688 1.57286
0.0809 1.58106
0.1194 1.52678
0.0931 1.52781
0.0764 1.53805
0.1259 1.536
0.0709 1.50323
0.0797 1.5104
0.0739 1.49914
0.1301 1.51245
0.0924 1.49606
0.0764 1.5145
0.0715 1.58618
0.0756 1.26874
0.0938 1.49811
0.1346 1.51757
0.0677 1.50426
0.0685 1.49094
0.0681 1.26157
0.079 1.26566
0.0746 1.49504
0.1399 1.52474
0.0707 1.5401
0.0703 1.51757
0.0702 1.51347
0.1323 1.57491
0.0987 1.5401
0.0739 1.57696
0.1349 1.57184
0.0739 1.51552
0.0749 1.52781
0.0688 1.27693
0.1345 1.26362
0.0778 1.52371
0.0802 1.53293
0.0684 1.27078
0.0756 1.52064
0.07 1.50733
0.0732 1.51962
0.078 1.26669
0.0731 1.52166
0.0742 1.56058
0.0696 1.27078
0.1221 1.26362
0.0819 1.51654
0.0689 1.50426
0.0722 1.26874
0.0764 1.27283
0.0741 1.52064
0.1206 1.57082
0.0743 1.50528
0.1225 1.50118
0.0722 1.56365
0.0697 1.52166
0.1491 1.5063
0.0694 1.52371
0.069 1.49504
0.0785 1.56877
0.118 1.26771
0.0699 1.50221
0.098 1.51142
0.0724 1.5831
0.0754 1.57696
0.0708 1.57082
0.0743 1.26771
0.0694 1.57184
0.0701 1.51347
0.0709 1.2585
0.0767 1.51245
0.0678 1.50733
0.074 1.56365
0.0781 1.26157
0.068 1.55238
0.0742 1.50835
0.0669 1.50323
0.0705 1.53907
0.0745 1.26362
0.076 1.26874
0.0788 1.5319
0.0701 1.5145
0.0732 1.51245
0.0693 1.51654
0.0734 1.54419
0.0736 1.51654
0.0727 1.26362
0.0763 1.50528
0.0758 1.55853
0.0727 1.26976
0.1267 1.59232
0.126 1.27181
0.0732 1.51552
0.0689 1.56467
0.2327 1.54419
0.0739 1.26771
0.0782 1.54112
0.0677 1.5104
0.069 1.26259
0.0696 1.26669
0.073 1.26464
0.0713 1.2585
0.1256 1.26157
0.0743 1.53498
0.0679 1.50733
0.0692 1.50835
0.0715 1.26362
0.0775 1.51962
0.1177 1.50733
0.0706 1.52474
0.0779 1.49811
0.0746 1.53293
0.0699 1.26566
0.0835 1.26054
0.116 1.50221
0.0755 1.56672
0.1411 1.52371
0.0724 1.5616
0.0732 1.50938
0.0765 1.49299
0.1328 1.51245
0.1422 1.58822
0.0744 1.52781
0.0729 1.26362
0.0781 1.55546
0.0761 1.26976
0.072 1.50835
0.1168 1.50733
0.1028 1.5063
0.074 1.53907
0.071 1.49709
0.07 1.26157
0.0756 1.2585
0.0687 1.49914
0.0827 1.51552
0.0713 1.52781
0.072 1.55648
0.0769 1.26874
0.0768 1.5104
0.0753 1.50938
0.0707 1.26362
0.125 1.56979
0.0683 1.51654
0.0714 1.55341
0.0761 1.49197
0.0678 1.51347
0.0733 1.57286
0.1245 1.55853
0.0754 1.57286
0.0746 1.51962
0.1394 1.50016
0.0707 1.57798
0.0765 1.57696
0.0749 1.25952
0.0717 1.50938
0.0767 1.54419
0.0817 1.5063
0.0675 1.27283
0.0981 1.51347
0.0753 1.53805
0.0705 1.50835
0.0756 1.27283
0.0735 1.26669
0.1067 1.56467
0.107 1.50733
0.0709 1.50938
0.0815 1.51347
0.0686 1.50016
0.1242 1.26362
0.0799 1.53805
0.0697 1.52474
0.0737 1.50426
0.0713 1.57286
0.0783 1.52064
0.0716 1.50835
0.0687 1.2585
0.069 1.26874
0.0679 1.51347
0.1253 1.56877
0.0898 1.50938
0.0718 1.56877
0.1524 1.52166
0.0709 1.26874
0.0691 1.27181
0.0819 1.57286
0.0776 1.53395
0.0698 1.51142
0.0986 1.56058
0.1291 1.50426
0.103 1.49402
0.0731 1.51757
0.068 1.26054
0.1343 1.57184
0.0704 1.58003
0.0698 1.50733
0.0759 1.52064
0.0748 1.5616
0.1103 1.52576
0.1179 1.5104
0.1124 1.26464
0.1802 1.58106
0.0788 1.50733
0.1088 1.51757
0.0752 1.51245
0.0712 1.49811
0.0725 1.52371
0.0777 1.25338
0.0683 1.52371
0.0685 1.56979
0.0694 1.49914
0.0696 1.51962
0.0704 1.26669
0.0702 1.27488
0.083 1.5063
0.1426 1.50938
0.0701 1.2585
0.0829 1.52269
0.0732 1.56365
0.0706 1.26362
0.0693 1.50426
0.0707 1.26566
0.0771 1.50221
0.0687 1.26464
0.0702 1.50733
0.0748 1.50835
0.0736 1.51142
0.0732 1.51552
0.0727 1.50528
0.0714 1.56058
0.0748 1.26464
0.0691 1.26976
0.0713 1.56262
0.1336 1.54112
0.1381 1.53907
0.0715 1.51654
0.0698 1.52781
0.0692 1.58003
0.0751 1.50426
0.0713 1.27181
0.0757 1.26054
0.0682 1.52064
0.0748 1.51654
0.0694 1.53907
0.0728 1.55443
0.0721 1.26669
0.0735 1.52576
0.0743 1.56365
0.069 1.52678
0.0726 1.52474
0.1 1.26362
0.0834 1.26054
0.0701 1.2544
0.0712 1.26054
0.0706 1.52576
0.0726 1.54419
0.0767 1.50221
0.0744 1.26362
0.0686 1.26054
0.0695 1.5616
0.0697 1.5401
0.0829 1.27386
0.2228 1.51962
0.1298 1.26259
0.0716 1.57286
0.0706 1.52678
0.0722 1.25645
0.0693 1.25645
0.0727 1.2544
0.0681 1.26054
0.0724 1.5104
0.07 1.26669
0.0722 1.53907
0.07 1.50221
0.0718 1.26874
0.1173 1.26566
0.2399 1.52678
0.0706 1.51142
0.1483 1.49504
0.0707 1.26669
0.0687 1.52064
0.0681 1.27283
0.0862 1.52166
0.0695 1.25338
0.073 1.50528
0.0758 1.26566
0.0733 1.26259
0.0746 1.50118
0.0695 1.51347
0.0757 1.26669
0.0733 1.5575
0.0741 1.5063
0.0838 1.53088
0.077 1.50835
0.0753 1.48275
0.0716 1.27693
0.073 1.50426
0.0746 1.26362
0.0717 1.25952
