0.1254 3.24198
0.0681 3.14368
0.0684 3.24198
0.1178 3.15494
0.1219 2.9481
0.1049 3.15494
0.0735 2.9481
0.167 3.47341
0.0743 2.9481
0.0681 3.47341
0.0735 2.69926
0.0754 3.47341
0.0763 2.69517
0.0821 3.48672
0.0883 2.688
0.0754 3.4775
0.0874 3.23072
0.1035 3.15392
0.0791 3.21229
0.0914 3.21126
0.0834 3.13037
0.0759 3.13549
0.0855 3.20512
0.084 3.16518
0.0767 3.13037
0.0798 3.14573
0.0847 3.23072
0.082 3.23994
0.0753 3.14061
0.0951 3.22765
0.0827 3.43962
0.0886 3.23174
0.141 3.15392
0.0797 3.22253
0.0763 3.14266
0.0801 3.44678
0.0811 3.23072
0.082 3.1232
0.1622 3.15494
0.0789 3.14675
0.092 3.23277
0.0829 3.45702
0.081 3.04845
0.0786 3.13242
0.0828 3.12832
0.1132 3.14061
0.0884 3.15187
0.0834 3.14573
0.0765 3.1488
0.0758 3.13958
0.1549 3.46829
0.1422 3.48365
0.0752 3.14368
0.0842 3.15187
0.0775 3.13958
0.0827 3.13754
0.0837 3.23482
0.089 3.23482
0.081 3.13549
0.0756 3.14266
0.0849 3.23584
0.0864 3.16109
0.083 3.15699
0.0851 3.13446
0.0856 3.46112
0.08 3.13446
0.0883 3.14982
0.0821 3.15699
0.0798 3.1447
0.0865 3.15187
0.0838 3.14778
0.08 3.44576
0.0846 3.1488
0.0836 3.44474
0.0985 3.22458
0.0896 3.12115
0.0747 3.45805
0.091 3.12934
0.1096 3.21434
0.0774 3.15699
0.0812 3.46317
0.1124 3.12218
0.0799 3.17133
0.082 3.15597
0.0865 3.15699
0.0783 3.14675
0.0858 3.22765
0.1079 3.23174
0.083 3.13754
0.0772 3.13754
0.0774 3.22765
0.079 3.23277
0.0834 3.24915
0.1002 3.23584
0.1224 3.15699
0.0821 3.23789
0.0879 3.16211
0.0802 3.45293
0.075 3.14163
0.1019 3.4857
0.1407 3.44474
0.0815 3.15187
0.1338 3.16006
0.083 3.46522
0.0847 3.2471
0.0883 3.15187
0.0878 3.22867
0.1276 3.14163
0.0765 3.24096
0.0827 3.44474
0.0771 3.22662
0.1436 3.48058
0.0767 3.21434
0.0833 3.22765
0.0847 3.2471
0.0837 3.22765
0.097 3.11603
0.1403 3.16006
0.0758 3.17133
0.0836 3.15187
0.0867 3.12115
0.0806 3.1447
0.081 3.10579
0.1319 3.16109
0.0811 3.11808
0.078 3.1744
0.0777 3.1529
0.1377 3.10886
0.0816 3.23686
0.0834 3.13037
0.0921 3.22662
0.1458 3.23277
0.0848 3.16314
0.0798 3.23174
0.0843 3.23072
0.1514 3.13242
0.145 3.1447
0.0823 3.45498
0.082 3.11808
0.0764 3.22765
0.0845 3.1529
0.0863 3.14778
0.0786 3.45498
0.0844 3.16928
0.1279 3.15494
0.0833 3.4816
0.0756 3.24301
0.0891 3.13344
0.0822 3.1488
0.0813 3.15597
0.0809 3.23174
0.0825 3.23584
0.1063 3.23482
0.0818 3.14163
0.0753 3.13446
0.0816 3.24301
0.1124 3.24608
0.0771 3.14061
0.0834 3.15392
0.0778 3.47341
0.0795 3.13549
0.0773 3.14778
0.0789 3.14982
0.0765 3.17235
0.0784 3.13139
0.0882 3.23686
0.0767 3.12218
0.0898 3.14368
0.0797 3.14778
0.0761 3.44883
0.1432 3.15699
0.0773 3.45498
0.0812 3.15494
0.1098 3.15597
0.0831 3.14368
0.0965 3.14778
0.0814 3.24096
0.0862 3.15699
0.0762 3.45293
0.0773 3.24096
0.083 3.13037
0.0835 3.21843
0.0842 3.13651
0.0781 3.25837
0.0858 3.14061
0.0912 3.16621
0.0811 3.11706
0.0773 3.16416
0.0763 3.13037
0.1455 3.45702
0.0867 3.13958
0.0837 3.4601
0.0809 3.44576
0.1467 3.15597
0.0767 3.23174
0.0825 3.14573
0.0862 3.15802
0.0979 3.17133
0.1449 3.45293
0.0741 3.16314
0.0809 3.45702
0.1512 3.15085
0.0794 3.22867
0.0806 3.16109
0.086 3.21946
0.102 3.1447
0.0849 3.24506
0.0814 3.1447
0.0751 3.13037
0.1615 3.17338
0.1075 3.15085
0.1467 3.16518
0.0849 3.13242
0.1505 3.13958
0.0751 3.4519
0.0785 3.23686
0.0863 3.15187
0.0759 3.48467
0.0762 3.44269
0.0852 3.22662
0.14 3.456
0.0757 3.13754
0.1094 3.02899
0.0752 3.13037
0.0789 3.14163
0.0785 3.13856
0.0823 3.13651
0.076 3.24198
0.0761 3.25325
0.0806 3.13856
0.0815 3.12934
0.0801 3.24198
0.0803 3.23072
0.0799 3.13446
0.1089 3.13242
0.0795 3.2297
0.083 3.23584
0.1345 3.15494
0.0829 3.14368
0.1043 3.47955
0.1237 3.14675
0.1267 3.1488
0.1379 3.22048
0.0893 3.45702
0.0788 3.47853
0.0759 3.23584
0.1347 3.12934
0.0841 3.12627
0.0757 3.12013
0.113 3.15802
0.0946 3.48467
0.0764 3.23482
0.081 3.14675
0.0794 3.14573
0.0769 3.1488
0.0848 3.21536
0.0803 3.15904
0.0828 3.47341
0.0789 3.1785
0.1564 3.2297
0.1381 3.13037
0.1093 3.45293
0.0815 3.1529
0.1245 3.13754
0.0803 3.13856
0.0829 3.15085
0.0807 3.21946
0.0821 3.14163
0.0957 3.23789
0.0817 3.22867
0.1432 3.14061
0.0855 3.14368
0.1285 3.17952
0.0786 3.1529
0.0747 3.24506
0.1475 3.15392
0.1498 3.14163
0.1469 3.13958
0.1278 3.16416
0.1555 3.13549
0.079 3.15494
0.0767 3.23277
0.0835 3.14163
0.1122 3.46419
0.0767 3.13754
0.0793 3.23277
0.0833 3.16621
0.0769 3.24096
0.0871 3.22867
0.0785 3.2471
0.082 3.46522
0.0758 3.22765
0.0888 3.2215
0.0847 3.13856
0.0809 3.22867
0.0824 3.22867
0.1121 3.14675
0.1393 3.45293
0.0848 3.2553
0.0831 3.1488
0.0877 3.13344
0.0799 3.15085
0.0805 3.02387
0.0862 3.16211
0.0761 3.16314
0.0854 3.15187
0.0836 3.14573
0.0863 3.13754
0.107 3.4601
0.0794 3.22765
0.0841 3.11603
0.0804 3.44269
0.0803 3.16006
0.0772 3.14573
0.1014 3.2553
0.0984 3.14368
0.0797 3.14368
0.0833 3.38125
0.0819 3.13856
0.0771 3.15904
0.0849 3.46522
0.0888 3.13139
0.0811 3.24301
0.0779 3.22867
0.0797 3.21229
0.0774 3.14982
0.0791 3.45498
0.081 3.13446
0.077 3.22253
0.0844 3.16109
0.0817 3.14368
0.0764 3.46931
0.082 3.15904
0.1379 3.22458
0.0846 3.22253
0.0771 3.14163
0.0822 3.13651
0.0792 3.21843
0.0835 3.12422
0.1102 3.23277
0.0848 3.22867
0.0821 3.23072
0.0871 3.13242
0.0787 3.14675
0.0823 3.15904
0.1462 3.14982
0.079 3.15802
0.0844 3.14061
0.0877 3.22048
0.0791 3.24198
0.1462 3.16006
0.0801 3.1529
0.0812 3.13754
0.0832 3.1447
0.0817 3.13651
0.0824 3.2297
0.0866 3.15802
0.0858 3.13856
0.0824 3.456
0.0788 3.22765
0.0809 3.23482
0.0779 3.47341
0.0783 3.22253
0.0817 3.18157
0.0756 3.12013
0.0766 3.23174
0.1068 3.13139
0.0818 3.14573
0.0764 3.15597
0.086 3.11091
0.0815 3.21946
0.078 3.14573
0.078 3.22355
0.0745 3.16314
0.0977 3.16518
0.0886 3.23277
0.0821 3.47648
0.084 3.47648
0.0891 3.13446
0.0833 3.14675
0.0809 3.23174
0.105 3.23482
0.1313 3.14266
0.0806 3.13037
0.0819 3.11603
0.1429 3.14675
0.0777 3.46214
0.0847 3.23277
0.0811 3.48365
0.0809 3.13242
0.0983 3.16826
0.0824 3.13242
0.0869 3.13754
0.1685 3.12934
0.1376 3.47341
0.0866 3.15904
0.076 3.46112
0.0824 3.1488
0.0805 3.15392
0.0814 3.1232
0.0818 3.13754
0.0763 3.23789
0.1009 3.20717
0.1505 3.16723
0.0847 3.13037
0.0858 3.05152
0.1381 3.23482
0.0857 3.12525
0.0838 3.13037
0.084 3.22867
0.0836 3.16109
0.0769 3.13651
0.0814 3.15699
0.0916 3.45907
0.076 3.1488
0.0779 3.44781
0.077 3.13856
0.0828 3.13139
0.0771 3.14368
0.0795 3.1529
0.0891 3.18259
0.0768 3.15597
0.0836 3.23686
0.0839 3.15904
0.0811 3.48467
0.1053 3.23072
0.0834 3.22765
0.0761 3.14982
0.0769 3.14675
0.0847 3.14061
0.0884 3.23277
0.1209 3.23891
0.1427 3.23994
0.0837 3.23584
0.0785 3.46726
0.0784 3.16109
0.1304 3.19795
0.0738 3.18054
0.0894 3.46931
0.0857 3.23174
0.077 3.1447
0.0785 3.15187
0.1308 3.13139
0.1017 3.1447
0.0783 3.15597
0.0924 3.22048
0.0825 3.1703
0.0824 3.13754
0.098 3.23789
0.0848 3.13037
0.0875 3.13446
0.0806 3.14573
0.0826 3.15392
0.1064 3.13754
0.0867 3.46829
0.1446 3.12218
0.1104 3.13446
0.0829 3.23584
0.0769 3.47955
0.0828 3.1447
0.0989 3.22355
0.0789 3.22867
0.0771 3.1529
0.0776 3.14368
0.0824 3.15085
0.0777 3.23174
0.0778 3.03821
0.0773 3.14675
0.0785 3.46726
0.0821 3.1232
0.1484 3.21946
0.0804 3.14061
0.081 3.13958
0.0812 3.1447
0.0791 3.13549
0.0756 3.2297
0.0853 3.14163
0.0749 3.16518
0.0986 3.14368
0.0801 3.14368
0.0791 3.1447
0.0804 3.13958
0.0766 3.21126
0.0929 3.23584
0.0922 3.21536
0.0791 3.4857
0.0779 3.18157
0.0761 3.16006
0.0818 3.22048
0.0817 3.46931
0.0755 3.23277
0.0901 3.1447
0.0807 3.14163
0.1693 3.24198
0.0861 3.12832
0.0931 3.14368
0.0859 3.16416
0.0984 3.23789
0.0857 3.46829
0.0769 3.13856
0.0763 3.14573
0.0829 3.46726
0.0769 3.2512
0.0877 3.24301
0.0762 3.14368
0.0809 3.17338
0.134 3.2215
0.0805 3.22765
0.1018 3.35974
0.0753 3.54816
0.0834 3.1488
0.0786 3.16314
0.1257 3.25325
0.0777 3.23584
0.0801 3.23584
0.0886 3.16211
0.1383 3.14163
0.0852 3.1191
0.0863 3.1232
0.0846 3.15187
0.0779 3.23379
0.0775 3.15494
0.0807 3.21843
0.0798 3.15904
0.0761 3.1191
0.0768 3.23789
0.0829 3.23174
0.1058 3.13856
0.0778 3.46214
0.0851 3.03923
0.0796 3.456
0.1114 3.2256
0.0871 3.13037
0.0938 3.13549
0.0744 3.11706
0.0799 3.15597
0.0848 3.44986
0.1246 3.22867
0.0814 3.14368
0.0825 3.16416
0.0833 3.13139
0.0789 3.15699
0.0938 3.12218
0.0798 3.15904
0.0778 3.14368
0.078 3.12934
0.0765 3.16621
0.0799 3.2297
0.0765 3.13242
0.0846 3.23072
0.0775 3.46829
0.0783 3.46931
0.0805 3.2215
0.0837 3.23789
0.0823 3.45395
0.0826 3.22458
0.087 3.46522
0.093 3.16826
0.0788 3.23994
0.0756 3.1447
0.0847 3.16723
0.0914 3.23482
0.0776 3.23174
0.078 3.16928
0.0829 3.23482
0.0809 3.46419
0.0775 3.23072
0.0787 3.14778
0.0805 3.14778
0.077 3.14982
0.0807 3.2256
0.0775 3.1703
0.0815 3.23482
0.0789 3.22253
0.0785 3.13549
0.086 3.22867
0.0938 3.15392
0.0794 3.44986
0.0996 3.23379
0.0758 3.12422
0.0823 3.46931
0.0983 3.1529
0.0757 3.21536
0.0838 3.13856
0.077 3.14573
0.0803 3.1447
0.0759 3.2256
0.0779 3.46726
0.0789 3.22458
0.1227 3.14675
0.1369 3.1273
0.118 3.13242
0.1343 3.47648
0.0831 3.23584
0.0798 3.16416
0.0808 3.13651
0.0771 3.21946
0.0817 3.21126
0.1059 3.13958
0.0835 3.14675
0.0773 3.22458
0.1283 3.15802
0.1171 3.16723
0.0847 3.12218
0.0798 3.13037
0.0819 3.13958
0.0934 3.26246
0.0757 3.1273
0.084 3.04845
0.0852 3.1488
0.0775 3.43142
0.0863 3.21946
0.0787 3.23277
0.076 3.13856
0.0779 3.21741
0.0912 3.12832
0.0833 3.14061
0.0833 3.16416
0.0757 3.14778
0.084 3.15085
0.0869 3.15597
0.0817 3.15494
0.0887 3.13958
0.0779 3.12627
0.0853 3.13651
0.078 3.14982
0.0883 3.23891
0.08 3.13958
0.0776 3.44883
0.0828 3.45907
0.0872 3.23482
0.1263 3.15085
0.0939 3.22253
0.0814 3.2256
0.0822 3.12627
0.1064 3.15802
0.0882 3.15187
0.1019 3.13549
0.1351 3.0423
0.0784 3.23072
0.0798 3.24301
0.0778 3.13037
0.0787 3.15392
0.0841 3.1447
0.0769 3.13754
0.0872 3.13958
0.0771 3.10886
0.0742 3.46317
0.1375 3.21331
0.1064 3.456
0.0831 3.02797
0.079 3.12934
0.0856 3.13549
0.0816 3.13344
0.0758 3.13754
0.0818 3.46419
0.082 3.13549
0.0837 3.47853
0.0785 3.23379
0.1364 3.13958
0.1325 3.22458
0.0831 3.12627
0.077 3.2256
0.0766 3.09248
0.0837 3.44986
0.1458 3.16928
0.1402 3.11808
0.0847 3.12218
0.0834 3.14778
0.1163 3.14675
0.1136 3.2256
0.0818 3.10784
0.0766 3.13958
0.0766 3.17338
0.0842 3.1273
0.1386 3.16006
0.0849 3.23072
0.0867 3.13651
0.0998 3.23379
0.1155 3.15187
0.0792 3.13446
0.0824 3.13958
0.0787 3.10989
0.1487 3.16416
0.1006 3.36794
0.0813 3.20819
0.0846 3.1488
0.0864 3.14266
0.0798 3.13139
0.0859 3.23277
0.0811 3.16826
0.0866 3.14266
0.1174 3.09965
0.083 3.09658
0.0846 3.09658
0.149 3.13651
0.0764 3.21229
0.0801 3.13958
0.0869 3.44064
0.1022 3.1191
0.0768 3.19693
0.0881 3.43142
0.0825 3.19898
0.076 3.07405
0.0756 3.17645
0.0831 3.0761
0.0839 3.16006
0.0773 3.16518
0.0877 3.05459
0.0833 3.07814
0.0815 3.08326
0.0904 3.37101
0.0777 3.0505
0.0822 3.15904
0.0755 3.15392
0.1577 3.16006
0.0783 3.03206
0.141 3.04026
0.0846 3.38125
0.0832 3.16518
0.0822 3.04845
0.0766 3.12934
0.077 3.04128
0.1038 3.15699
0.0807 3.36179
0.0818 2.98803
0.0831 3.16006
0.0833 3.07507
0.0784 3.05459
0.0816 3.08531
0.0837 3.08224
0.0806 3.18464
0.0815 3.08326
0.0802 3.10067
0.092 3.20512
0.0871 3.11194
0.0814 3.14061
0.1293 3.12525
0.0782 3.23072
0.0755 3.12422
0.077 3.20819
0.1087 3.11091
0.0824 3.20922
0.0764 3.20922
0.0842 3.2041
0.0746 3.14163
0.1151 3.12934
0.1205 3.16006
0.087 3.24198
0.0808 3.25222
0.0816 3.12627
0.0848 3.13549
0.1499 3.14675
0.0882 3.17235
0.0867 3.26144
0.0789 3.49286
0.0827 3.20922
0.0839 3.1703
0.0757 3.18054
0.0852 3.19488
0.0827 3.2768
0.0827 3.19488
0.1011 3.20102
0.0785 3.29216
0.0843 3.19693
0.1579 3.19898
0.1245 3.51949
0.0776 3.20307
0.0844 3.19898
0.081 3.19488
0.1343 3.19795
0.0839 3.28294
0.1175 3.18771
0.1134 3.18362
0.0789 3.25427
0.0949 3.15597
0.083 3.48774
0.078 3.17952
0.0804 3.46931
0.0804 3.25427
0.0828 3.23482
0.0835 3.1232
0.0876 3.2471
0.0817 3.13754
0.0873 3.1447
0.0812 3.11501
0.1095 3.2553
0.0865 3.14675
0.0845 3.45498
0.0842 3.13139
0.0874 3.42221
0.0799 3.1959
0.0757 3.2297
0.0775 3.44474
0.0827 3.42938
0.0788 3.11194
0.1574 3.1232
0.0777 3.42426
0.1314 3.18669
0.0775 3.08838
0.0823 3.40992
0.083 3.09965
0.0774 3.06586
0.0765 3.06586
0.0761 3.07405
0.0854 3.39354
0.086 3.04333
0.0794 3.06893
0.0805 3.35872
0.0817 3.12422
0.0769 3.0208
0.0862 3.01158
0.0784 3.02694
0.0752 3.01773
0.0828 3.09043
0.0834 3.00134
0.0781 2.98394
0.1386 2.99827
0.0786 2.98189
0.0829 2.96346
0.0808 3.0423
0.132 2.91738
0.0809 3.0505
0.0867 2.9399
0.084 2.95014
0.0844 3.01978
0.0757 2.94093
0.0841 3.02694
0.0786 3.01875
0.0739 3.2297
0.08 3.00544
0.0829 2.99418
0.0772 2.99418
0.0836 3.00134
0.075 2.97165
0.0755 2.9911
0.0773 3.2041
0.0829 2.92352
0.0742 2.88358
0.0852 2.94195
0.0804 2.8631
0.0827 2.8713
0.0804 2.84672
0.0857 2.78221
0.0769 2.84262
0.0873 2.77504
0.1432 3.16109
0.0787 2.94093
0.1363 2.78835
0.0812 2.82112
0.0784 2.86822
0.0839 2.76992
0.0766 2.7945
0.0884 2.77504
0.0879 2.86822
0.0863 3.09043
0.0751 2.52928
0.0839 2.83955
0.1463 2.51904
0.114 2.51597
0.0872 2.50675
0.0879 2.46784
0.1126 2.51085
0.0826 2.85798
0.1459 3.11706
0.0796 2.59686
0.0766 2.77504
0.0757 2.52518
0.0827 2.50163
0.0816 2.58662
0.0825 2.50266
0.0813 2.25587
0.1339 2.26304
0.0984 2.47091
0.082 2.46477
0.0842 2.23437
0.0816 2.2528
0.1366 2.23949
0.135 2.23334
0.0768 2.44941
0.0856 2.44019
0.079 2.43814
0.0845 2.43302
0.0777 2.19034
0.0821 2.42176
0.0897 2.48525
0.0771 2.49958
0.0808 2.42278
0.079 2.39514
0.1016 2.15654
0.116 2.15142
0.0821 2.44634
0.0784 2.35827
0.1077 2.34189
0.1153 2.44634
0.0834 2.35315
0.0849 2.15962
0.0808 2.3511
0.096 2.14323
0.0754 2.1719
0.0818 2.35622
0.0822 2.36339
0.1561 2.35418
0.0787 2.13914
0.109 2.35418
0.0767 2.14118
0.1421 2.14426
0.0807 2.14323
0.0765 2.39104
0.0816 2.4361
0.0812 2.14221
0.0858 2.33574
0.0823 2.37261
0.0813 2.16474
0.082 2.13299
0.0997 2.37466
0.0883 2.34291
0.1568 2.14733
0.086 2.38592
0.0781 2.37978
0.1318 2.43814
0.1257 2.42483
0.0803 2.36032
0.0819 2.3849
0.0817 2.36339
0.0779 2.15552
0.0821 2.36032
0.0831 2.34598
0.0807 2.35827
0.0801 2.35418
0.1106 2.13402
0.0794 2.35213
0.0816 2.44122
0.0822 2.44224
0.0814 2.15142
0.0907 2.37056
0.0924 2.14528
0.0826 2.36032
0.0794 2.15142
0.0786 2.34598
0.0812 2.36544
0.0753 2.13606
0.0857 2.35213
0.1242 2.35725
0.0771 2.14016
0.0757 2.44838
0.0821 2.15142
0.0756 2.36339
0.1386 2.15245
0.0831 2.432
0.0853 2.36134
0.075 2.14733
0.0848 2.44634
0.0763 2.15552
0.0759 2.1504
0.0838 2.16883
0.0848 2.34598
0.0813 2.46272
0.0792 2.15347
0.0806 2.37773
0.0937 2.43405
0.083 2.36646
0.081 2.34906
0.0872 2.37978
0.0846 2.33165
0.0773 2.13811
0.0878 2.14221
0.1442 2.37158
0.0769 2.35725
0.0789 2.38592
0.0785 2.15962
0.137 2.44019
0.1115 2.37978
0.0798 2.38285
0.0816 2.14426
0.0806 2.35827
0.0812 2.36032
0.0747 2.3337
0.0814 2.13709
0.1197 2.34496
0.1369 2.36134
0.0789 2.13504
0.0938 2.49037
0.0814 2.1463
0.084 2.34598
0.1002 2.15347
0.0782 2.34496
0.087 2.35008
0.0883 2.13811
0.0767 2.36544
0.085 2.34394
0.0807 2.36442
0.0773 2.36544
0.0816 2.39104
0.0831 2.34189
0.0831 2.3767
0.1215 2.36134
0.0878 2.32243
0.1147 2.32448
0.0751 2.31014
0.0807 2.31526
0.0774 2.09408
0.104 2.10022
0.0923 2.0992
0.0785 2.29683
0.0787 2.07974
0.0754 2.32653
0.0791 2.28966
0.1 2.2569
0.0844 2.05517
0.0853 2.06234
0.0772 2.2313
0.082 2.21491
0.0749 2.24256
0.0791 2.22003
0.1247 2.0183
0.1442 2.304
0.0817 2.21901
0.0761 2.21389
0.0788 2.26406
0.0768 2.18112
0.0859 2.19443
0.0833 2.1801
0.108 2.176
