0.3401 0
0.4363 0
0.1117 0
0.1407 0
0.0706 0
0.0668 0
0.0682 0
0.0752 0.050176
0.0804 0.049152
0.0666 0.048128
0.0927 0.049152
0.0747 0.049152
0.0682 0.048128
0.1317 0.048128
0.0703 0.048128
0.1169 0.048128
0.0698 0.048128
0.068 0.048128
0.0835 0.049152
0.0742 0.048128
0.0675 0.048128
0.0745 0.048128
0.0678 0.048128
0.0752 0.050176
0.0682 0.049152
0.1213 0.049152
0.0748 0.0512
0.0839 0.048128
0.0923 0.048128
0.0799 0.0512
0.0738 0.048128
0.0698 0.054272
0.0674 0.048128
0.0687 0.047104
0.0799 0.048128
0.0752 0.048128
0.1102 0.048128
0.079 0.048128
0.0879 0.049152
0.0674 0.048128
0.0715 0.048128
0.0814 0.049152
0.0772 0.049152
0.0756 0.048128
0.0946 0.049152
0.1157 0.048128
0.0769 0.049152
0.0697 0.048128
0.0661 0.048128
0.1203 0.048128
0.0676 0.048128
0.087 0.048128
0.0711 0.047104
0.0831 0.048128
0.1217 0.048128
0.1304 0.048128
0.0892 0.048128
0.0682 0.048128
0.0776 0.048128
0.0707 0.049152
0.0807 0.048128
0.0715 0.048128
0.0934 0.050176
0.0731 0.047104
0.099 0.048128
0.0735 0.048128
0.0729 0.049152
0.0832 0.048128
0.0984 0.048128
0.0763 0.049152
0.0828 0.047104
0.068 0.048128
0.0762 0.049152
0.0781 0.053248
0.1025 0.053248
0.0864 0.048128
0.0841 0.052224
0.0714 0.048128
0.0741 0.048128
0.0737 0.049152
0.1091 0.048128
0.0733 0.048128
0.106 0.048128
0.0671 0.048128
0.0696 0.048128
0.1094 0.048128
0.0838 0.049152
0.0668 0.049152
0.0759 0.048128
0.0699 0.048128
0.105 0.048128
0.1352 0.048128
0.0856 0.049152
0.0679 0.049152
0.0706 0.048128
0.1195 0.049152
0.1016 0.048128
0.0761 0.048128
0.11 0.048128
0.0669 0.047104
0.0786 0.053248
0.0666 0.048128
0.1137 0.048128
0.0744 0.049152
0.0765 0.048128
0.0743 0.048128
0.0669 0.048128
0.0706 0.047104
0.0676 0.049152
0.0748 0.049152
0.0856 0.053248
0.0773 0.049152
0.0693 0.048128
0.0657 0.048128
0.1104 0.048128
0.0719 0.049152
0.0914 0.048128
0.0768 0.048128
0.0715 0.048128
0.1119 0.048128
0.0699 0.048128
0.0757 0.048128
0.0663 0.048128
0.0859 0.048128
0.0789 0.048128
0.0687 0.048128
0.0714 0.048128
0.07 0.048128
0.0894 0.049152
0.0716 0.048128
0.0676 0.048128
0.0718 0.049152
0.0874 0.048128
0.078 0.049152
0.0879 0.049152
0.075 0.049152
0.0744 0.048128
0.068 0.048128
0.0741 0.048128
0.1212 0.049152
0.0796 0.048128
0.0715 0.048128
0.0848 0.048128
0.0726 0.049152
0.0664 0.048128
0.0979 0.048128
0.0898 0.048128
0.0709 0.049152
0.0786 0.052224
0.0731 0.048128
0.0767 0.048128
0.1156 0.0512
0.0764 0.048128
0.0699 0.049152
0.1545 0.048128
0.0716 0.048128
0.0743 0.049152
0.1166 0.048128
0.0752 0.048128
0.0775 0.048128
0.1205 0.048128
0.1149 0.048128
0.121 0.049152
0.0953 0.048128
0.0736 0.048128
0.0673 0.048128
0.0718 0.048128
0.0719 0.050176
0.0682 0.048128
0.0965 0.048128
0.1031 0.048128
0.0816 0.048128
0.0755 0.0512
0.1183 0.049152
0.1246 0.047104
0.1259 0.052224
0.0803 0.048128
0.1138 0.048128
0.0788 0.048128
0.0815 0.048128
0.0928 0.048128
0.0745 0.049152
0.0738 0.048128
0.0771 0.049152
0.0769 0.048128
0.0671 0.048128
0.0693 0.048128
0.0683 0.048128
0.0724 0.048128
0.1036 0.048128
0.0785 0.048128
0.069 0.049152
0.0748 0.048128
0.1081 0.049152
0.0782 0.048128
0.0791 0.048128
0.0668 0.049152
0.0782 0.049152
0.0783 0.049152
0.0765 0.047104
0.067 0.048128
0.0765 0.049152
0.0836 0.049152
0.0726 0.049152
0.0677 0.049152
0.0974 0.049152
0.068 0.049152
0.1175 0.048128
0.0764 0.048128
0.1312 0.049152
0.1254 0.048128
0.0925 0.049152
0.0979 0.050176
0.0886 0.048128
0.1015 0.049152
0.0743 0.048128
0.1281 0.049152
0.0923 0.049152
0.0737 0.049152
0.1097 0.049152
0.1358 0.048128
0.0737 0.049152
0.0675 0.049152
0.0819 0.048128
0.1142 0.049152
0.104 0.049152
0.1535 0.049152
0.07 0.0512
0.0807 0.049152
0.117 0.049152
0.0747 0.049152
0.1251 0.048128
0.111 0.048128
0.074 0.049152
0.076 0.048128
0.0692 0.048128
0.1258 0.048128
0.0986 0.048128
0.1221 0.047104
0.071 0.047104
0.0717 0.048128
0.0771 0.048128
0.083 0.048128
0.0798 0.048128
0.0864 0.048128
0.0714 0.049152
0.0686 0.048128
0.0932 0.048128
0.0746 0.048128
0.0678 0.048128
0.081 0.048128
0.0684 0.048128
0.111 0.048128
0.1002 0.049152
0.0757 0.048128
0.067 0.048128
0.0762 0.048128
0.0678 0.049152
0.0741 0.048128
0.1246 0.048128
0.0667 0.048128
0.0871 0.048128
0.1035 0.048128
0.0841 0.052224
0.0691 0.052224
0.0732 0.048128
0.0678 0.048128
0.0955 0.048128
0.069 0.048128
0.0669 0.048128
0.0776 0.049152
0.0856 0.048128
0.068 0.047104
0.1319 0.048128
0.1003 0.048128
0.0715 0.048128
0.0933 0.048128
0.0687 0.048128
0.105 0.048128
0.0752 0.048128
0.1187 0.048128
0.0679 0.048128
0.0747 0.049152
0.0689 0.048128
0.0681 0.048128
0.087 0.049152
0.0806 0.048128
0.0679 0.048128
0.0683 0.048128
0.0707 0.047104
0.078 0.053248
0.09 0.048128
0.0725 0.048128
0.0729 0.048128
0.0694 0.048128
0.0769 0.048128
0.095 0.049152
0.0729 0.049152
0.0864 0.049152
0.1005 0.048128
0.069 0.049152
0.0681 0.048128
0.0672 0.048128
0.0674 0.048128
0.0738 0.048128
0.0744 0.052224
0.0796 0.053248
0.0817 0.048128
0.0726 0.049152
0.1348 0.048128
0.0905 0.048128
0.0738 0.048128
0.0692 0.048128
0.0722 0.048128
0.0721 0.048128
0.0756 0.048128
0.1202 0.048128
0.0801 0.048128
0.0733 0.047104
0.0799 0.048128
0.0719 0.048128
0.0695 0.048128
0.0721 0.049152
0.1299 0.048128
0.0668 0.048128
0.0751 0.049152
0.0791 0.048128
0.1491 0.048128
0.068 0.048128
0.0915 0.048128
0.0713 0.048128
0.0702 0.047104
0.0673 0.048128
0.0757 0.048128
0.129 0.048128
0.078 0.048128
0.076 0.049152
0.067 0.048128
0.0769 0.048128
0.0686 0.048128
0.076 0.049152
0.0701 0.048128
0.0829 0.049152
0.0708 0.047104
0.1083 0.048128
0.0745 0.048128
0.0719 0.048128
0.1211 0.048128
0.0818 0.048128
0.0748 0.048128
0.1253 0.048128
0.0771 0.049152
0.0737 0.048128
0.0652 0.048128
0.0755 0.048128
0.0692 0.047104
0.0722 0.048128
0.0681 0.048128
0.0686 0.048128
0.1756 0.048128
0.0836 0.048128
0.069 0.048128
0.068 0.047104
0.078 0.048128
0.0694 0.047104
0.0678 0.048128
0.1254 0.048128
0.072 0.049152
0.0682 0.048128
0.1207 0.048128
0.0889 0.048128
0.0766 0.048128
0.0682 0.048128
0.074 0.049152
0.0803 0.048128
0.0681 0.0512
0.1145 0.047104
0.0775 0.048128
0.1285 0.049152
0.0798 0.047104
0.0711 0.048128
0.0676 0.048128
0.0739 0.048128
0.0682 0.049152
0.0744 0.048128
0.0829 0.047104
0.0825 0.049152
0.0819 0.047104
0.0838 0.048128
0.1067 0.047104
0.0774 0.049152
0.0728 0.048128
0.0796 0.049152
0.072 0.049152
0.0764 0.048128
0.1129 0.048128
0.0746 0.048128
0.0856 0.048128
0.0836 0.048128
0.0682 0.049152
0.0734 0.048128
0.0859 0.047104
0.0753 0.052224
0.0798 0.047104
0.0931 0.047104
0.0748 0.047104
0.0792 0.048128
0.083 0.049152
0.1165 0.048128
0.076 0.048128
0.0895 0.047104
0.0764 0.048128
0.0678 0.048128
0.0733 0.048128
0.0798 0.048128
0.1245 0.047104
0.1096 0.049152
0.1086 0.049152
0.0741 0.048128
0.079 0.049152
0.125 0.049152
0.0677 0.047104
0.0679 0.048128
0.0774 0.048128
0.0704 0.048128
0.0676 0.048128
0.0755 0.047104
0.0837 0.048128
0.0728 0.048128
0.0734 0.048128
0.1275 0.047104
0.118 0.048128
0.1091 0.049152
0.1023 0.047104
0.1129 0.053248
0.0664 0.048128
0.0662 0.049152
0.0723 0.048128
0.0853 0.049152
0.0671 0.047104
0.0853 0.053248
0.0737 0.052224
0.0748 0.048128
0.0696 0.047104
0.0829 0.048128
0.1185 0.048128
0.1138 0.048128
0.0751 0.048128
0.0692 0.047104
0.0671 0.050176
0.0713 0.0512
0.0679 0.050176
0.0683 0.053248
0.0923 0.0512
0.0679 0.050176
0.0683 0.0512
0.0763 0.0512
0.0909 0.0512
0.0805 0.050176
0.0701 0.0512
0.0784 0.0512
0.0685 0.0512
0.0806 0.0512
0.0757 0.050176
0.1555 0.0512
0.1271 0.0512
0.0808 0.0512
0.0694 0.0512
0.0764 0.0512
0.0757 0.0512
0.0794 0.0512
0.1143 0.0512
0.0742 0.0512
0.0677 0.052224
0.0739 0.0512
0.074 0.0512
0.1248 0.0512
0.0717 0.0512
0.0679 0.050176
0.0962 0.050176
0.0763 0.0512
0.0678 0.0512
0.0703 0.0512
0.0755 0.0512
0.075 0.050176
0.0722 0.0512
0.0672 0.050176
0.0765 0.0512
0.1459 0.052224
0.0813 0.0512
0.0834 0.050176
0.0756 0.054272
0.0764 0.0512
0.112 0.052224
0.0773 0.050176
0.0875 0.0512
0.1144 0.0512
0.0789 0.050176
0.0732 0.0512
0.0762 0.0512
0.0701 0.050176
0.0748 0.0512
0.0865 0.053248
0.0682 0.0512
0.0748 0.050176
0.2365 0.0512
0.0723 0.0512
0.0785 0.052224
0.1824 0.050176
0.0728 0.0512
0.0751 0.050176
0.0801 0.0512
0.0708 0.0512
0.0707 0.050176
0.0673 0.050176
0.0732 0.052224
0.0703 0.0512
0.1215 0.0512
0.107 0.0512
0.115 0.052224
0.0717 0.0512
0.092 0.0512
0.082 0.0512
0.0733 0.050176
0.0669 0.0512
0.0746 0.050176
0.1503 0.0512
0.0687 0.0512
0.0734 0.050176
0.0856 0.0512
0.1006 0.0512
0.0993 0.050176
0.068 0.050176
0.0678 0.0512
0.0688 0.0512
0.0971 0.0512
0.1069 0.0512
0.0769 0.0512
0.0716 0.0512
0.0681 0.0512
0.0713 0.0512
0.0745 0.0512
0.1266 0.0512
0.1568 0.0512
0.1147 0.0512
0.0671 0.0512
0.0674 0.0512
0.118 0.0512
0.069 0.0512
0.0804 0.054272
0.0763 0.050176
0.0753 0.0512
0.0814 0.0512
0.072 0.0512
0.0766 0.0512
0.0798 0.0512
0.0738 0.0512
0.0672 0.0512
0.071 0.0512
0.0932 0.050176
0.0665 0.0512
0.0743 0.0512
0.0704 0.0512
0.073 0.0512
0.0681 0.0512
0.1277 0.050176
0.0707 0.0512
0.0732 0.0512
0.0683 0.050176
0.0773 0.0512
0.0856 0.0512
0.0687 0.050176
0.0696 0.050176
0.0677 0.050176
0.073 0.0512
0.0695 0.0512
0.0717 0.0512
0.0713 0.0512
0.1056 0.0512
0.0982 0.052224
0.1174 0.0512
0.0678 0.0512
0.1135 0.0512
0.127 0.050176
0.0802 0.0512
0.068 0.0512
0.0673 0.050176
0.0837 0.0512
0.0753 0.050176
0.0728 0.0512
0.0727 0.050176
0.1263 0.0512
0.0672 0.0512
0.0698 0.050176
0.0686 0.0512
0.0675 0.0512
0.0719 0.0512
0.0701 0.050176
0.0752 0.0512
0.078 0.0512
0.0681 0.0512
0.1129 0.050176
0.0736 0.0512
0.0674 0.0512
0.0767 0.0512
0.069 0.0512
0.068 0.0512
0.0695 0.0512
0.0772 0.0512
0.073 0.0512
0.1003 0.0512
0.0749 0.0512
0.0678 0.0512
0.0688 0.0512
0.0982 0.0512
0.105 0.0512
0.1012 0.050176
0.0753 0.0512
0.0819 0.0512
0.0722 0.0512
0.1189 0.050176
0.0807 0.0512
0.0779 0.0512
0.0865 0.0512
0.0667 0.0512
0.1033 0.0512
0.1314 0.0512
0.1072 0.0512
0.0679 0.0512
0.0716 0.0512
0.0682 0.050176
0.0699 0.0512
0.0877 0.052224
0.073 0.053248
0.0677 0.0512
0.0664 0.0512
0.0679 0.0512
0.079 0.0512
0.0708 0.0512
0.1099 0.0512
0.0755 0.0512
0.0698 0.052224
0.0741 0.0512
0.0721 0.050176
0.0869 0.050176
0.0659 0.052224
0.0674 0.052224
0.1419 0.0512
0.068 0.0512
0.0658 0.0512
0.12 0.050176
0.0828 0.0512
0.1311 0.0512
0.0678 0.0512
0.0755 0.0512
0.0837 0.050176
0.0844 0.0512
0.0682 0.0512
0.0839 0.0512
0.0984 0.0512
0.0775 0.0512
0.0713 0.0512
0.0675 0.0512
0.1299 0.0512
0.0678 0.0512
0.0716 0.050176
0.0815 0.0512
0.0711 0.050176
0.0749 0.0512
0.0724 0.0512
0.1572 0.0512
0.0677 0.0512
0.072 0.0512
0.0837 0.050176
0.1008 0.0512
0.0681 0.0512
0.0826 0.0512
0.0717 0.050176
0.0671 0.052224
0.0761 0.0512
0.0696 0.050176
0.0669 0.0512
0.0722 0.0512
0.0703 0.0512
0.082 0.0512
0.0785 0.0512
0.0722 0.0512
0.0754 0.0512
0.0688 0.052224
0.1047 0.0512
0.069 0.052224
0.0677 0.050176
0.0714 0.0512
0.074 0.0512
0.067 0.050176
0.068 0.0512
0.069 0.0512
0.0808 0.050176
0.0726 0.052224
0.1047 0.052224
0.1425 0.0512
0.077 0.0512
0.0892 0.0512
0.0707 0.050176
0.0744 0.0512
0.0673 0.0512
0.1215 0.0512
0.0756 0.052224
0.074 0.050176
0.128 0.050176
0.0669 0.0512
0.0708 0.0512
0.0944 0.0512
0.069 0.0512
0.0663 0.0512
0.0759 0.0512
0.1211 0.0512
0.0714 0.0512
0.0673 0.050176
0.0998 0.0512
0.0727 0.050176
0.0744 0.0512
0.0707 0.050176
0.0699 0.052224
0.0676 0.0512
0.0755 0.050176
0.0668 0.0512
0.0677 0.0512
0.104 0.050176
0.1277 0.0512
0.0748 0.0512
0.0669 0.0512
0.1178 0.0512
0.0753 0.0512
0.1296 0.0512
0.0676 0.052224
0.0664 0.0512
0.0734 0.0512
0.0697 0.052224
0.0772 0.0512
0.0684 0.050176
0.068 0.0512
0.0666 0.0512
0.0655 0.0512
0.0712 0.0512
0.1055 0.0512
0.074 0.052224
0.07 0.050176
0.0706 0.0512
0.0664 0.0512
0.1205 0.050176
0.0737 0.0512
0.0688 0.050176
0.0673 0.0512
0.0672 0.0512
0.0689 0.0512
0.0746 0.050176
0.0713 0.0512
0.0885 0.0512
0.0738 0.0512
0.0782 0.0512
0.0749 0.052224
0.116 0.0512
0.075 0.054272
0.0694 0.0512
0.0669 0.0512
0.0704 0.0512
0.0755 0.050176
0.0759 0.0512
0.0745 0.050176
0.0839 0.0512
0.0782 0.0512
0.12 0.0512
0.0685 0.0512
0.0734 0.0512
0.0713 0.0512
0.0704 0.0512
0.0776 0.0512
0.1005 0.050176
0.0808 0.0512
0.0761 0.0512
0.0734 0.050176
0.0714 0.0512
0.0744 0.0512
0.0708 0.052224
0.0679 0.0512
0.0783 0.050176
0.1303 0.0512
0.0756 0.050176
0.0739 0.0512
0.078 0.0512
0.0664 0.050176
0.0806 0.0512
0.0695 0.0512
0.0696 0.052224
0.076 0.052224
0.0683 0.052224
0.0669 0.0512
0.1216 0.0512
0.0852 0.0512
0.0674 0.0512
0.0665 0.0512
0.0737 0.050176
0.0681 0.052224
0.0723 0.0512
0.0746 0.0512
0.0771 0.050176
0.0724 0.050176
0.0706 0.0512
0.0715 0.0512
0.0934 0.0512
0.076 0.0512
0.0784 0.0512
0.0739 0.0512
0.0677 0.0512
0.073 0.0512
0.0742 0.0512
0.0684 0.0512
0.0804 0.052224
0.0672 0.0512
0.0697 0.0512
0.1225 0.0512
0.0756 0.0512
0.1108 0.0512
0.0721 0.0512
0.1317 0.0512
0.0668 0.0512
0.0752 0.0512
0.0797 0.0512
0.0736 0.0512
0.0713 0.0512
0.0851 0.0512
0.0679 0.0512
0.067 0.0512
0.1127 0.050176
0.1028 0.0512
0.1014 0.050176
0.0682 0.0512
0.0737 0.0512
0.0763 0.050176
0.12 0.0512
0.113 0.0512
0.0675 0.0512
0.1052 0.0512
0.0727 0.0512
0.0778 0.0512
0.1358 0.0512
0.0687 0.053248
0.0663 0.0512
0.1288 0.050176
0.0736 0.0512
0.0702 0.0512
0.0936 0.0512
0.0779 0.0512
0.1111 0.0512
0.0852 0.0512
0.0731 0.0512
0.0675 0.050176
0.0702 0.0512
0.078 0.0512
0.0869 0.050176
0.0737 0.0512
0.0717 0.0512
0.0738 0.0512
0.0905 0.0512
0.0729 0.050176
0.1021 0.0512
0.0801 0.0512
0.0709 0.0512
0.0702 0.053248
0.0788 0.0512
0.079 0.052224
0.104 0.053248
0.073 0.050176
0.1184 0.0512
0.0678 0.0512
0.0708 0.0512
0.0688 0.052224
0.0678 0.0512
0.0683 0.0512
0.0819 0.0512
0.0723 0.0512
0.0952 0.0512
0.0788 0.050176
0.0924 0.0512
0.1125 0.050176
0.0705 0.0512
0.0836 0.0512
0.0733 0.0512
0.0751 0.0512
0.0897 0.0512
0.0765 0.0512
0.0708 0.0512
0.0752 0.050176
0.078 0.0512
0.1044 0.0512
0.0801 0.0512
0.0751 0.0512
0.1174 0.0512
0.0746 0.052224
0.0733 0.0512
0.0682 0.0512
0.068 0.0512
0.0675 0.050176
0.0782 0.050176
0.0741 0.0512
0.0711 0.0512
0.0843 0.050176
0.0867 0.0512
0.0762 0.0512
0.1544 0.050176
0.0971 0.0512
0.0738 0.0512
0.0751 0.0512
0.074 0.0512
0.0846 0.0512
0.1206 0.0512
0.1165 0.0512
0.0756 0.052224
0.0795 0.052224
0.0705 0.050176
0.1082 0.0512
0.1088 0.0512
0.119 0.0512
0.0733 0.050176
0.0694 0.0512
0.0804 0.0512
0.0804 0.050176
0.0812 0.050176
0.0787 0.050176
0.0968 0.050176
0.0795 0.0512
0.0807 0.052224
0.0698 0.0512
0.1208 0.0512
0.1351 0.0512
0.0851 0.0512
0.0702 0.050176
0.1 0.050176
0.072 0.052224
0.1058 0.050176
0.1038 0.0512
0.1003 0.0512
0.1111 0.0512
0.0798 0.0512
0.1296 0.0512
0.0751 0.0512
0.0886 0.050176
0.085 0.050176
0.0689 0.0512
0.0691 0.0512
0.1395 0.0512
0.0981 0.052224
0.0744 0.0512
0.0799 0.0512
0.0807 0.050176
0.0679 0.0512
0.0684 0.050176
0.1046 0.0512
0.0885 0.0512
0.0761 0.0512
0.0869 0.0512
0.1009 0.0512
0.1342 0.0512
0.1174 0.050176
0.0681 0.0512
0.1093 0.0512
0.0684 0.0512
0.0809 0.050176
0.1274 0.0512
0.0803 0.050176
0.0745 0.0512
0.1186 0.0512
0.0754 0.050176
0.0808 0.050176
0.08 0.0512
0.0732 0.0512
0.1037 0.0512
0.1018 0.0512
0.1132 0.050176
0.0679 0.0512
0.0934 0.0512
0.1079 0.0512
0.0993 0.052224
0.072 0.0512
0.1249 0.050176
0.1273 0.050176
0.1235 0.0512
0.1041 0.052224
0.1015 0.0512
0.1024 0.0512
0.068 0.050176
0.1225 0.050176
0.0723 0.0512
0.1058 0.0512
0.1092 0.052224
0.0767 0.0512
0.099 0.0512
0.0776 0.0512
0.0718 0.050176
0.1251 0.0512
0.0793 0.050176
0.124 0.0512
0.0788 0.0512
0.1235 0.0512
0.1036 0.0512
0.1241 0.050176
0.0689 0.050176
0.0756 0.0512
0.1071 0.0512
0.1001 0.0512
0.1264 0.0512
0.101 0.0512
0.0724 0.050176
0.0966 0.0512
0.1054 0.0512
0.1208 0.0512
0.0813 0.052224
0.0856 0.0512
0.1182 0.0512
0.1045 0.0512
0.0667 0.0512
0.0682 0.052224
0.1098 0.0512
