0.137 3.18362
0.1448 2.88768
0.1342 3.18362
0.1338 2.88768
0.0764 3.10784
0.0793 2.80986
0.1425 3.10784
0.0708 2.80986
0.0605 3.10784
0.0752 2.80986
0.1322 3.6608
0.0898 3.34131
0.1347 3.29728
0.1604 3.58195
0.0867 2.96858
0.0861 2.96346
0.0903 3.2
0.0739 3.20717
0.0808 2.89178
0.0758 3.1959
0.0847 2.88461
0.0955 3.2471
0.0812 2.944
0.088 2.89075
0.1188 3.20717
0.0825 3.13139
0.0751 2.89382
0.0834 3.19386
0.0784 2.89587
0.0765 3.1273
0.129 2.8969
0.0763 2.90304
0.0751 2.88358
0.1416 2.89075
0.0836 2.88666
0.099 2.88973
0.1323 3.2041
0.0796 3.1191
0.1048 3.20205
0.0814 3.20307
0.0814 3.20307
0.0832 2.89894
0.0816 2.89485
0.0852 2.88768
0.0812 2.89587
0.0827 2.89587
0.0847 3.18669
0.083 2.87744
0.1546 2.89792
0.0759 3.19181
0.0774 3.19181
0.0822 3.19795
0.0832 2.89587
0.0818 3.19898
0.1194 3.19283
0.0787 3.19078
0.0765 3.19181
0.1091 2.90304
0.0829 3.2041
0.0819 2.89075
0.0758 3.18566
0.1401 3.2041
0.0814 3.11296
0.0749 2.88666
0.0807 3.19693
0.0821 3.19078
0.084 2.88973
0.0887 2.89178
0.0801 3.19488
0.0774 2.89075
0.0837 2.89075
0.0942 2.90509
0.0824 3.1959
0.0866 2.87949
0.105 2.88768
0.1275 2.89178
0.082 2.8887
0.0807 2.8928
0.091 2.89894
0.0825 2.89075
0.0761 2.88973
0.08 2.8887
0.08 3.18157
0.1021 2.88563
0.0872 3.13139
0.1376 3.20614
0.1021 2.8969
0.0764 2.89382
0.0806 2.88973
0.0829 2.89075
0.0838 3.21024
0.08 2.88256
0.0819 3.11501
0.0776 2.92147
0.0807 2.88256
0.0842 3.12115
0.0916 2.89894
0.0983 2.89382
0.108 3.19078
0.0899 3.1232
0.0842 2.89792
0.086 2.89587
0.1301 3.18874
0.0763 2.91021
0.084 2.88768
0.0806 2.88256
0.0882 3.15187
0.081 2.89382
0.0764 2.89587
0.0762 3.21434
0.0751 2.88666
0.0752 2.88358
0.0799 3.19181
0.1253 2.89075
0.0833 2.88256
0.077 3.12934
0.0765 3.20102
0.1167 3.13344
0.0775 3.19181
0.0762 3.13856
0.0964 2.89587
0.083 2.88973
0.0762 3.12832
0.0826 2.88768
0.078 3.18771
0.0753 3.11603
0.1218 2.87334
0.0844 2.86822
0.0801 3.09658
0.0834 3.11603
0.0817 3.17542
0.1377 3.12422
0.132 3.17542
0.0915 3.10374
0.078 3.07917
0.0831 2.8631
0.0779 2.87846
0.0748 3.16928
0.0771 3.10374
0.0807 3.08941
0.0839 3.08122
0.082 3.19693
0.0772 2.8928
0.0793 3.1703
0.0781 2.8672
0.1504 3.17235
0.0894 3.17133
0.0758 3.09043
0.0827 2.85901
0.0771 3.17542
0.0818 2.86003
0.0831 3.16518
0.0818 3.15085
0.1303 2.87027
0.0773 3.10477
0.0818 2.85594
0.1417 3.16621
0.0818 2.87539
0.1243 3.11091
0.1493 2.87949
0.1439 2.8713
0.1397 2.8672
0.0785 2.85798
0.1036 2.87642
0.0824 3.17235
0.0815 2.85901
0.0839 2.87027
0.0808 2.86003
0.0754 2.87437
0.0876 2.8672
0.0851 2.84672
0.086 3.61677
0.0746 3.36384
0.0824 3.36998
0.0829 3.36691
0.081 3.36486
0.0808 3.23686
0.0767 3.2256
0.086 3.54714
0.0756 3.33107
0.0837 3.22662
0.0826 3.32595
0.0771 3.23277
0.081 3.22048
0.1268 3.31981
0.0831 3.21331
0.0785 3.23277
0.0823 3.26861
0.0758 3.31366
0.0752 3.23072
0.1113 3.23994
0.0809 3.25018
0.0765 3.54918
0.082 3.23277
0.0772 3.32493
0.1327 3.55021
0.0802 3.54304
0.0791 3.20614
0.1446 3.21229
0.0811 3.22458
0.0822 3.31366
0.078 3.30547
0.1413 3.32595
0.0903 3.21843
0.1302 3.31366
0.086 3.21024
0.0797 3.21331
0.0771 3.28704
0.0842 3.29216
0.0781 3.51232
0.0845 3.28704
0.1338 3.27987
0.0861 3.18157
0.0772 3.18566
0.0857 3.28192
0.0847 3.2727
0.1073 3.1959
0.0842 3.17338
0.0876 3.18976
0.1126 3.28602
0.0788 3.26349
0.0811 3.21331
0.1284 3.27578
0.0941 3.29728
0.0808 3.20717
0.0762 3.48672
0.1335 3.18464
0.0892 3.27782
0.0779 3.18566
0.0844 3.19488
0.0832 3.28909
0.0756 3.22355
0.0851 3.29421
0.0791 3.20205
0.0799 3.18976
0.1023 3.18054
0.0827 3.2768
0.0751 3.27885
0.0861 3.18976
0.0815 3.2983
0.0807 3.21229
0.085 3.18771
0.0998 3.28602
0.0863 3.51334
0.0781 3.2256
0.0855 3.19181
0.0874 3.29011
0.0751 3.27987
0.0805 3.12422
0.0866 3.17133
0.1499 3.21434
0.0815 3.28806
0.0791 3.26246
0.0832 3.19386
0.0816 3.19488
0.0974 3.19795
0.0836 3.17133
0.1023 3.21536
0.0781 3.21741
0.0866 3.19283
0.0793 3.29626
0.081 3.20922
0.0845 3.1959
0.0853 3.29114
0.0805 3.20102
0.0816 3.2041
0.085 3.20512
0.1077 3.21638
0.0902 3.29216
0.1281 3.21946
0.0787 3.19693
0.08 3.21741
0.0929 3.17338
0.1405 3.19795
0.1493 3.20819
0.0798 3.19386
0.1412 3.1959
0.0813 3.29114
0.0766 3.18771
0.074 3.2041
0.1169 3.27782
0.0757 3.19898
0.0744 3.51642
0.0846 3.51744
0.0833 3.28192
0.081 3.2809
0.0856 3.51744
0.1274 3.18566
0.1338 3.18054
0.0853 3.21126
0.1293 3.17645
0.0853 3.2
0.1192 3.18464
0.086 3.50925
0.1183 3.20614
0.1454 3.21946
0.1385 3.18976
0.1387 3.18259
0.1673 3.19693
0.1361 3.51642
0.077 3.18976
0.0817 3.18771
0.082 3.51027
0.0786 3.50618
0.0827 3.19181
0.0831 3.27066
0.1608 3.1785
0.0812 3.19283
0.0835 3.18362
0.0829 3.22458
0.0865 3.27987
0.0887 3.20922
0.0842 3.50618
0.081 3.19795
0.0829 3.52154
0.1336 3.20102
0.0899 3.30342
0.0831 3.18259
0.1316 3.18157
0.081 3.20819
0.0844 3.18259
0.079 3.28294
0.1232 3.27987
0.1049 3.28602
0.0916 3.19693
0.0786 3.2
0.0805 3.2
0.0774 3.21434
0.0875 3.19386
0.0858 3.52154
0.08 3.19693
0.0818 3.20922
0.081 3.27475
0.079 3.20512
0.0797 3.29011
0.0812 3.51437
0.1213 3.51027
0.0824 3.27782
0.0861 3.19795
0.077 3.5072
0.0845 3.19795
0.0829 3.2809
0.1102 3.21638
0.0827 3.29114
0.1479 3.17645
0.0811 3.20922
0.081 3.1785
0.0754 3.5113
0.0858 3.1785
0.0801 3.2768
0.0891 3.21536
0.1011 3.21229
0.0809 3.49901
0.0795 3.17952
0.0794 3.2983
0.0836 3.27578
0.0742 3.52256
0.0763 3.17542
0.0803 3.29318
0.0795 3.20102
0.0811 3.16928
0.0771 3.28192
0.0785 3.21024
0.0826 3.21229
0.0771 3.27168
0.0801 3.2
0.1559 3.18157
0.1142 3.27168
0.0861 3.27168
0.0802 3.28806
0.0869 3.27475
0.1146 3.18157
0.138 3.28806
0.0761 3.18566
0.1258 3.20205
0.0764 3.20922
0.0821 3.17235
0.0822 3.52154
0.0772 3.19898
0.1509 3.49594
0.082 3.19898
0.104 3.21024
0.0859 3.20614
0.1449 3.19386
0.1481 3.19386
0.1304 3.49798
0.0868 3.18976
0.1425 3.19181
0.1424 3.21024
0.0972 3.18976
0.0837 3.19898
0.1388 3.28397
0.0785 3.22355
0.0837 3.18874
0.1472 3.19795
0.0747 3.1959
0.1606 3.16211
0.0833 3.28602
0.1303 3.19488
0.1642 3.20102
0.0909 3.50925
0.111 3.18259
0.0823 3.29011
0.0877 3.19898
0.1355 3.20819
0.0762 3.18566
0.078 3.1959
0.1297 3.51334
0.0816 3.17338
0.096 3.16723
0.1091 3.52358
0.1665 3.26656
0.0802 3.28499
0.0814 3.21229
0.1178 3.2041
0.1345 3.16928
0.0832 3.2768
0.1017 3.53382
0.0892 3.28704
0.0859 3.16621
0.1376 3.29523
0.0791 3.20512
0.0989 3.22765
0.0769 3.1959
0.128 3.19795
0.1314 3.28909
0.1267 3.20922
0.1268 3.18566
0.0911 3.18874
0.0791 3.22765
0.0785 3.1959
0.0814 3.2768
0.0816 3.28397
0.081 3.50208
0.082 3.28806
0.0766 3.18874
0.0766 3.20307
0.0726 3.20102
0.0846 3.2809
0.1316 3.2768
0.083 3.27373
0.0849 3.18976
0.0779 3.1959
0.1294 3.17338
0.1485 3.50003
0.1606 3.18157
0.0833 3.09043
0.0843 3.19898
0.1431 3.19898
0.0808 3.20205
0.0888 3.19386
0.1301 3.18976
0.0832 3.27782
0.1357 3.19181
0.082 3.49491
0.0822 3.18669
0.1487 3.49696
0.078 3.20102
0.0816 3.50618
0.1876 3.5072
0.1248 3.18464
0.0773 3.52563
0.0826 3.18362
0.0843 3.26861
0.0824 3.19283
0.0763 3.1959
0.085 3.45293
0.0783 3.30035
0.0836 3.22355
0.1395 3.22048
0.0797 3.31162
0.0823 3.25837
0.0823 3.26656
0.0794 3.23686
0.1299 3.24301
0.1087 3.27373
0.089 3.25734
0.1344 3.27066
0.0826 3.16826
0.0789 3.27987
0.088 3.2768
0.1443 3.28499
0.0803 3.2727
0.0824 3.57376
0.0789 3.57581
0.0799 3.26144
0.0779 3.28499
0.1563 3.28602
0.0746 3.60038
0.1463 2.98701
0.0763 3.27782
0.0829 3.2727
0.0773 3.28192
0.0821 3.25325
0.0821 3.2983
0.1502 3.25632
0.0827 3.26861
0.0813 3.26349
0.1334 3.34336
0.0805 3.3577
0.1461 3.61062
0.1005 3.27885
0.0829 3.27782
0.1615 3.28499
0.0795 3.24506
0.0769 3.26963
0.0815 3.27373
0.0853 3.35565
0.0825 3.27782
0.0825 3.34541
0.0756 3.28499
0.0881 3.26758
0.0827 3.37408
0.1344 3.36077
0.0824 3.57274
0.0869 3.58195
0.0884 3.58605
0.0861 3.24813
0.0822 3.28294
0.0829 3.35667
0.0778 3.2727
0.0826 3.26554
0.0808 3.35258
0.1204 3.26246
0.1205 3.26656
0.1035 3.29011
0.0859 3.27066
0.0785 3.28499
0.0786 3.26349
0.0818 3.36282
0.0816 3.3495
0.1336 3.36179
0.0837 3.36384
0.0843 3.25222
0.1427 3.27987
0.081 3.58912
0.0759 3.6055
0.1144 3.6096
0.0777 3.60346
0.0836 3.58093
0.1474 3.25222
0.0793 3.28806
0.0963 3.59526
0.082 3.27782
0.0856 3.27987
0.076 3.60755
0.1132 3.2727
0.0816 3.32288
0.0866 3.35872
0.0867 3.29421
0.1242 3.17645
0.0829 3.09555
0.0793 2.87642
0.0874 2.8713
0.0814 2.88973
0.0803 2.80986
0.0846 2.88154
0.0812 2.88051
0.0771 3.19386
0.0814 2.87846
0.1026 3.18157
0.1549 2.88358
0.1266 2.89178
0.0742 3.10067
0.1137 2.89075
0.0829 3.19898
0.0834 3.2
0.0755 3.18157
0.0818 2.87846
0.1452 2.87949
0.0862 3.13754
0.0767 3.17952
0.1286 3.14163
0.087 3.1785
0.1437 2.88256
0.1327 3.1017
0.0841 2.87232
0.0858 2.86413
0.0828 2.87437
0.138 2.86618
0.0822 2.8631
0.0855 2.85082
0.089 2.84774
0.0831 3.28909
0.0823 3.29216
0.0829 3.3495
0.1211 3.25222
0.0785 3.34131
0.0851 3.6055
0.0829 3.34746
0.0776 3.57478
0.0753 3.25018
0.1407 3.2512
0.0833 3.3321
0.0813 3.56659
0.0829 3.32288
0.0809 3.57683
0.0829 3.26042
0.0862 3.36384
0.0753 3.32083
0.1059 3.33517
0.0871 3.23174
0.1434 3.33619
0.0733 3.33312
0.0833 3.22048
0.0804 3.33926
0.1018 3.21741
0.082 3.24915
0.0855 3.30138
0.0823 3.52461
0.1124 3.18157
0.0812 3.18669
0.078 3.25427
0.0831 3.17952
0.0808 3.2256
0.0829 3.21434
0.0814 3.44678
0.0751 3.12832
0.1368 3.10682
0.0801 3.1273
0.0776 3.0935
0.0751 3.46522
0.0856 3.19283
0.0989 3.1017
0.1313 3.12832
0.0807 3.43552
0.0811 3.13856
0.0775 3.16621
0.0817 3.49184
0.1215 3.20205
0.0844 3.49286
0.0824 3.21229
0.0811 3.51539
0.0828 3.30752
0.0885 3.30445
0.1389 3.32902
0.1299 3.34336
0.0794 3.24403
0.083 3.2553
0.0781 3.36077
0.083 2.85286
0.0773 2.84774
0.0872 2.86106
0.0887 3.1744
0.0757 3.17952
0.0788 2.79552
0.0905 2.88154
0.0839 2.87846
0.1343 3.11603
0.0761 2.88051
0.0851 3.1232
0.0831 2.89587
0.0808 3.1232
0.0895 2.89587
0.1171 3.11296
0.0785 2.88051
0.0766 2.8887
0.1248 2.90406
0.078 3.21434
0.079 2.88461
0.0927 3.18464
0.0814 2.89178
0.0796 3.19283
0.1264 3.19181
0.0825 2.90099
0.0788 2.88768
0.0907 2.89382
0.0826 3.11398
0.0812 3.18669
0.0772 3.2
0.0792 2.88666
0.0787 2.89075
0.1196 2.89178
0.0865 2.8969
0.0807 3.19898
0.0776 3.20614
0.0832 3.19181
0.0776 2.89178
0.1327 3.19488
0.0825 2.89075
0.078 3.20307
0.1318 3.21638
0.0831 2.88051
0.1042 2.89178
0.1353 3.19386
0.1282 2.8887
0.0812 3.18874
0.0905 2.8969
0.0813 3.12013
0.0808 3.19386
0.0817 2.89382
0.0742 2.87334
0.0842 3.10989
0.0768 3.18464
0.0794 3.18976
0.0758 3.11296
0.1222 2.88051
0.1424 2.88461
0.083 2.89997
0.1451 2.91635
0.0821 2.88051
0.1119 2.8928
0.1383 2.8887
0.0808 3.13344
0.0804 2.88973
0.1336 2.88358
0.0832 2.87027
0.0862 3.1232
0.0852 3.19078
0.0805 2.88358
0.0839 3.18566
0.0809 2.88461
0.0821 2.88768
0.0836 3.11808
0.0803 3.11706
0.0815 2.89178
0.1266 3.19795
0.0796 3.19181
0.098 2.88358
0.0912 3.19386
0.0829 2.89587
0.0786 2.81293
0.0778 3.12525
0.1475 3.1959
0.0848 3.21126
0.0811 3.19795
0.0809 2.89485
0.0822 2.8969
0.1003 2.90202
0.0773 2.90202
0.084 3.20614
0.0762 3.20205
0.1458 2.90099
0.0992 3.21126
0.1068 2.90099
0.0847 3.12627
0.0832 3.20102
0.0772 2.89485
0.128 3.1447
0.0843 3.21024
0.0808 2.89178
0.0843 3.22662
0.0881 3.12934
0.0803 2.88768
0.1752 2.89178
0.1122 2.90714
0.0803 2.89587
0.1074 2.89997
0.0772 3.21843
0.0828 2.89485
0.1198 3.13651
0.1308 2.90304
0.1277 2.90202
0.0799 2.8928
0.0853 2.89382
0.0819 2.89587
0.0905 3.20307
0.1249 2.90406
0.152 3.13754
0.1122 2.89178
0.0825 3.13651
0.0904 2.89178
0.1111 3.19488
0.076 2.89997
0.0823 3.19488
0.0848 3.19386
0.0816 3.0976
0.0807 3.18874
0.0819 3.19078
0.1416 3.1959
0.1294 3.18157
0.0871 3.18771
0.1088 2.87437
0.0847 2.87437
0.0863 3.19283
0.0821 3.12013
0.0824 3.1785
0.0807 3.19283
0.082 2.88154
0.0842 2.91021
0.0816 2.89075
0.1354 2.88973
0.1048 3.12422
0.1393 2.88563
0.0834 2.8928
0.0738 2.90099
0.0776 2.90714
0.0767 3.13958
0.0755 3.20102
0.0898 2.91328
0.0834 3.21126
0.0763 3.21024
0.0807 3.22253
0.0871 2.89792
0.0798 2.90406
0.1384 3.19181
0.0831 3.2
0.0841 3.13549
0.1402 2.89485
0.0825 3.2041
0.081 2.90918
0.0834 3.20102
0.0859 2.89178
0.0882 3.19898
0.1275 2.89178
0.0852 2.8887
0.1068 3.21024
0.081 3.18669
0.0828 2.88256
0.0809 2.87334
0.0827 3.10477
0.0826 3.10477
0.0799 2.87232
0.0805 3.10374
0.0853 3.18259
0.0807 2.87539
0.2809 2.87846
0.0929 2.85594
0.0918 2.86106
0.0766 2.85798
0.0749 2.8672
0.0798 2.86003
0.0837 3.35974
0.0741 3.3536
0.0815 3.60755
0.0997 3.36179
0.082 3.23379
0.0792 3.25837
0.0799 3.27066
0.0871 3.25427
0.1281 3.33312
0.1445 3.28704
0.0985 3.27578
0.0819 3.27578
0.1423 3.59936
0.0804 3.36077
0.0846 3.15904
0.1226 3.59219
0.0849 3.35258
0.0791 2.84262
0.0856 3.26963
0.0813 3.24403
0.1017 3.27782
0.1332 3.584
0.0855 3.26963
0.0843 2.84672
0.1067 3.60243
0.1261 3.2768
0.0744 3.59322
0.0781 3.26451
0.0832 3.35667
0.0785 3.3495
0.085 2.85389
0.1457 3.16109
0.1033 2.86208
0.1306 2.8631
0.1456 2.86003
0.0744 2.87846
0.0898 3.10579
0.0764 3.10272
0.0827 2.86106
0.0806 3.16723
0.084 3.16211
0.0884 2.87846
0.1379 2.87642
0.0757 2.87437
0.1539 2.86413
0.1001 3.17747
0.0814 2.86515
0.0843 2.8672
0.0746 3.17235
0.0755 2.86208
0.0814 2.87744
0.0945 3.17338
0.1101 3.17542
0.0839 3.08736
0.0843 2.87334
0.0749 2.86106
0.076 2.85594
0.0814 2.86208
0.0853 2.87027
0.0785 2.85491
0.0849 3.10784
0.0842 2.86925
0.0792 3.07814
0.0838 3.1703
0.0808 2.91021
0.0804 3.19898
0.0783 3.21638
0.0852 2.91942
0.0828 2.89587
0.0772 3.20819
0.0942 2.90202
0.0995 3.2041
0.0824 3.20717
0.0819 2.82522
0.0808 3.16928
0.0827 2.86822
0.0966 2.85696
0.0826 2.85901
0.089 3.0935
0.0811 3.09248
0.0807 2.78733
0.1517 2.86618
0.1316 3.16621
0.0812 2.86106
0.0773 2.8672
0.0763 3.1785
0.0801 2.85696
0.0843 3.17235
0.0783 2.8631
0.0839 2.8672
0.0936 3.17952
0.0782 2.86106
0.081 3.16518
0.1172 2.87642
0.0831 3.17133
0.079 2.86003
0.0814 3.10886
0.0912 3.16211
0.0741 3.17235
0.0825 3.16928
0.1021 3.09043
0.1047 2.86106
0.1547 2.8631
0.0803 2.85696
0.0782 2.86515
0.1518 3.08531
0.1119 2.88051
0.0787 3.17133
0.1027 2.86413
0.0829 3.16723
0.0843 2.88666
0.0928 2.89075
0.0805 2.8672
0.082 3.08736
0.0832 3.15802
0.0783 2.86208
0.082 2.87744
0.0898 2.86413
0.1082 2.87232
0.1162 3.12525
0.0827 2.87027
0.0818 3.17747
0.0751 3.16211
0.112 3.15904
0.0875 3.1703
0.0819 3.18976
0.1252 2.87539
0.0815 3.1703
0.0811 2.86208
0.0818 3.17235
0.089 3.08634
0.0778 3.16416
0.0846 3.16826
0.1389 3.17235
0.0788 3.17235
0.0825 2.85696
0.0833 3.1703
0.084 2.86822
0.1438 2.87539
0.0834 2.86822
0.0802 2.8631
0.0914 3.17747
0.0824 3.17747
0.0839 2.86515
0.0852 2.86822
0.0811 2.86515
0.0795 3.18259
0.0799 3.1744
0.0847 3.17952
0.0784 3.17338
0.1441 3.16006
0.0853 3.15802
0.078 2.85798
0.0806 2.85696
0.0828 2.86413
0.1014 3.1703
0.0798 3.11194
0.0876 2.86413
0.0776 2.88154
0.0857 3.17952
0.0797 3.17235
0.1469 3.17542
0.0754 2.86515
0.0744 3.17542
0.0823 2.87334
0.0851 2.86618
0.0955 2.86413
0.0794 3.09453
0.1328 2.8672
0.0862 2.86208
0.0826 2.86208
0.0757 3.16314
0.084 2.85696
0.0776 3.18362
0.13 2.86618
0.0842 3.17133
0.0922 3.1703
0.0852 2.86413
0.0802 2.8672
0.0849 2.88154
0.079 2.85798
0.0768 2.86618
0.08 2.86003
0.0886 2.8672
0.1438 3.08941
0.083 2.85798
0.1069 2.86515
0.0838 3.17542
0.0841 3.18464
0.0818 3.16621
0.0825 3.09248
0.0931 2.86208
0.1027 3.08941
0.0824 3.18054
0.0904 3.16826
0.0818 3.16314
0.083 2.7863
0.0813 2.87949
0.1416 3.08122
0.0804 3.07302
0.0765 3.08429
0.0829 2.8631
