0.8278 9.71059
0.9572 107.986
0.8983 9.71059
0.724 107.986
0.5911 0.03072
0.619 107.986
0.5444 0.03072
0.6328 0.033792
0.7213 0.03072
15.0617 0.033792
14.8633 0.037888
15.0205 0.03072
14.7457 0.034816
15.1118 8.45005
14.6924 9.27539
14.8951 9.34093
14.9511 8.88422
15.1527 9.23034
15.3282 9.3481
15.0416 8.94464
15.3723 9.18323
15.222 9.22112
15.2979 9.36243
14.9429 9.18016
15.1629 9.56211
15.0047 9.45562
15.2384 8.98867
15.2546 9.35936
15.0983 9.40442
15.4021 9.62662
13.5764 8.98765
15.4189 9.66349
15.1003 8.84838
15.146 9.45357
15.0027 9.38291
15.7866 9.39725
13.0812 9.04294
14.9659 9.51706
14.7556 9.17504
15.2737 9.56518
15.3922 8.74906
14.9895 9.35219
15.2797 9.51706
15.0691 8.78797
15.3242 9.36653
15.1694 9.1177
15.3042 9.34195
15.4823 9.26618
14.2855 9.15251
13.5787 9.27539
15.1307 9.32762
15.1722 8.79309
15.1611 9.40339
15.1746 9.02349
15.2995 9.64915
15.1491 9.32966
15.2203 9.44333
15.3097 8.97843
15.2058 9.57338
15.1142 9.10131
15.3055 9.40134
15.2379 8.82074
14.9665 9.56314
15.0191 9.00198
15.0953 9.6215
15.2453 8.8535
15.3596 9.30816
15.0793 9.19962
15.2251 9.01018
15.317 9.35526
15.1795 9.04397
15.3041 9.3952
15.0276 9.37779
15.2199 9.18323
14.8395 9.20474
15.2955 9.14842
14.9657 9.59795
15.0825 8.97741
15.2796 9.69626
14.8724 8.85043
15.2002 9.46483
15.1701 8.99686
15.1837 9.40954
15.5606 8.93952
14.8918 9.40646
14.5912 9.88262
14.6176 8.95898
14.8674 9.12691
15.6789 9.48019
14.9513 9.16275
14.9561 9.8304
15.2323 9.41261
14.3894 9.04806
15.2451 9.51296
14.9866 9.05216
15.4706 9.22624
15.3115 9.08493
14.593 9.25696
13.5868 9.40954
15.2558 9.11565
13.7711 9.04806
15.1982 9.25184
15.1187 9.43002
15.2235 9.12179
15.2819 9.56518
14.1386 9.05011
14.8558 9.39008
15.5383 9.41466
15.4013 9.08186
14.3704 9.41466
15.0357 9.63482
15.1197 9.38803
15.2433 9.43923
15.1645 9.28154
14.7189 9.49965
13.707 9.1392
15.1754 9.27539
15.315 8.9088
14.3561 9.41773
15.5876 9.36141
14.4267 9.088
14.2622 9.39213
14.6239 9.19552
15.0811 9.25901
15.1907 8.87501
13.6647 9.43309
15.2632 9.33888
15.2289 9.01837
15.1899 9.5232
13.9042 9.66451
15.1385 8.87398
15.3275 9.67373
15.3042 9.36755
14.4501 9.26413
13.6061 9.12282
14.9865 9.36141
14.8769 9.25082
15.1602 9.42797
15.2178 9.36755
15.1476 8.8791
15.4719 9.40134
14.657 9.16685
14.6572 9.09107
15.0505 9.21702
15.3104 9.20269
15.1724 9.41466
15.2384 9.24979
15.5486 9.05114
13.9851 9.60922
14.9287 10.1437
14.6881 8.62208
15.2162 9.25901
14.8483 9.24877
15.0551 9.56416
14.447 9.55085
15.2197 9.11258
15.0093 8.90675
15.186 9.47302
14.5853 9.35424
14.6382 9.1904
15.1473 9.20269
15.102 9.0112
15.0556 9.34195
14.2487 9.28768
14.9605 9.28768
15.0162 9.29178
14.9274 8.97946
15.398 9.45869
13.7644 8.91597
15.241 9.41568
14.7264 9.08186
14.244 9.38496
14.7221 9.30406
14.8153 8.93645
14.9599 9.70138
15.1127 9.01939
15.1131 9.08083
15.1651 9.55392
14.9836 9.20269
14.6075 9.4505
14.4483 9.27437
15.4208 9.51501
14.9823 9.12691
14.6718 9.30202
14.8495 9.27437
14.8235 9.23238
15.3598 8.94259
13.7834 9.26208
15.0464 9.0624
15.256 9.21702
15.3744 9.21293
13.7754 9.15866
15.0278 9.52013
15.7395 9.35731
14.4639 9.17094
15.0085 9.37472
14.0497 8.9344
15.2912 9.00608
14.7599 9.62253
13.3724 9.18528
15.2325 9.54266
15.1967 8.78285
15.3152 9.63277
15.0857 9.12794
15.0549 9.40032
15.0975 9.35014
15.7808 9.11872
13.2039 9.12077
14.511 9.50784
14.1257 8.97638
15.0196 9.39418
13.4613 8.97638
15.1868 9.22419
15.1022 9.56211
15.2577 9.07878
15.2225 9.07366
15.0894 9.21702
15.447 9.49862
13.4725 9.18733
15.0634 9.47405
15.1882 9.0327
15.1906 9.30611
15.1767 9.28973
15.1136 9.24262
15.1946 9.02758
14.6638 9.45357
15.0814 9.33069
15.3075 9.34605
15.2619 9.20576
15.1131 9.33581
15.3182 9.76077
15.2654 8.97946
14.8785 9.35731
15.1903 9.32966
15.4286 9.59386
13.7237 9.24877
15.1498 9.13203
15.5951 9.22624
13.6463 9.07776
14.1135 9.3655
13.5583 9.17402
15.1007 9.3225
15.2413 9.16685
15.2096 9.31738
14.0818 9.5273
14.788 9.29997
15.1146 9.09824
14.8149 9.06854
14.9968 9.24672
15.321 9.37677
14.6615 9.33274
15.4817 9.21702
14.5056 9.17504
15.3707 9.97069
15.0433 8.40294
15.2687 9.3737
14.661 9.16992
13.5238 9.57338
14.1181 9.33171
14.4693 8.98355
15.3679 9.1392
14.3032 9.18733
15.1275 9.29178
15.1945 9.12179
15.17 9.50374
15.1652 8.92518
15.2708 9.41875
15.0925 9.49658
14.4434 9.2928
15.479 9.37062
13.8261 9.14432
15.0768 9.48838
15.2161 9.04704
13.6261 9.45152
13.805 8.99482
14.0758 9.30202
14.1093 9.24058
13.5635 9.36141
14.8463 8.98662
15.3452 9.43616
15.3937 8.77568
14.8326 9.43616
14.9856 9.27027
15.1781 9.65837
15.2187 8.93747
15.1384 9.45766
15.2117 9.40237
14.7861 9.36755
15.1521 9.21498
14.9472 9.50579
15.2608 9.5703
15.0795 9.06752
15.2455 9.49965
15.3908 9.38598
14.2037 9.07981
13.7691 9.54266
15.2602 8.8361
15.3318 9.52422
15.1443 9.19654
15.3964 9.59795
14.808 9.06752
15.3385 9.37062
15.1374 8.84634
15.2675 9.43514
14.7124 9.0624
15.3702 9.07059
14.6937 9.33786
15.0413 9.64403
15.0037 8.92211
15.2898 9.41363
15.2456 9.0583
15.2657 9.20576
14.9793 9.3696
15.2195 9.3143
15.1911 9.1177
14.7295 9.24058
15.1355 9.32045
15.2265 8.88934
14.8132 9.37677
14.8077 9.26413
15.1205 9.41875
15.0802 9.28051
15.1058 9.52832
15.0487 9.13203
14.9677 9.26618
15.0502 9.22931
15.0785 9.59078
15.1539 9.15149
15.2683 9.03168
15.229 9.30611
14.8372 9.17197
14.6669 9.39827
14.8382 9.38189
15.098 9.43206
15.0965 8.99789
15.2558 9.72902
15.293 8.92826
15.1126 9.55494
15.1492 9.49965
15.1743 9.37574
15.2361 9.15046
15.0694 9.44026
15.3287 9.11462
13.7939 9.13203
15.0622 9.25082
14.1233 9.3184
14.866 9.31738
15.1595 9.56723
13.4509 9.1689
15.0671 9.15558
15.3003 9.33683
15.0672 9.04602
15.2247 9.18118
15.6174 9.51808
14.6861 9.22522
14.6717 9.33274
13.963 9.12077
15.0091 9.29894
14.8666 9.38496
15.2431 9.22419
14.7562 9.3993
15.3489 9.53242
15.1347 8.73779
15.0022 9.67373
15.1935 9.10336
14.9192 9.15661
15.3871 9.19859
14.6223 9.26515
14.9891 9.67782
15.14 8.98458
15.0015 9.61638
15.3848 8.96512
14.5633 9.34298
15.4083 9.61638
14.7125 8.74086
15.1829 9.37062
15.3114 9.15968
15.0683 9.1689
15.5063 9.58464
14.8772 9.27846
14.1509 9.3911
14.9938 9.37062
15.2474 9.09312
13.8687 9.00813
15.1761 9.19654
14.9951 9.42694
15.3325 9.22317
15.0836 9.25286
15.2559 9.2375
15.2313 9.17299
15.5045 9.28563
13.9997 8.99686
13.8778 9.61024
14.5485 8.96922
15.4754 9.19245
14.3008 9.15661
15.0128 9.44128
15.2563 9.19552
15.2901 8.88422
15.1253 9.216
15.2885 9.88467
13.2517 8.90982
15.0908 9.65939
15.2846 8.81664
13.7731 9.56109
15.2329 9.25184
15.2997 9.24774
15.2424 9.54266
14.2758 9.31942
15.2292 9.56928
15.0876 8.48794
14.9978 9.35526
15.0804 9.15354
14.7011 9.17914
14.7778 9.43718
14.8738 9.08083
15.272 9.07162
15.0416 9.3143
14.9844 9.27334
14.9561 8.99379
15.24 9.49453
15.0958 8.9641
15.0573 9.35936
15.1579 9.56314
15.2105 9.48941
15.2191 8.92928
15.1156 9.3993
15.2239 9.07776
15.2445 9.50989
13.9989 9.37882
13.3995 9.76589
15.5347 9.02861
14.4038 9.3481
14.9964 9.3184
14.7627 9.0327
14.9942 9.29382
15.2832 9.33376
15.1685 9.28256
15.3288 9.31533
15.3015 9.04909
14.4767 9.37472
14.2818 9.2375
15.2151 9.31738
15.2744 9.17402
14.5194 9.19962
15.0333 9.32966
15.3302 9.2672
15.2285 9.2969
14.8999 9.24262
15.2646 9.27539
14.2738 9.19654
15.0127 8.99891
15.2128 9.48122
14.378 9.3143
14.4003 9.38803
15.7101 9.16173
13.9118 9.10848
14.9904 10.3414
14.7602 8.35789
14.8383 9.36141
15.0352 9.22931
15.1549 9.23341
15.0148 9.17504
15.1073 9.83859
15.1648 8.90982
15.2301 9.09107
15.2824 9.2631
14.9382 9.24774
13.6453 9.70138
14.8785 9.03475
15.2257 9.32147
15.1723 8.99277
15.2288 9.26925
15.2503 9.62253
15.1269 9.14227
15.1653 9.12691
15.1565 9.22317
15.027 9.4208
14.9581 9.03373
14.6159 9.13101
15.0538 9.6471
15.035 9.22317
15.0141 9.37267
14.676 9.45254
15.1207 9.41568
14.4714 8.82995
15.2873 9.37677
15.2411 9.09517
14.8528 9.62355
15.1304 9.27027
15.4832 9.05523
13.6666 9.61741
15.1282 9.10336
15.1507 9.32045
14.8345 8.98355
14.3902 9.60819
14.7872 9.22624
15.1324 9.20166
14.8993 9.088
15.1239 9.15763
14.7712 9.45254
14.827 9.64608
15.2706 9.10234
14.9082 8.99994
13.8635 9.62662
14.9059 9.30816
15.3826 9.17402
15.1374 9.14227
15.0145 9.36038
15.5285 9.02451
14.0751 9.18528
15.2746 9.70854
15.4208 9.46381
14.9792 9.46995
13.958 9.23648
14.9271 9.19859
14.3567 9.06752
15.0969 9.08083
14.8703 9.54982
15.2318 9.11565
15.1851 9.16275
15.0347 9.23648
15.1311 9.34502
14.9189 9.56416
15.5373 9.43514
14.4575 9.0583
14.5539 9.78125
14.8858 8.97741
15.0414 9.3696
13.7758 9.37165
14.8232 9.26515
15.3325 8.98662
14.8661 9.31738
15.3455 9.02758
15.3092 9.20781
14.2897 9.60922
15.1999 9.29178
15.4375 9.09619
14.9936 9.32557
15.2716 9.09414
15.339 9.30202
14.8775 9.44333
15.0967 9.49453
15.0598 9.07264
14.8896 9.11565
15.057 9.40032
15.1085 9.13101
14.8556 9.40032
15.1026 9.08186
15.0936 9.35424
15.2483 9.36448
14.7433 9.37062
15.1592 9.33069
15.1454 9.27949
15.3129 9.2887
15.1669 9.1607
15.346 9.66349
14.5948 9.1136
15.3495 9.34298
14.7898 9.17504
15.0181 9.56211
15.3148 9.12691
14.9389 9.34093
14.5208 9.40339
15.0045 9.50784
15.1415 9.05011
15.0204 9.18938
15.0539 9.21395
15.0787 9.5017
15.0109 8.92518
15.1795 9.47917
15.1468 9.43104
15.1503 9.44128
14.9652 9.40442
14.6033 9.06138
15.3847 9.40749
14.7261 9.4976
15.127 8.98458
15.1736 9.12384
15.192 9.2201
15.0894 9.41978
14.634 9.33888
14.697 9.18426
15.0051 9.24774
15.1738 9.40442
14.0861 9.2713
14.6151 9.36653
14.3741 9.1904
13.5145 9.45254
14.2029 9.37984
14.135 8.92826
15.1552 9.50579
15.2485 8.9047
15.1967 9.29485
14.9929 9.35936
15.3312 9.49453
15.1011 9.30714
15.348 9.21088
15.1554 9.35834
14.7511 9.2672
13.7998 9.14739
15.4672 9.66042
15.0899 8.74291
14.4788 9.49555
14.5745 9.43718
14.7627 9.30509
15.2381 9.21805
14.7146 8.83712
15.0824 9.28461
15.2862 9.54778
14.8586 9.43411
15.2569 9.1648
14.9985 9.67987
15.1275 9.36755
14.8963 8.96512
15.1221 9.37062
14.9247 9.10029
15.202 9.21907
15.1634 8.87398
14.6695 9.56826
14.5922 9.21702
15.0694 9.57338
15.1791 9.05114
14.9441 9.1351
14.4847 9.6553
15.2068 8.88218
15.1052 9.22522
15.3514 9.1648
14.907 9.64301
14.0426 9.11974
15.1622 9.57747
15.1024 9.44538
15.0127 9.1136
15.2003 9.07878
15.1554 9.20064
15.2265 9.66656
14.3728 9.09926
15.0605 9.61536
14.8353 9.08698
15.0316 9.30202
15.2478 9.2928
14.9067 9.05216
14.9425 9.39827
14.4991 9.33478
14.814 8.96614
15.1779 9.46176
12.7536 9.16582
15.4902 9.62765
14.1308 9.03373
14.9219 9.58362
15.2446 8.76954
15.2151 9.2672
14.9803 9.11053
15.3883 9.24979
14.8719 9.08493
15.1783 9.33376
15.2308 9.34605
14.7121 9.25696
13.2653 9.56621
15.4833 9.14739
14.6383 9.32966
15.2342 9.2928
14.9722 9.40339
13.6969 9.36858
13.8272 9.11974
15.4871 9.1392
14.9682 9.32864
14.3403 9.2201
14.364 9.55904
15.1423 9.10029
15.3461 9.2928
15.2038 8.99174
15.2834 9.30611
14.3273 9.22317
15.2497 9.35629
15.1028 9.14739
14.7798 9.5785
14.4829 9.08698
15.135 9.49965
15.1056 9.24672
14.9626 9.15354
13.2828 9.09619
14.8301 9.22931
15.5513 9.68192
14.8291 8.91597
14.8687 9.58362
15.0282 9.17402
14.9262 9.30714
15.2644 9.40749
15.1556 9.04294
14.4043 9.32966
15.1489 9.27642
15.1193 9.48736
13.6868 9.29485
15.0127 9.70138
15.5437 9.41158
15.0451 8.92621
14.6139 9.37472
15.1214 9.2969
15.1918 9.12384
15.2268 9.39827
14.9324 9.20064
15.3086 9.63174
15.0933 9.13101
15.2514 9.59693
15.2892 9.41261
14.4073 9.38496
15.2483 9.36858
15.3217 9.22726
14.7883 9.68806
15.1108 9.33581
15.1904 9.43616
14.5691 9.43411
13.6285 9.53037
15.3417 9.59078
13.7138 9.03885
15.2325 9.35936
14.9781 9.78022
15.2422 9.20678
15.1508 9.62458
15.2557 9.47917
14.878 9.39418
15.3313 9.7321
15.15 8.92109
15.1135 9.79661
15.3373 9.35834
15.1871 9.26618
15.0999 9.27642
15.2431 9.1904
15.1809 9.59181
15.3276 9.05318
15.1917 9.25389
15.2721 9.47405
15.2058 9.03373
15.342 9.4761
13.9131 9.3737
15.2484 9.97888
15.203 8.89958
15.147 9.71469
14.9695 9.38189
15.3 9.45869
15.2191 9.2969
14.9612 9.74029
15.677 9.24365
14.3472 9.28666
14.0995 9.32454
15.172 9.40646
14.8039 9.24877
15.2912 9.07469
14.6773 9.07264
13.7822 9.27232
13.5857 8.79206
15.0162 9.44538
14.3442 9.07059
15.0438 9.03578
14.5253 9.0327
15.0064 8.9815
14.8531 9.19552
15.4189 9.12282
14.8158 8.76237
15.0106 9.27437
15.104 8.98048
15.2445 9.12077
12.961 8.75315
14.0496 9.22214
15.4847 9.00096
15.2206 8.67738
15.2657 9.22624
14.2761 8.92006
14.8754 9.38598
14.4207 8.8873
14.3631 9.11155
15.0465 9.0583
15.1098 9.13818
15.3889 9.33786
15.0142 8.9047
15.3075 9.34707
15.2712 9.1433
15.1728 9.62355
15.1451 8.89242
15.1515 9.38394
15.3225 9.27744
14.494 9.39725
15.5023 9.18016
14.3447 9.4208
15.2316 9.14022
15.0522 9.23034
15.0662 9.13306
15.291 9.43923
15.1675 9.4423
15.1007 9.57542
15.2558 9.3737
14.6873 9.26003
15.4925 9.17709
12.8634 8.79411
14.6081 9.35629
13.8814 9.42694
14.7479 9.02144
14.9337 9.40646
14.7835 9.15046
15.1511 9.24262
15.0535 9.34912
15.0098 9.20781
15.3208 9.38394
14.6553 9.40749
15.3737 9.22522
14.812 9.2457
14.9873 9.98298
14.7951 9.46176
14.7685 9.28666
14.4684 9.75462
15.121 9.37779
14.0518 9.93894
14.9164 9.59283
14.9668 9.41875
14.5032 9.68499
14.4746 9.53754
15.4021 9.74848
14.6688 9.89798
13.998 9.94509
14.9585 10.1007
15.624 9.58157
14.2691 9.76896
14.7532 10.1345
14.9291 9.53754
15.2157 9.72698
13.8584 9.85088
15.2177 9.99424
14.0148 9.90413
15.2411 10.0413
15.0506 9.84986
14.8202 10.1202
15.1179 10.1048
15.1269 9.57952
15.1916 10.3127
14.8725 9.88262
14.9748 10.4018
15.2175 9.88262
14.9127 10.1898
15.1154 10.1478
14.4258 10.284
15.1979 10.0393
14.8538 10.4387
14.2266 9.98298
12.9483 10.537
15.2107 9.9543
13.3849 10.3721
15.2458 10.2513
14.9201 10.4315
15.1593 10.5953
14.9674 10.1417
15.3602 10.4356
13.9419 10.2697
13.6656 10.5738
15.348 10.5503
15.1815 10.4858
13.6982 10.7346
13.9109 10.3608
15.5722 10.537
13.8962 10.7387
14.4274 10.9363
15.0374 10.112
13.8132 10.453
14.7651 10.708
15.0502 10.5523
15.0295 10.6179
15.511 10.3567
14.7818 10.7653
14.9769 10.8186
14.9358 10.5984
14.2528 10.8667
13.8257 10.6813
14.2462 10.7745
13.6879 10.7878
15.4579 10.6435
13.4845 10.666
13.7161 11.1841
15.1168 10.7387
15.406 10.7459
14.3316 10.8442
15.3216 11.0285
14.0393 10.7602
15.3128 10.7766
14.8703 10.8769
15.0171 11.3152
15.2584 10.6762
15.3567 10.9302
15.1734 10.9978
14.702 10.9804
15.3367 11.2558
15.167 10.5216
15.1704 10.6086
14.4717 10.9629
15.6575 10.88
14.863 10.7571
15.1092 11.1237
15.3039 10.4028
15.3018 11.0182
15.1275 10.7305
15.7086 10.7991
13.5861 10.5769
14.9233 11.3807
14.4761 10.5093
15.2768 10.838
13.8862 10.8431
15.5242 10.8165
15.1083 10.4059
15.1928 11.1237
15.3435 10.7735
15.1913 10.6609
15.2672 10.9916
15.3216 10.5861
15.1131 10.9466
15.231 10.7274
15.4864 10.7418
13.9649 10.9455
13.7843 10.8882
15.0166 10.6455
14.3567 10.8206
14.0761 10.8902
15.3355 10.8892
15.2608 10.5974
15.1388 10.879
15.313 10.7643
15.3543 10.796
15.1067 10.8442
15.4868 10.879
15.1986 10.5923
14.9889 11.0633
14.981 10.6619
15.1296 10.7459
15.107 10.8564
15.1247 11.0449
15.2752 10.625
15.1858 10.6168
15.3003 10.8995
15.1198 10.9445
15.1805 10.9199
15.4064 10.5421
15.4858 10.9158
14.9796 10.8001
14.3115 10.9486
15.0533 10.71
15.0589 10.8288
15.1833 10.6148
15.5363 10.8298
13.8408 10.6486
14.8855 11.1196
15.2643 10.8052
15.1884 10.5902
15.3392 11.0367
15.0723 10.5175
15.6254 10.9343
15.2453 10.6598
14.8256 10.9783
15.2448 10.8483
15.233 10.8513
15.2818 10.4325
15.3284 10.9752
15.2738 10.8165
15.1343 10.8268
15.6354 10.7049
14.8529 10.7612
15.0325 11.0674
15.6777 10.8728
14.4906 10.7059
15.1623 10.9824
15.2068 10.5871
15.3333 10.6168
15.1133 10.9844
15.265 10.6772
15.2823 10.6322
15.2401 11.0735
15.1713 10.8995
15.5929 10.8165
15.0835 10.5073
15.4185 11.0991
14.2776 10.8984
14.7093 10.9015
14.7346 10.7203
15.3525 10.6813
15.0602 10.9292
15.2385 10.7356
15.1227 10.626
15.1122 11.2353
15.115 10.622
15.0792 10.6342
15.1329 10.8636
15.392 10.7981
15.2048 10.837
14.6428 10.9814
15.1569 10.7244
15.0856 10.8974
15.3781 10.8421
14.9673 10.7612
15.4136 10.7735
15.2024 10.8452
15.0459 11.095
15.4464 10.795
15.0342 10.7244
15.2127 11.0817
14.9388 10.8585
15.1503 10.9926
15.0383 11.0715
14.9233 10.88
15.4036 10.8513
15.0777 10.9865
15.3773 11.0408
14.8779 11.1155
15.1057 10.9998
15.4671 11.2302
15.0522 10.8902
15.3234 11.265
14.7624 10.753
13.4335 11.3265
15.1446 11.4258
15.1868 10.7438
15.034 11.3398
15.0432 11.1647
15.2401 11.2835
14.8612 11.0715
1.0467 10.8513
0.7716 11.5241
1.1656 10.8513
