0.0743 1.0455
0.0729 1.28717
0.0701 1.0455
0.1041 1.28102
0.2734 1.29946
0.1055 1.28102
0.0899 1.29946
0.1385 1.04653
0.0669 1.29946
0.0708 1.04653
0.0723 1.33939
0.0749 1.04653
0.0774 1.39469
0.1064 1.23904
0.0767 1.34758
0.0711 1.05984
0.0958 1.0537
0.0845 1.30355
0.0705 1.36909
0.0706 1.36192
0.0735 1.28512
0.0686 1.33632
0.0721 1.3312
0.0676 1.2841
0.0678 1.05062
0.0717 1.27283
0.07 1.04141
0.0804 1.05062
0.0746 1.29331
0.0693 1.05267
0.075 1.33222
0.0682 1.04858
0.1323 1.29126
0.0767 1.03731
0.0688 1.2759
0.0771 1.30662
0.0745 1.04038
0.0701 1.27898
0.1854 1.3056
0.078 1.29024
0.0781 1.05472
0.0724 1.3271
0.0742 1.30662
0.0725 1.25645
0.0688 1.27795
0.0712 1.26976
0.0685 1.29741
0.1004 1.30662
0.0686 1.26054
0.0693 1.2759
0.0899 1.3312
0.1351 1.31584
0.0689 1.28717
0.0698 1.29843
0.1005 1.28819
0.0688 1.27898
0.0712 1.05574
0.0689 1.03219
0.0717 1.29536
0.0726 1.26669
0.0679 1.03834
0.0737 1.2841
0.0679 1.29331
0.0711 1.28717
0.0724 1.33632
0.0706 1.26771
0.0691 1.30048
0.0696 1.29946
0.0685 1.29331
0.069 1.28614
0.0696 1.30765
0.0775 1.31584
0.0689 1.2841
0.0736 1.32403
0.0776 1.03014
0.0741 1.2503
0.073 1.30765
0.0682 1.29843
0.0724 1.03014
0.074 1.31379
0.0751 1.32096
0.0739 1.26566
0.0695 1.29024
0.0711 1.3015
0.0739 1.28512
0.0732 1.29946
0.0938 1.03526
0.0721 1.04243
0.0816 1.27693
0.0735 1.28307
0.0744 1.05472
0.0712 1.03219
0.081 1.04755
0.0776 1.05574
0.1253 1.29843
0.0696 1.04858
0.0794 1.26157
0.0687 1.3271
0.0743 1.26362
0.0952 1.32608
0.1489 1.30867
0.073 1.30458
0.1415 1.29434
0.0686 1.31789
0.0733 1.0752
0.0702 1.30048
0.0745 1.0281
0.1308 1.3056
0.0737 1.0455
0.0725 1.32198
0.0695 1.03424
0.086 1.32198
0.0759 1.02093
0.0693 1.04141
0.0703 1.05574
0.0688 1.04755
0.1114 1.27795
0.1332 1.29126
0.0735 1.33222
0.0754 1.30355
0.1394 1.26566
0.0726 1.31891
0.1142 1.26874
0.1129 1.31072
0.0995 1.2585
0.0701 1.31686
0.0737 1.29638
0.1416 1.27693
0.0677 1.05062
0.0774 1.27693
0.0698 1.03629
0.1452 1.05677
0.0688 1.29946
0.0684 1.03834
0.072 1.03219
0.1378 1.28102
0.1447 1.30253
0.1044 1.33939
0.0687 1.28
0.069 1.05165
0.0742 1.29843
0.0709 1.27795
0.0687 1.3312
0.0994 1.28512
0.0724 1.29229
0.0748 1.34349
0.0679 1.04346
0.0688 1.28205
0.0713 1.28
0.0784 1.27795
0.0708 1.07418
0.0694 1.03117
0.073 1.04243
0.0696 1.29946
0.0732 1.26566
0.0704 1.05574
0.0775 1.05574
0.0727 1.27693
0.0751 1.28102
0.0708 1.3056
0.0736 1.27283
0.0756 1.27386
0.0771 1.2841
0.0678 1.30765
0.0731 1.30253
0.1373 1.05677
0.0702 1.29229
0.0828 1.28512
0.0818 1.28717
0.0722 1.31584
0.1362 1.27078
0.0759 1.33939
0.0909 1.27898
0.0989 1.30662
0.0734 1.29229
0.0743 1.27693
0.0794 1.05062
0.0709 1.29229
0.0767 1.30355
0.0724 1.03322
0.0688 1.30765
0.0791 1.01786
0.08 1.2841
0.0702 1.0496
0.0702 1.29946
0.0694 1.28307
0.0705 1.29638
0.0707 1.29536
0.0724 1.27181
0.1402 1.32915
0.0683 1.26874
0.0689 1.33325
0.0748 1.32915
0.1441 1.27181
0.0753 1.04653
0.0666 1.27488
0.0952 1.2841
0.0722 1.28614
0.1354 1.31994
0.0697 1.28819
0.0738 1.31686
0.1397 1.27488
0.0765 1.04141
0.0735 1.27181
0.074 1.02605
0.0741 1.28205
0.0776 1.05472
0.0711 1.30765
0.067 1.27283
0.1634 1.30253
0.0814 1.27795
0.1481 1.27488
0.0788 1.30765
0.1446 1.29126
0.0693 1.3097
0.0702 1.05882
0.074 1.29331
0.0699 1.33734
0.0693 1.31686
0.0723 1.04243
0.1454 1.34246
0.0684 1.30355
0.0718 1.31174
0.0762 1.28205
0.0737 1.2841
0.0689 1.29741
0.0727 1.28307
0.074 1.03834
0.0727 1.05574
0.0724 1.27898
0.0809 1.26157
0.0777 1.05267
0.0773 1.0496
0.069 1.28307
0.0698 1.26874
0.0697 1.03629
0.0679 1.04448
0.1325 1.27693
0.07 1.29434
0.0728 1.31789
0.129 1.28512
0.1611 1.28
0.1378 1.03629
0.0717 1.32506
0.0758 1.34963
0.0767 1.04858
0.1424 1.28307
0.0704 1.2544
0.0771 1.30048
0.0723 1.31072
0.071 1.33734
0.069 1.04755
0.0758 1.27795
0.0682 1.28
0.0697 1.33734
0.0743 1.03014
0.0741 1.29638
0.0719 1.33837
0.1292 1.30048
0.1467 1.04141
0.1373 1.29434
0.0921 1.32608
0.0736 1.29434
0.1258 1.30765
0.072 1.30662
0.0732 1.27898
0.0736 1.0455
0.0744 1.33837
0.0696 1.05472
0.0728 1.06189
0.1366 1.25747
0.0696 1.26976
0.1209 1.30048
0.0771 1.25747
0.0693 1.34554
0.1403 1.29229
0.1597 1.28614
0.1407 1.31686
0.1077 1.3097
0.1577 1.28102
0.0676 1.29741
0.0696 1.04755
0.0781 1.30048
0.1048 1.3312
0.069 1.29229
0.074 1.05677
0.0697 1.27488
0.0699 1.05165
0.0774 1.03629
0.0719 1.05984
0.0711 1.31379
0.0694 1.06086
0.0727 1.03117
0.072 1.28614
0.069 1.04755
0.0693 1.05062
0.0977 1.30458
0.1525 1.31482
0.0699 1.05574
0.0713 1.29843
0.0783 1.28717
0.0765 1.27283
0.0691 1.30355
0.0801 1.28307
0.077 1.2841
0.0676 1.27181
0.0957 1.28307
0.0707 1.31482
0.0947 1.32096
0.0767 1.03834
0.0688 1.30458
0.0674 1.32915
0.081 1.28614
0.0752 1.27693
0.0787 1.07213
0.0737 1.29126
0.0729 1.30458
0.068 1.34554
0.076 1.27386
0.07 1.27488
0.0797 1.32403
0.0705 1.27795
0.0699 1.0455
0.0756 1.04141
0.0747 1.0455
0.0689 1.26157
0.07 1.31174
0.07 1.30253
0.0769 1.05062
0.0697 1.28922
0.0816 1.29741
0.0754 1.33632
0.0746 1.27795
0.092 1.04448
0.0869 1.04243
0.0754 1.27693
0.0717 1.26464
0.0691 1.04346
0.0724 1.26771
0.0759 1.04653
0.0763 1.0711
0.0691 1.03117
0.0765 1.26976
0.0696 1.30355
0.0751 1.26976
0.1385 1.28819
0.0703 1.27283
0.1552 1.28922
0.102 1.04653
0.0671 1.05267
0.1568 1.29843
0.0844 1.29741
0.0745 1.29024
0.0707 1.29126
0.1093 1.31072
0.075 1.03936
0.0943 1.30048
0.0744 1.28512
0.0735 1.3097
0.0735 1.04653
0.0684 1.05882
0.103 1.33018
0.0791 1.0281
0.0741 1.27795
0.0753 1.30458
0.0761 1.04858
0.0715 1.29536
0.0701 1.3015
0.0857 1.31891
0.0729 1.29741
0.0696 1.0455
0.0783 1.2585
0.1245 1.03117
0.0676 1.31686
0.0688 1.30355
0.0771 1.03834
0.076 1.33837
0.0691 1.3353
0.0797 1.29331
0.0749 1.3015
0.0696 1.03834
0.081 1.0496
0.1278 1.27898
0.0692 1.30355
0.0709 1.26259
0.1391 1.30048
0.0676 1.33837
0.0686 1.05882
0.0702 1.32915
0.0742 1.27386
0.0724 1.30355
0.1061 1.28102
0.0704 1.29229
0.189 1.2759
0.0912 1.33222
0.0765 1.28922
0.0703 1.33837
0.0767 1.30253
0.0786 1.29126
0.0676 1.27898
0.0696 1.29331
0.0699 1.05779
0.08 1.02912
0.1417 1.31482
0.069 1.28922
0.0711 1.30765
0.136 1.03424
0.0699 1.28205
0.0708 1.27283
0.0738 1.03526
0.071 1.29946
0.0703 1.28307
0.0699 1.3015
0.0705 1.3353
0.0822 1.29843
0.0748 1.32301
0.0711 1.29536
0.079 1.2759
0.0704 1.28
0.0693 1.30765
0.074 1.31994
0.0749 1.27181
0.0726 1.04858
0.0699 1.3097
0.0731 1.3353
0.0703 1.03731
0.076 1.04755
0.1001 1.29229
0.0699 1.27488
0.0736 1.29126
0.0771 1.04243
0.2072 1.04448
0.1478 1.03322
0.069 1.05574
0.0754 1.34144
0.0714 1.27693
0.0876 1.31994
0.0692 1.33734
0.075 1.33632
0.0722 1.04243
0.0742 1.28
0.0734 1.30048
0.132 1.30048
0.1075 1.31686
0.0764 1.28922
0.0731 1.04755
0.0824 1.2759
0.0718 1.29331
0.0702 1.04448
0.0705 1.29843
0.1234 1.26259
0.0699 1.26362
0.1433 1.29229
0.0741 1.29741
0.1029 1.33018
0.2107 1.26976
0.0781 1.26771
0.0739 1.0537
0.0778 1.32096
0.0799 1.28205
0.0703 1.05165
0.0971 1.0537
0.0788 1.29946
0.0744 1.29229
0.0732 1.25235
0.0733 1.04346
0.0718 1.3056
0.0819 1.28922
0.0787 1.33325
0.0685 1.26771
0.1395 1.03731
0.1119 1.27181
0.074 1.27488
0.0699 1.30048
0.073 1.27078
0.0749 1.02707
0.0716 1.27181
0.0753 1.3056
0.0693 1.31482
0.0719 1.26157
0.0716 1.31584
0.0773 1.29843
0.077 1.03834
0.0765 1.04653
0.0725 1.0496
0.0804 1.31994
0.0823 1.3015
0.0822 1.28307
0.0722 1.04243
0.0773 1.3312
0.0884 1.05882
0.0698 1.28717
0.0783 1.29638
0.1428 1.04448
0.069 1.27488
0.0711 1.26976
0.0738 1.29536
0.0832 1.05472
0.0724 1.32608
0.0789 1.27078
0.0773 1.31584
0.0743 1.35475
0.0688 1.06291
0.0784 1.03424
0.075 1.29229
0.0687 1.29946
0.124 1.03424
0.0739 1.03014
0.0784 1.34144
0.0729 1.39264
0.0694 1.31277
0.0693 1.30048
0.1315 1.05574
0.079 1.04755
0.0732 1.05574
0.0847 1.25747
0.1363 1.27488
0.0743 1.26259
0.075 1.27898
0.0844 1.27795
0.0717 1.05472
0.0848 1.3056
0.0712 1.03834
0.0795 1.30458
0.0689 1.27283
0.0707 1.04755
0.0697 1.04038
0.0712 1.2759
0.0936 1.3056
0.0811 1.30253
0.0709 1.33018
0.1076 1.05779
0.0744 1.26566
0.0685 1.28102
0.0702 1.28102
0.0672 1.28614
0.0715 1.31789
0.129 1.03117
0.0722 1.26976
0.0691 1.3015
0.076 1.2544
0.0753 1.31686
0.0747 1.26874
0.0702 1.3097
0.0699 1.06906
0.0694 1.26874
0.0772 1.28614
0.0753 1.02195
0.0834 1.2759
0.0813 1.05062
0.0694 1.3271
0.0766 1.33222
0.0759 1.03117
0.0793 1.04448
0.0713 1.32813
0.0756 1.0281
0.073 1.31584
0.0792 1.31789
0.1018 1.03629
0.0752 1.29843
0.0737 1.27898
0.0707 1.04653
0.0784 1.03117
0.0764 1.29331
0.0727 1.06189
0.0748 1.32506
0.0688 1.03526
0.0758 1.27488
0.07 1.30253
0.0734 1.32813
0.0741 1.03322
0.0756 1.26771
0.0735 1.05267
0.0777 1.0455
0.0757 1.29946
0.0728 1.03526
0.0832 1.27078
0.0706 1.31277
0.0731 1.06598
0.0851 1.3097
0.0711 1.34144
0.1122 1.30253
0.0741 1.02195
0.0707 1.27693
0.0767 1.3056
0.0683 1.27693
0.0699 1.03526
0.1442 1.29946
0.0713 1.0496
0.1583 1.3097
0.1182 1.28512
0.1264 1.27488
0.1288 1.34656
0.0703 1.03322
0.0748 1.30458
0.0708 1.3015
0.0925 1.03424
0.0681 1.03936
0.0689 1.27283
0.0685 1.26874
0.0722 1.03322
0.1388 1.27488
0.1086 1.28205
0.0721 1.28614
0.0714 1.29638
0.0691 1.25133
0.0697 1.06189
0.068 1.28922
0.0696 1.27795
0.0728 1.29229
0.0721 1.31891
0.0746 1.03731
0.0707 1.04346
0.0742 1.28717
0.071 1.03936
0.0722 1.26259
0.0704 1.2759
0.0737 1.30662
0.0694 1.29434
0.074 1.29536
0.0717 1.27078
0.0787 1.2759
0.0728 1.3015
0.0777 1.2544
0.0713 1.05165
0.0724 1.29638
0.08 1.05574
0.075 1.28614
0.0765 1.32506
0.0689 1.3271
0.0786 1.06189
0.1132 1.26874
0.0726 1.03322
0.0858 1.05165
0.077 1.26362
0.0798 1.3015
0.069 1.28717
0.0799 1.29946
0.0726 1.29741
0.0687 1.05062
0.0705 1.0455
0.0696 1.27795
0.0751 1.29741
0.0694 1.26464
0.0787 1.26976
0.1903 1.24314
0.0727 1.2544
0.0815 1.3312
0.1362 1.02912
0.0759 1.31584
0.0696 1.30867
0.0789 1.29536
0.0738 1.29126
0.07 1.2759
0.0833 1.2759
0.0709 1.33632
0.0725 1.26874
0.0847 1.32608
0.0757 1.05165
0.1271 1.28307
0.1455 1.03731
0.0697 1.27386
0.0681 1.04448
0.0747 1.29638
0.0737 1.30458
0.1381 1.29946
0.1441 1.29229
0.0734 1.26669
0.0785 1.27488
0.1183 1.28
0.1001 1.05267
0.0794 1.27078
0.0739 1.27693
0.0712 1.28819
0.0689 1.28
0.1353 1.28512
0.0692 1.0455
0.0726 1.27795
0.0743 1.0455
0.1093 1.28205
0.0749 1.28205
0.0776 1.28205
0.0743 1.29434
0.1526 1.2841
0.0696 1.35066
0.0716 1.03117
0.0712 1.27898
0.0917 1.29434
0.079 1.2841
0.071 1.0537
0.0749 1.3015
0.0751 1.23699
0.1117 1.26054
0.0795 1.22982
0.0779 1.21754
0.1479 1.18477
0.0829 1.10182
0.0741 1.19501
0.0773 1.20013
0.1102 1.49811
0.0737 1.44486
0.0702 1.18477
0.0714 1.41005
0.0698 1.44486
0.0766 1.37523
0.0685 1.41517
0.0711 1.37728
0.0755 1.35987
0.071 1.39366
0.1103 1.41107
0.0707 1.40698
0.0991 1.08442
0.0693 1.39162
0.0702 1.34656
0.1338 1.34451
0.1376 1.32096
0.0742 1.37728
0.1543 1.38547
0.0907 1.07622
0.0721 1.32506
0.0688 1.4039
0.0688 1.33427
0.0719 1.37933
0.092 1.32301
0.0794 1.08544
0.0806 1.41517
0.0704 1.35475
0.0763 1.42848
0.0694 1.408
0.0683 1.44998
0.0693 1.44998
0.0732 1.41107
0.0703 1.46739
0.0748 1.49197
0.0693 1.42131
0.0731 1.49094
0.0732 1.1776
0.1822 1.17658
0.0724 0.749568
0.0688 1.22778
0.07 0.992256
0.0705 1.23699
0.0699 0.989184
0.0702 1.00147
0.0716 1.01478
0.0708 1.2585
0.1138 1.29638
0.08 1.31072
0.101 1.06906
0.0685 1.1049
0.0692 1.32813
0.0703 1.34349
0.1497 1.37216
0.0689 1.34349
0.0769 1.12435
0.0871 1.44282
0.0803 1.39264
0.0875 1.39264
0.0728 1.40698
0.0807 1.39674
0.0709 1.15405
0.0693 1.39981
0.069 1.40186
0.0819 1.15507
0.0728 1.41005
0.1363 1.42029
0.121 1.46944
0.0684 1.42746
0.0733 1.42438
0.0724 1.39469
0.1305 1.40595
0.0736 1.14483
0.0811 1.39878
0.1049 1.408
0.075 1.14278
0.0694 1.38138
0.074 1.41517
0.0749 1.12538
0.074 1.39366
0.0736 1.11616
0.0698 1.08442
0.0709 1.31584
0.0733 1.0793
0.0755 1.29741
0.0969 1.28819
0.0816 1.30048
0.1884 1.06906
0.0725 1.25338
0.079 1.3056
0.0702 1.24723
0.0692 1.28307
0.0735 0.994304
0.0746 0.754688
0.0687 0.8704
0.0719 1.21139
0.0753 1.50938
0.1262 1.50733
0.0691 1.19706
0.123 1.45818
0.0688 1.48275
0.0758 1.14074
0.0764 1.43974
0.0708 1.43462
0.075 1.42438
0.0701 1.42131
0.0689 1.10694
0.0699 1.38957
0.0706 1.36806
0.0792 1.0496
0.0702 1.2841
0.0747 1.34451
0.0706 1.32198
0.0748 1.31174
0.0771 1.30765
0.0737 1.23699
0.072 1.27795
0.0693 1.26976
0.1276 1.27488
0.0735 1.27488
0.076 1.24826
0.0816 1.16531
0.1229 1.52166
0.0697 1.18374
0.0681 1.50835
0.0793 1.52269
0.1004 1.43462
0.0817 1.48582
0.0697 1.41312
0.077 1.40288
0.068 1.14995
0.0762 1.41517
0.0682 1.37933
0.0795 1.3783
0.0701 1.36397
0.0773 1.35475
0.0677 1.31789
0.0691 1.0793
0.072 1.38547
0.0749 1.37114
0.0753 1.31174
0.0734 1.35885
0.0734 1.36499
0.0925 1.34451
0.0759 1.33837
0.0677 1.31789
0.1127 1.34554
0.1557 0.991232
0.0669 1.22266
0.1582 1.27898
0.0747 1.27283
0.0698 1.17658
0.0711 1.22982
0.0708 1.23597
0.0709 1.21139
0.0779 1.16941
0.0711 0.91136
0.0672 1.17453
0.0707 1.13254
0.1355 1.1561
0.0794 1.16326
0.0711 1.14688
0.1206 1.14074
0.0825 1.14074
0.07 1.11309
0.1413 0.861184
0.0691 0.821248
0.0704 1.16326
0.0767 1.11923
0.0741 1.12742
0.0724 0.809984
0.0708 1.12026
0.0723 1.03322
0.1269 0.982016
0.1171 1.01683
0.0769 1.01786
0.0724 0.945152
0.0709 0.941056
0.1373 0.958464
0.132 0.95232
0.0803 1.00966
0.0699 0.996352
0.0917 0.9984
0.0702 0.559104
0.0734 0.559104
0.0706 0.559104
0.0714 0.559104
0.076 0.55296
0.0744 0.553984
0.0742 0.551936
0.0755 0.549888
0.0813 0.550912
0.0767 0.869376
0.0693 1.17658
0.0743 1.17658
0.095 0.872448
0.0699 1.1735
0.0693 1.11002
0.0689 1.17146
0.0707 1.10387
0.0747 1.10694
0.0735 1.17248
0.0712 1.17043
0.153 1.16122
0.0745 1.08442
0.1049 1.17043
0.0702 1.11718
0.1294 1.11104
0.0699 1.08749
0.0681 1.17862
0.0706 0.86528
0.07 1.14074
0.0703 1.16941
0.0764 1.17248
0.0826 1.13254
0.0699 1.13254
0.0696 1.16634
0.0731 1.16838
0.1334 1.11104
0.1359 1.17248
0.076 1.17146
0.1312 0.864256
0.117 0.8704
0.0738 1.16634
0.0692 1.18784
0.075 1.16838
0.0709 1.11718
0.0732 1.18784
0.0691 1.1776
0.0703 1.18374
0.0762 1.16531
0.0729 1.11514
0.1174 1.16941
0.0793 0.871424
0.0728 0.869376
0.0686 1.10694
0.0771 1.17043
0.0685 1.11309
0.0744 1.16838
0.0759 1.10387
0.0747 1.16224
0.0704 1.1817
0.0708 1.1049
0.077 1.16326
0.1102 1.17862
0.0706 1.1008
0.0764 0.876544
0.0753 1.11002
0.0722 1.19296
0.1367 1.11821
0.0757 0.862208
0.0715 1.1776
0.0772 1.10592
0.0694 0.86528
0.0694 1.11104
0.0693 1.10797
0.0738 1.1264
0.0725 1.15302
0.0746 0.867328
0.072 1.11411
0.0695 1.18374
0.0743 0.863232
0.0757 1.18682
0.0745 1.16736
0.072 1.17965
0.0726 1.17043
0.072 1.10285
0.071 1.10182
0.0717 1.17146
0.0753 1.1735
0.0748 1.17248
0.0681 1.09363
0.0703 0.868352
0.0778 1.1735
0.0739 1.18374
0.0688 1.09466
0.0739 1.17862
0.069 1.16122
0.0698 1.18067
0.0758 1.10797
0.1035 1.17146
0.0743 1.1776
0.0714 1.13562
0.0796 0.871424
0.077 1.13664
0.0707 1.1735
0.0812 1.13152
0.0771 1.16634
0.0701 1.17146
0.071 1.11718
0.0704 1.16531
0.0767 1.19296
0.0702 1.16736
0.0977 1.16736
0.072 1.17862
0.0744 1.16531
0.072 1.16531
0.0755 1.16736
0.076 1.15302
0.0687 1.15302
0.0702 1.16122
0.0722 1.16019
0.0749 1.08237
0.0966 1.08032
0.0939 1.09261
0.0787 1.13152
0.0746 1.04755
0.0883 1.12845
0.0686 1.12026
0.0821 1.11411
0.0893 1.05984
0.0713 1.06394
0.0702 1.09466
0.0708 1.1049
0.075 1.10694
0.0689 1.1008
0.1218 1.02605
0.1437 0.7936
0.0699 1.08134
0.0726 1.08544
0.0768 0.786432
0.0881 1.08954
0.072 1.06803
0.0712 1.07213
0.0906 0.978944
