0.1351 1.49811
0.1567 1.2585
0.0986 1.49811
0.0974 1.2585
0.0731 1.26771
0.268 1.2585
0.0705 1.26771
0.0618 1.5063
0.0739 1.26771
0.0614 1.5063
0.0747 0.820224
0.0734 1.44179
0.0753 1.58208
0.0741 1.3056
0.0788 0.8192
0.1358 1.27386
0.077 1.51757
0.0706 0.820224
0.0805 1.56058
0.0785 1.49811
0.0705 1.55546
0.0767 1.58003
0.0694 1.28512
0.0781 1.56058
0.0688 1.51347
0.0785 1.52474
0.1258 1.52269
0.0738 1.50323
0.1404 1.50733
0.0866 1.53088
0.0682 1.49299
0.1371 1.49914
0.0803 1.55443
0.0774 1.56774
0.0722 1.26566
0.1057 1.5145
0.0741 1.55546
0.0793 1.56058
0.1033 1.49811
0.1698 1.52474
0.0754 1.55648
0.1436 1.52781
0.0755 1.52576
0.1188 1.51552
0.0765 1.26566
0.1088 1.51142
0.1114 1.58618
0.0735 1.49709
0.1416 1.26464
0.1585 1.25133
0.1095 1.50323
0.1364 1.56467
0.0763 1.4889
0.0708 1.51347
0.0706 1.50938
0.0749 1.48685
0.0756 1.26259
0.0697 1.25952
0.0748 1.50528
0.1096 1.26157
0.0692 1.49606
0.0699 1.56979
0.072 1.27181
0.0758 1.56058
0.0751 1.50733
0.0748 1.25542
0.0725 1.55136
0.127 1.25747
0.0793 1.26874
0.0848 1.53088
0.0733 1.26566
0.093 1.26566
0.0676 1.54624
0.0714 1.55136
0.0701 1.52678
0.0864 1.55136
0.0763 1.47968
0.073 1.54829
0.0698 1.51142
0.0688 1.55853
0.0755 1.26157
0.133 1.51245
0.0748 1.5104
0.0709 1.52371
0.0689 1.50323
0.0725 1.26054
0.1015 1.5104
0.0711 1.25542
0.0705 1.50221
0.0776 1.26259
0.0688 1.50733
0.0682 1.56774
0.0699 1.49197
0.0705 1.56365
0.0718 1.50938
0.0699 1.49811
0.0691 1.25747
0.0905 1.49914
0.0892 1.50835
0.0789 1.5104
0.1327 1.56262
0.0701 1.52166
0.0692 1.50323
0.075 1.51654
0.071 1.49504
0.0705 1.51142
0.0711 1.50118
0.0708 1.53702
0.0727 1.49811
0.1269 1.54931
0.0743 1.49709
0.0716 1.49606
0.0686 1.5831
0.1286 1.50323
0.0713 1.50938
0.0738 1.47866
0.0756 1.47661
0.0757 1.49914
0.0687 1.49606
0.0698 1.49914
0.0744 1.22368
0.0693 1.22573
0.0684 1.47763
0.132 1.2247
0.077 1.46739
0.0745 1.52064
0.0707 1.46739
0.0735 1.45818
0.093 1.22163
0.0686 1.46842
0.07 1.48685
0.0712 1.47968
0.0796 1.46432
0.0691 1.22061
0.0725 1.21856
0.1066 1.23187
0.1349 1.48173
0.1383 1.21446
0.094 1.46227
0.0779 1.44794
0.0727 1.47149
0.0685 1.47968
0.1393 1.51552
0.1291 1.45715
0.0748 1.45818
0.0804 1.44794
0.0902 1.21651
0.1505 1.48582
0.2076 1.47661
0.0789 1.21651
0.1279 1.47968
0.1485 1.21344
0.0923 1.48992
0.071 1.49709
0.0808 1.50221
0.0744 1.47046
0.0749 1.47866
0.0716 1.49504
0.0709 1.52883
0.069 1.52781
0.0943 1.47866
0.072 1.48173
0.0796 1.45613
0.0706 1.47456
0.0741 1.47354
0.0688 1.21651
0.0727 1.45715
0.0696 1.4889
0.07 1.47456
0.078 1.4633
0.0716 1.52576
0.0691 1.46637
0.1328 1.47046
0.111 1.21958
0.0715 1.55853
0.1411 1.22573
0.0753 1.45715
0.0762 1.52474
0.0707 1.48787
0.0738 1.51859
0.0698 1.48378
0.073 1.45613
0.1308 1.52883
0.0685 1.46739
0.0728 1.47661
0.0747 1.46022
0.071 1.48685
0.0688 1.49811
0.0721 1.45613
0.0708 1.47046
0.0691 1.48173
0.0705 1.48173
0.0799 1.2247
0.0708 1.47354
0.0954 1.47149
0.1319 1.22163
0.0702 1.4848
0.0769 1.2247
0.0761 1.46637
0.0899 1.48582
0.1322 1.46432
0.0747 1.45306
0.0709 1.47354
0.0704 1.47866
0.0686 1.48378
0.071 1.51962
0.0732 1.52474
0.0742 1.46125
0.0787 1.47046
0.0979 1.45715
0.0701 1.46125
0.0788 1.52781
0.0704 1.47046
0.0772 1.47046
0.0709 1.47661
0.0705 1.45306
0.0771 1.21139
0.0782 1.22573
0.0738 1.52269
0.0683 1.51962
0.0703 1.44179
0.0889 1.51654
0.0697 1.52166
0.0711 1.46534
0.1402 1.46739
0.0778 1.47149
0.0686 1.22266
0.0747 1.21344
0.0765 1.49402
0.0712 1.21856
0.0712 1.21037
0.0699 1.50426
0.0696 1.4633
0.1093 1.52781
0.0752 1.4633
0.0751 1.22675
0.0706 1.22573
0.0777 1.21651
0.0731 1.46842
0.0696 1.4889
0.0701 1.4807
0.074 1.47661
0.0706 1.22573
0.0684 1.47763
0.0696 1.52269
0.0737 1.49914
0.1602 1.45715
0.0706 1.21651
0.0727 1.47046
0.0931 1.46944
0.0686 1.20934
0.0688 1.46432
0.0725 1.47149
0.0742 1.46227
0.0834 1.47354
0.0756 1.46739
0.1008 1.46125
0.0769 1.47763
0.0702 1.44794
0.0797 1.47866
0.108 1.21754
0.0694 1.21549
0.073 1.51757
0.0696 1.47456
0.0673 1.4633
0.0741 1.21856
0.0729 1.2247
0.076 1.47046
0.0685 1.47149
0.0756 1.46842
0.0767 1.21242
0.0767 1.49299
0.1623 1.45818
0.0699 1.4848
0.0763 1.48685
0.0782 1.22675
0.0712 1.46534
0.1237 1.22163
0.0736 1.44998
0.09 1.4807
0.0779 1.44896
0.0736 1.45818
0.1023 1.47251
0.0686 1.52371
0.0747 1.47251
0.0723 1.52371
0.0671 1.47251
0.0688 1.52371
0.0725 1.4807
0.0993 1.22266
0.0741 1.4807
0.0697 1.46534
0.0994 1.52166
0.1234 1.47354
0.0685 1.47763
0.0675 1.52166
0.0697 1.47866
0.071 1.47046
0.0714 1.21446
0.0754 1.4889
0.1624 1.46125
0.1276 1.52781
0.0691 1.46022
0.0691 1.46125
0.0783 1.4633
0.0712 1.4633
0.0679 1.4551
0.1434 1.20627
0.0728 1.46227
0.072 1.21754
0.0699 1.4551
0.0731 1.46022
0.0745 1.47661
0.0726 1.47763
0.1532 1.51245
0.0722 1.22266
0.076 1.46637
0.0744 1.47558
0.069 1.22061
0.068 1.46534
0.1336 1.50835
0.0744 1.2247
0.0774 1.49504
0.0686 1.46534
0.1184 1.46637
0.0864 1.50938
0.0716 1.52576
0.0694 1.47046
0.0686 1.5063
0.0706 1.48685
0.0696 1.46637
0.0783 1.47968
0.0778 1.49094
0.0705 1.22368
0.0679 1.47046
0.0842 1.47046
0.0907 1.4551
0.069 1.21242
0.0707 1.46534
0.0751 1.49094
0.0736 1.51859
0.0732 1.51859
0.07 1.46432
0.0763 1.5145
0.068 1.50835
0.0772 1.23597
0.0729 1.46842
0.069 1.50323
0.0696 1.48378
0.0698 1.46432
0.0784 1.5104
0.0684 1.49402
0.0798 1.2544
0.0697 1.55136
0.0698 1.55546
0.0716 1.48787
0.0699 1.23802
0.0752 1.24723
0.0691 1.49197
0.0699 1.51552
0.073 1.4848
0.1389 1.48787
0.0692 1.49914
0.0675 1.47046
0.0793 1.24006
0.0747 1.49606
0.0693 1.49914
0.0731 1.24518
0.0701 1.55443
0.0684 1.24211
0.0713 1.53395
0.07 1.50528
0.0752 1.51859
0.0716 1.47763
0.1028 1.53907
0.0954 1.25747
0.0761 1.24621
0.0745 1.47968
0.07 1.4848
0.0707 1.24314
0.1093 1.49504
0.0754 1.47354
0.081 1.5104
0.0717 1.2329
0.0781 1.50118
0.128 1.25235
0.0715 1.55853
0.0868 1.49094
0.0705 1.49402
0.0745 1.4889
0.0688 1.46944
0.1317 1.25542
0.0719 1.5063
0.0694 1.49811
0.0825 1.49504
0.0795 1.4889
0.0691 1.24928
0.0782 1.53805
0.1042 1.50426
0.0727 1.48787
0.0701 1.25133
0.069 1.4889
0.0874 1.55648
0.0753 1.25338
0.0687 1.24723
0.0713 1.24826
0.0678 1.54112
0.0687 1.24518
0.0685 1.50118
0.0752 1.47149
0.0769 1.49094
0.0811 1.51757
0.0693 1.53907
0.0717 1.49914
0.1225 1.51142
0.1364 1.24928
0.0717 1.50323
0.0728 1.26054
0.0683 1.50528
0.0665 1.49504
0.0984 1.23904
0.0773 1.2503
0.0733 1.5104
0.0694 1.54317
0.0749 1.24416
0.0739 1.5104
0.0685 1.49299
0.0728 1.2329
0.0694 1.25133
0.077 1.53702
0.073 1.49606
0.0767 1.49402
0.0826 1.49606
0.069 1.49811
0.0737 1.52781
0.0699 1.49402
0.0871 1.49504
0.0703 1.49299
0.0693 1.24518
0.1107 1.48787
0.0694 1.48685
0.0739 1.50528
0.1138 1.25338
0.0702 1.4848
0.1234 1.50426
0.0702 1.24006
0.0812 1.50323
0.0918 1.49299
0.0718 1.24723
0.0756 1.47968
0.0688 1.50835
0.0739 1.5104
0.073 1.50323
0.0731 1.50938
0.0728 1.24416
0.1106 1.23494
0.0719 1.51552
0.1249 1.50528
0.0825 1.5063
0.1092 1.5063
0.0691 1.50016
0.0945 1.50016
0.0684 1.45715
0.0872 1.25645
0.127 1.26362
0.0706 1.24518
0.0673 1.50323
0.0717 1.48685
0.0716 1.50426
0.0756 1.53293
0.1484 1.24211
0.0738 1.24109
0.0786 1.50426
0.0692 1.56262
0.0694 1.25235
0.0773 1.47251
0.0722 1.50938
0.0767 1.2503
0.0686 1.49606
0.1219 1.24314
0.0723 1.50016
0.0683 1.50733
0.1292 1.49914
0.0739 1.48992
0.1303 1.48787
0.0694 1.53293
0.0749 1.5401
0.0865 1.49504
0.1225 1.5145
0.0738 1.49299
0.071 1.49606
0.0751 1.25645
0.0759 1.2585
0.0688 1.50323
0.0708 1.23699
0.0773 1.5401
0.0753 1.51757
0.0705 1.48787
0.0706 1.26157
0.1376 1.27283
0.0752 1.54522
0.0738 1.47763
0.0713 1.49299
0.0758 1.49709
0.0732 1.50016
0.0708 1.51654
0.1206 1.48275
0.1822 1.50323
0.1021 1.50528
0.0747 1.26157
0.0693 1.25133
0.0725 1.51245
0.0728 1.50323
0.0673 1.50221
0.0761 1.50323
0.1296 1.55238
0.1151 1.23597
0.0783 1.49402
0.0739 1.56467
0.1429 1.5063
0.1205 1.48992
0.0754 1.25235
0.0796 1.50221
0.0737 1.49197
0.0731 1.49811
0.1223 1.49094
0.0739 1.2503
0.0752 1.48582
0.0715 1.49402
0.0773 1.49504
0.0703 1.5319
0.0697 1.57082
0.0814 1.54419
0.0741 1.55955
0.0701 1.25235
0.0787 1.50835
0.0823 1.48685
0.0701 1.5657
0.0693 1.48992
0.0736 1.48787
0.0695 1.24416
0.0738 1.24006
0.0775 1.5575
0.0744 1.49811
0.0756 1.53805
0.0736 1.50426
0.2625 1.26054
0.1062 1.51347
0.1487 1.52883
0.0775 1.5319
0.0722 1.23904
0.1882 1.25338
0.0699 1.2329
0.0757 1.25338
0.0777 1.2329
0.0701 1.25338
0.077 1.2329
0.0743 1.57184
0.0737 1.49914
0.074 1.49606
0.0795 1.47661
0.0684 1.5063
0.0759 1.56365
0.0765 1.49914
0.0868 1.51654
0.0769 1.4889
0.0745 1.50733
0.0683 1.49811
0.0747 1.25952
0.0726 1.24211
0.11 1.2544
0.0688 1.49606
0.0694 1.51347
0.0739 1.48378
0.0787 1.55648
0.0701 1.48992
0.0742 1.49606
0.0709 1.25235
0.0711 1.24621
0.0711 1.50323
0.0745 1.24723
0.0698 1.49606
0.0685 1.2503
0.0689 1.49402
0.0715 1.51552
0.0714 1.49402
0.0692 1.57594
0.0698 1.48787
0.0938 1.48787
0.0677 1.4889
0.0727 1.25747
0.0726 1.24211
0.0794 1.51142
0.069 1.53805
0.0738 1.24416
0.0791 1.54317
0.0739 1.26669
0.1381 1.49299
0.0795 1.47354
0.1405 1.48992
0.0701 1.25133
0.0769 1.49402
0.077 1.55136
0.0721 1.55648
0.0753 1.51142
0.1099 1.5401
0.1182 1.25952
0.0751 1.48378
0.0706 1.53805
0.0846 1.50221
0.0738 1.24621
0.0717 1.24621
0.0724 1.25645
0.1381 1.26464
0.1279 1.49914
0.0759 1.50016
0.1388 1.52371
0.1214 1.50733
0.0693 1.48582
0.0778 1.48173
0.0747 1.24006
0.0711 1.50221
0.07 1.49299
0.0708 1.55546
0.0714 1.49402
0.0689 1.56672
0.0714 1.50835
0.0757 1.51962
0.0704 1.51245
0.07 1.49299
0.0732 1.26464
0.0678 1.49094
0.0727 1.2544
0.0699 1.24928
0.0697 1.49606
0.1226 1.49709
0.0743 1.50835
0.0705 1.47046
0.075 1.49197
0.0742 1.49197
0.0704 1.51347
0.0748 1.50528
0.1377 1.52474
0.0709 1.26054
0.0754 1.51142
0.0768 1.51654
0.0752 1.51552
0.1364 1.48378
0.0757 1.2585
0.0704 1.25133
0.0698 1.50118
0.0706 1.4889
0.0777 1.25235
0.0683 1.49299
0.1298 1.25133
0.0687 1.2585
0.0761 1.55546
0.1203 1.51757
0.0727 1.4889
0.0701 1.50938
0.1039 1.47968
0.0772 1.48173
0.1312 1.4848
0.0736 1.56058
0.1215 1.53395
0.1456 1.2585
0.1373 1.5104
0.07 1.48378
0.0707 1.53088
0.07 1.52064
0.0703 1.49811
0.0754 1.49402
0.1339 1.2503
0.0742 1.50426
0.0732 1.26157
0.1352 1.4889
0.07 1.24826
0.0749 1.50426
0.0977 1.23597
0.0687 1.47456
0.0692 1.46534
0.0695 1.48582
0.0767 1.21549
0.0788 1.21754
0.1358 1.21549
0.107 1.45613
0.1521 1.44589
0.0683 1.20013
0.0771 1.42234
0.0756 1.42848
0.071 1.18272
0.073 1.43667
0.0872 1.44998
0.0747 1.46125
0.0688 1.18067
0.0881 1.18067
0.0761 1.44896
0.0779 1.44794
0.0799 1.45408
0.0706 1.43667
0.0717 1.43053
0.0696 1.41414
0.0767 1.4377
0.0729 1.47763
0.0742 1.18374
0.07 1.43974
0.0714 1.44589
0.1362 1.17965
0.0708 1.18886
0.0828 1.42234
0.1084 1.18067
0.0723 1.1776
0.075 1.47866
0.0734 1.16531
0.0828 1.17043
0.0745 1.16736
0.08 1.1479
0.0748 1.14893
0.0691 1.39571
0.0701 1.3865
0.0742 1.44179
0.0753 1.1479
0.0699 1.15405
0.0747 1.14893
0.0746 1.14176
0.0728 1.38957
0.1627 1.40493
0.071 1.1479
0.0762 1.408
0.0769 1.43565
0.0699 1.38445
0.158 1.14995
0.0697 1.14893
0.0824 1.15302
0.0754 1.39878
0.0683 1.42848
0.0688 1.39264
0.0873 1.4336
0.0732 1.42438
0.1286 1.42131
0.0793 1.45613
0.0733 1.39674
0.0762 1.14688
0.1436 1.3865
0.0755 1.40083
0.0668 1.39162
0.0721 1.39878
0.0704 1.11309
0.0714 1.08851
0.0693 1.35168
0.0745 1.36294
0.0803 1.33734
0.1132 1.29536
0.0699 1.3353
0.0678 1.31994
0.0767 1.34246
0.0731 1.31994
0.0792 1.2841
0.0787 1.32813
0.083 1.28307
0.0763 1.29229
0.074 1.29536
0.0689 1.25952
0.0712 1.28717
0.1393 1.26464
0.0678 1.32403
0.0755 1.29536
0.0705 1.27488
0.0696 1.04243
0.0926 1.31686
0.0911 1.03014
0.0771 1.27898
0.0766 1.32198
0.0717 1.33222
0.0763 1.06906
0.0711 1.3015
0.0838 1.30355
0.0709 1.31277
0.0718 1.03117
0.1408 1.26976
0.0684 1.05267
0.0919 1.27386
0.1482 1.27693
0.1448 1.03629
0.0682 1.29536
0.0936 1.28307
0.0729 1.07827
0.0682 1.28512
0.0785 1.28512
0.0782 1.30662
0.0703 1.0496
0.0689 1.29638
0.0707 1.32096
0.0756 1.29638
0.0764 1.05779
0.1672 1.33632
0.0692 1.33939
0.0712 1.04653
0.0678 1.28819
0.0767 1.0281
0.0698 1.2759
0.0756 1.26566
0.0755 1.04243
0.0693 1.2585
0.069 1.31379
0.0854 1.27795
0.0773 1.31994
0.1429 1.03834
0.0719 1.30253
0.1422 1.31482
0.0736 1.32813
0.077 1.28307
0.1232 1.28102
0.0798 1.28922
0.0696 1.3015
0.0705 1.30458
0.0724 1.26976
0.0719 1.29229
0.0685 1.29229
0.2501 1.29229
0.07 1.33427
0.0699 1.33018
0.0688 1.28102
0.0804 1.3015
0.0759 1.29741
0.069 1.26464
0.1094 1.30355
0.0749 1.27283
0.0716 1.33222
0.0774 1.29946
0.1041 1.34554
0.0794 1.27898
0.0706 1.32301
0.0802 1.06291
0.072 1.29638
0.0802 1.34554
0.0761 1.3015
0.0757 1.30048
0.0685 1.29946
0.0731 1.28819
0.0737 1.28717
0.0733 1.26464
0.0758 1.02912
0.1334 1.28
0.0688 1.27181
0.0702 1.29229
0.0783 1.28307
0.1488 1.26669
0.1385 1.03834
0.0708 1.04346
0.0737 1.29434
0.1343 1.31072
0.0797 1.29536
0.0883 1.28205
0.0709 1.03526
0.0698 1.31686
0.0705 1.27386
0.1453 1.34656
0.0788 1.30355
0.0769 1.33325
0.125 1.04346
0.0851 1.04858
0.1221 1.29229
0.0694 1.28922
0.1027 1.29434
0.0754 1.04243
0.0712 1.31379
0.2021 1.31072
0.0976 1.29229
0.0685 1.06394
0.0752 1.28
0.0791 1.27283
0.137 1.27181
0.0707 1.30662
0.071 1.29126
0.0686 1.0496
0.0695 1.25542
0.1368 1.34144
0.0726 1.28819
0.0724 1.26976
0.0719 1.3271
0.1437 1.32096
0.1349 1.28819
0.0776 1.31072
0.0748 1.28922
0.1409 1.28819
0.0681 1.28
0.0698 1.04858
0.0746 1.3097
0.0682 1.2841
0.1294 1.30253
0.1344 1.27488
0.1083 1.29843
0.0827 1.30867
0.0696 1.05779
0.0746 1.27898
0.0698 1.29946
0.0736 1.27898
0.0681 1.28205
0.0722 1.31072
0.0693 1.02912
0.0745 1.29126
0.0692 1.31686
0.0744 1.32608
0.0693 1.32813
0.179 1.30048
0.0803 1.03322
0.0831 1.3312
0.0745 1.3312
0.1003 1.33837
0.0759 1.29946
0.0688 1.33018
0.0692 1.29946
0.0751 1.03526
0.0746 1.26362
0.0715 1.3056
0.1448 1.04448
0.074 1.3097
0.0699 1.33018
0.0756 1.33018
0.0703 1.31482
0.0772 1.26362
0.0789 1.28922
0.0707 1.31994
0.07 1.29229
0.0695 1.29536
0.0784 1.27488
0.0721 1.29946
0.1561 1.3271
0.0739 1.26771
0.0789 1.31994
0.0704 1.04141
0.0761 1.30458
0.0748 1.05472
0.069 1.31072
0.0728 1.28922
0.0749 1.03526
0.1425 1.28819
0.0942 1.26054
0.0731 1.32506
0.0708 1.31686
0.0959 1.31994
0.0727 1.0537
0.075 1.32506
0.0766 1.29843
0.0688 1.32301
0.0692 1.05472
0.0711 1.30253
0.0699 1.28102
0.0706 1.30253
0.0685 1.31686
0.0744 1.33222
0.1376 1.32506
0.0846 1.0455
0.1432 1.32506
0.1353 1.04243
0.0736 1.27795
0.0688 1.27795
0.0696 1.03834
0.0749 1.29229
0.0807 1.32301
0.0757 1.31584
0.0752 1.31174
0.0781 1.33018
0.0735 1.30662
0.0696 1.31891
0.0765 1.05165
0.0752 1.03424
0.069 1.3097
0.0714 1.04858
0.0773 1.29331
0.0677 1.35782
0.0696 1.03219
0.0696 1.05984
0.0745 1.03936
0.0733 1.0281
0.0738 1.27386
0.1085 1.29741
0.1134 1.04141
0.0719 1.31686
0.0704 1.04653
0.0724 1.02707
0.0771 1.30867
0.0707 1.2759
0.0775 1.28205
0.1171 1.27488
0.0749 1.04448
0.0713 1.31686
0.0694 1.05984
0.1205 1.03424
0.0748 1.03424
0.0713 1.32301
0.0765 1.2759
0.071 1.02707
0.0705 1.33325
0.0716 1.29638
0.0782 1.27488
0.0704 1.05779
0.0685 1.06189
0.0687 1.28717
0.071 1.29536
0.1057 1.03629
0.0687 1.03219
0.0691 1.31482
0.1274 1.05165
0.072 1.05267
0.0747 1.31891
0.0755 1.0281
0.0777 1.29229
0.0807 1.03526
0.0724 1.30458
0.0934 1.05574
0.0771 1.06906
0.0714 1.29434
0.0954 1.29434
0.0743 1.3271
0.0687 1.30662
0.0775 1.29126
0.0698 1.26566
0.07 1.28
0.0687 1.2841
0.0732 1.32608
0.1351 1.05062
0.074 1.28717
