1.6765 7.62675
2.1457 7.8633
2.032 7.62675
2.1616 7.8633
1.1073 7.50797
1.018 7.7097
1.1441 7.50797
1.0116 7.7097
0.8594 7.50797
1.2115 7.7097
1.6476 7.77318
1.1868 8.02611
1.977 8.04147
2.5551 8.01997
1.1481 7.98106
1.0448 7.96877
1.1616 7.62982
1.0478 7.63187
1.0801 7.89094
1.0542 7.65235
1.0927 7.84589
1.1314 8.10701
1.0827 7.97082
1.3332 7.88275
1.3199 7.63597
1.057 7.9401
1.0503 7.8848
1.1457 7.64928
1.1102 7.87251
1.0673 7.94112
1.8627 7.8633
1.0578 7.87968
1.1273 7.85306
2.1141 7.86842
1.0487 7.86944
1.2581 7.85203
2.0392 7.64826
1.0975 7.58784
1.447 7.64826
1.1314 7.65952
1.0805 7.64416
1.0767 7.9063
1.0496 7.89197
1.0735 7.84896
1.0613 7.90426
1.0434 7.87661
1.0603 7.67693
1.0522 7.86125
2.2181 7.89299
1.0611 7.65542
1.0735 7.64211
1.0913 7.6329
1.1956 7.88685
1.0811 7.66566
1.9217 7.66157
1.1275 7.63085
1.0552 7.6329
1.267 7.88275
1.2091 7.63699
1.0603 7.86534
1.0601 7.65338
2.1 7.64518
1.0785 7.9401
1.0983 7.86432
1.0324 7.63187
1.1159 7.62982
1.111 7.86534
1.0472 7.87456
1.0435 7.64314
1.0546 7.87354
1.0612 7.90016
1.0799 7.87763
1.0784 7.64723
1.126 7.84486
1.5865 7.8592
1.7974 7.88378
1.0409 7.88275
1.0591 7.88787
1.0855 7.8848
1.0995 7.86637
1.0283 7.88992
1.0855 7.86944
1.1005 7.63904
1.2197 7.8633
1.2426 7.93498
2.1387 7.63187
1.3628 7.87251
1.0541 7.88275
1.0402 7.88275
1.0693 7.88787
1.0342 7.63085
1.0742 7.85203
1.0789 7.94931
1.0858 7.90221
1.0317 7.87661
1.1023 7.936
1.2021 7.86227
1.1529 7.87354
1.5952 7.64211
1.0837 7.91757
1.0643 7.87354
1.1259 7.90528
1.9052 7.64518
1.0493 7.90528
1.0743 7.89299
1.0391 7.87456
1.0927 7.9401
1.0479 7.89197
1.0776 7.88685
1.0475 7.63392
1.0411 7.87149
1.0693 7.86739
1.0948 7.64211
2.0318 7.86534
1.0853 7.80698
1.0962 7.93702
1.063 7.64518
2.2767 7.93702
1.0891 7.65338
1.0998 7.64211
1.1163 7.8551
1.0975 7.86432
1.0531 7.60218
1.1142 7.83872
1.0326 7.61958
1.1543 7.91347
1.8377 7.83155
1.0745 7.808
1.056 7.89606
1.0355 7.86534
1.1232 7.55302
2.1012 7.87354
2.1808 7.55814
1.8193 7.82746
1.114 7.82234
1.0897 7.74144
1.0584 7.80186
1.0545 7.5479
1.0724 7.8633
1.0656 7.84077
1.0476 7.82438
1.0531 7.552
1.0838 7.79571
1.0719 7.54688
1.0858 7.77114
2.3388 7.552
1.1087 7.57862
1.0506 7.84896
1.0586 7.81824
1.0719 7.53254
1.045 7.75168
1.0608 7.52026
1.035 7.49261
1.8836 7.78752
1.1017 7.84589
1.0772 7.74144
2.4931 7.54995
1.0694 7.73427
1.632 7.84589
2.2601 7.80186
2.1488 7.78752
2.0771 7.7353
1.0674 7.77933
1.0638 7.80083
1.1076 7.56429
1.0858 7.76704
1.0523 7.77626
1.0515 7.78035
1.1325 7.80902
1.0979 7.7824
1.2956 7.71584
1.2656 7.79674
1.0437 7.49056
1.1004 7.46701
1.0638 7.47725
1.0449 7.4496
1.0347 7.66259
1.0567 7.62675
1.0654 7.7056
1.0642 7.40147
1.0381 7.61958
1.0496 7.38304
1.0341 7.60627
1.0681 7.62675
1.8225 7.38099
1.1891 7.59603
1.1208 7.62163
1.0753 7.6585
1.0595 7.40864
1.0923 7.61651
1.1552 7.63187
1.0428 7.65133
1.1075 7.68819
1.0474 7.64723
1.1853 7.3943
1.2298 7.67795
1.0582 7.67795
1.0716 7.58682
2.1876 7.59706
1.0529 7.60832
1.0393 7.38202
1.1206 7.37792
2.2151 7.39328
1.1499 7.59194
1.8113 7.3687
1.0907 7.58579
1.1185 7.57146
1.0955 7.32365
1.1058 7.32877
1.13 7.56122
1.0621 7.26938
1.9568 7.31238
1.2269 7.49056
1.1389 7.49875
1.0447 7.26733
1.1837 7.27654
1.738 7.50387
1.061 7.47315
1.0599 7.49158
1.6956 7.30419
1.1391 7.29293
1.0398 7.56224
1.8095 7.27757
1.1162 7.31238
1.0896 7.51514
1.0443 7.52435
1.8086 7.4793
1.0927 7.26528
1.0728 7.48954
1.0568 7.25299
1.1652 7.33184
1.0678 7.54995
1.0648 7.32877
1.1002 7.51002
1.0587 7.48442
1.0944 7.48339
1.0693 7.26733
1.0483 7.28269
1.0699 7.4752
1.0557 7.29395
1.0413 7.50387
1.0429 7.48749
1.0678 7.26528
1.1115 7.56736
1.102 7.56326
1.0814 7.50899
1.4439 7.27757
1.0414 7.2919
1.0474 7.49056
1.0427 7.51411
2.1671 7.52742
1.0365 7.28576
1.0305 7.26016
1.0581 7.48749
1.07 7.48954
1.4538 7.50182
1.0522 7.48134
1.1555 7.49363
1.0841 7.51923
1.0671 7.50694
1.1245 7.32672
1.0451 7.52435
1.0518 7.48032
1.1891 7.29088
1.0559 7.50592
1.0782 7.51104
1.0557 7.52435
1.3433 7.53459
1.0847 7.27347
1.8648 7.53971
1.0599 7.51206
1.1157 7.55712
1.1321 7.4711
2.1466 7.49875
2.0863 7.23763
1.0383 7.23149
1.9072 7.25606
1.0298 7.31034
1.1138 7.51616
1.0405 7.51411
1.5683 7.27757
1.0469 7.48954
1.0758 7.552
1.0536 7.57862
1.134 7.296
1.0841 7.2745
1.0534 7.56429
1.8142 7.48032
1.8268 7.48032
1.1083 7.5305
2.339 7.51514
1.0778 7.50387
2.0763 7.47315
1.146 7.58272
1.8246 7.56019
2.1204 7.53869
2.0973 7.4967
2.1572 7.4711
2.0989 7.50797
2.1117 7.56224
1.0526 7.49158
1.0621 7.51309
1.0831 7.57862
1.1128 7.56531
1.0532 7.49363
1.0482 7.28986
2.4472 7.49875
1.0581 7.51718
1.0471 7.49875
1.0461 7.52845
1.0718 7.2704
1.0702 7.50592
1.0368 7.54995
1.0375 7.49875
1.0951 7.60627
2.1332 7.50694
1.1174 7.30726
1.1147 7.48237
1.8896 7.51002
1.05 7.5223
1.0437 7.47725
1.0795 7.27347
1.8845 7.30214
1.3681 7.29702
1.1696 7.53459
1.0836 7.49978
1.0401 7.51104
1.0496 7.52538
1.1126 7.50797
1.2817 7.56019
1.1186 7.50182
1.0436 7.52947
1.0553 7.25197
1.0628 7.52947
1.0608 7.28371
1.0492 7.57146
1.9784 7.58989
1.0743 7.27654
1.0391 7.53971
1.0626 7.5561
1.1171 7.49261
1.2973 7.25402
1.4682 7.58067
1.0817 7.27859
2.1653 7.47622
1.1104 7.54176
1.0329 7.5008
1.0479 7.56224
1.1148 7.49056
1.0763 7.30317
1.083 7.52742
1.4595 7.54381
1.171 7.53254
1.4882 7.48339
1.0811 7.27859
1.1579 7.28371
1.0456 7.56019
1.0485 7.48134
1.0295 7.31853
1.0636 7.50592
1.0786 7.48954
1.0436 7.3216
1.0397 7.52845
1.1401 7.52947
1.0627 7.28371
1.1102 7.52845
2.3538 7.50797
1.6751 7.28781
1.1591 7.2919
1.2117 7.28781
1.1106 7.25197
1.0827 7.52026
2.0641 7.31238
1.1055 7.49568
1.8464 7.52128
1.1079 7.52538
1.0851 7.4752
1.1148 7.57965
1.0705 7.51616
2.1082 7.55814
1.0331 7.50694
1.1625 7.53459
1.1025 7.5223
2.2342 7.50694
2.1357 7.49773
2.1039 7.53357
1.0997 7.4967
1.9873 7.48851
2.1897 7.55405
1.6566 7.49568
1.2469 7.47827
2.0492 7.33184
1.0806 7.53971
1.1875 7.48544
2.3473 7.49568
1.1511 7.52845
2.4778 7.45779
1.0854 7.28371
2.0453 7.54995
2.2137 7.51309
1.082 7.552
1.6479 7.49363
1.1465 7.27347
1.0655 7.52742
1.789 7.51104
1.0734 7.49363
1.1894 7.51104
1.3228 7.57043
1.1558 7.49261
1.0926 7.48851
1.4672 7.58067
2.5993 7.26733
1.2 7.29088
1.1321 7.56736
2.0836 7.50285
2.1434 7.48646
1.1427 7.30419
1.1367 7.59296
1.1579 7.29293
1.0923 7.48237
1.8446 7.29702
1.0942 7.53971
1.2655 7.55712
1.1206 7.53562
2.1793 7.51206
1.7839 7.27245
1.8819 7.29088
1.8913 7.48134
1.2245 7.53459
1.049 7.55098
1.0747 7.48749
1.0697 7.28064
1.0465 7.26938
1.0689 7.56019
1.0761 7.2663
1.0455 7.50387
1.045 7.5223
1.074 7.52128
1.949 7.27552
1.7975 7.2663
1.0853 7.32467
1.139 7.51821
1.1689 7.53357
1.7874 7.46086
2.0711 7.552
2.3309 7.49568
1.0514 7.43936
1.0869 7.52128
2.1195 7.51514
1.0679 7.52128
1.2359 7.49158
1.8324 7.5008
1.0952 7.26426
2.1013 7.49466
1.0407 7.55814
1.0733 7.50285
2.2076 7.55917
1.0575 7.51514
1.0954 7.54586
2.1902 7.55302
1.8559 7.49875
1.0687 7.57555
1.0639 7.50387
1.066 7.26426
1.1269 7.50182
1.0592 7.5223
1.048 7.60525
1.0506 7.34822
1.0881 7.58989
2.1124 7.60422
1.056 7.37894
1.1452 7.64518
1.1166 7.67283
1.0747 7.64621
1.8422 7.66976
1.5383 7.70355
1.0951 7.70867
1.8083 7.6841
1.0445 7.60832
1.097 7.71174
1.0482 7.7056
2.0996 7.71789
1.0838 7.69229
1.0942 7.75168
1.0999 7.7353
1.0421 7.69946
1.1495 7.71994
1.6824 7.74144
1.0386 7.77933
2.1285 7.76704
1.0675 7.71174
1.067 7.68614
1.1722 7.71994
1.0358 7.66566
1.0854 7.7312
2.1124 7.67181
1.0484 7.68614
1.0616 7.68307
2.0448 7.48032
1.0576 7.46496
1.802 7.79878
1.5593 7.71994
1.0865 7.72096
2.2458 7.69946
1.0916 7.66669
1.0871 7.69843
1.0422 7.71379
1.0681 7.45574
1.0507 7.71686
1.0636 7.43834
1.0443 7.72608
1.0556 7.69024
1.0655 7.48442
2.1349 7.49568
1.0425 7.73939
1.0782 7.75066
1.2357 7.73939
1.1122 7.6759
1.0487 7.72096
1.083 7.46291
1.0591 7.71379
1.0322 7.68205
1.0807 7.47008
1.7579 7.69843
1.9614 7.68512
1.5356 7.72403
1.0882 7.68717
1.0874 7.7097
1.1747 7.68102
1.063 7.48544
1.0599 7.47213
1.8363 7.48749
1.0429 7.46086
1.1949 7.69638
2.1185 7.69331
1.0823 7.75168
1.0561 7.76294
1.3918 7.78342
1.1528 7.80288
1.0911 7.73939
1.5361 7.68512
1.0683 7.71072
1.4331 7.76602
1.1549 7.71072
1.0823 7.73837
1.047 7.79878
1.7582 7.71789
1.0641 7.77421
1.0621 7.50285
1.1473 7.75782
1.8346 7.54074
1.1209 7.85203
1.1659 7.78138
1.1119 7.83155
1.0926 7.8336
1.1471 7.74963
1.0491 7.79776
1.0708 7.84691
1.0887 7.60525
1.0457 7.83667
1.099 7.58579
2.4794 7.85203
1.9604 7.8336
1.0408 7.87661
1.979 7.83974
1.0854 7.60934
1.0742 7.61446
1.0862 7.59398
1.0606 7.81824
2.1331 7.81926
1.0666 7.9104
1.0614 7.61242
2.0632 7.93395
1.2307 7.60013
2.1429 7.81414
1.8419 7.88582
1.16 7.82131
1.076 7.78445
1.0835 7.82643
2.1255 7.75987
1.1098 7.76602
1.0992 7.76192
1.1374 7.73427
1.059 7.73222
1.0448 7.73325
1.1621 7.46701
1.7183 7.67181
1.6213 7.46394
1.1351 7.74758
1.0951 7.44858
1.0752 7.73427
1.0434 7.65952
2.1033 7.65542
1.1715 7.4455
1.1548 7.72096
1.0953 7.41786
1.0519 7.74246
1.0882 7.6759
1.2057 7.46598
1.167 7.45984
1.2716 7.40966
1.1189 7.64211
2.2612 7.42195
1.0649 7.43322
1.0744 7.64723
1.0441 7.43629
1.3823 7.61037
1.0612 7.63904
1.0534 7.35437
1.1713 7.62061
2.0083 7.48339
1.1241 7.51206
1.1086 7.25504
1.0464 7.46086
1.0504 7.15469
1.1225 7.13626
1.0449 7.35437
1.0618 7.27962
1.7883 7.25299
1.0686 7.29805
1.1339 7.2448
1.0613 7.37587
1.0858 7.03181
1.4567 7.2745
1.6871 7.33389
1.0379 7.37587
1.0986 7.34618
1.0544 7.40147
1.0483 7.4967
1.8324 7.5008
1.1387 7.54893
1.0668 7.5561
1.0433 7.59603
1.0729 7.3769
1.1013 7.40045
2.1697 7.40762
2.0904 7.5049
1.0973 7.66259
1.0735 7.67181
1.0666 7.49875
1.0476 7.7271
1.0689 7.76294
1.0621 7.77011
1.0974 7.53971
1.0407 7.56326
1.0992 7.72403
1.3497 7.80595
1.2539 7.81926
2.1396 7.89094
1.1609 7.85408
1.0485 7.91347
1.0662 7.85203
1.1901 7.95238
1.1121 7.87456
1.7727 7.92474
1.0384 7.84589
1.0675 7.88378
1.697 7.9145
1.0659 7.68205
1.065 7.87558
1.1409 7.66259
1.0475 7.90323
1.0318 7.68717
1.9072 7.69126
1.0799 7.9401
1.0898 7.93395
1.1742 7.95546
1.0792 7.99744
1.1516 7.68
1.1343 7.67693
1.1039 7.92781
1.1608 7.92781
1.692 7.91859
1.1035 7.9401
1.0506 7.68102
1.1055 7.70458
1.0579 7.69843
1.0601 7.92678
1.299 7.67693
1.1921 7.90733
1.0629 7.68614
1.7858 7.66771
1.129 7.9104
1.384 7.88378
1.8445 7.66157
1.8229 7.87354
1.0737 7.60934
1.1365 7.8551
1.0473 7.93088
1.0447 7.64723
1.1157 7.85715
1.0675 7.85101
1.0551 7.91757
1.0541 7.59808
1.1006 7.65235
1.0498 7.90733
2.292 7.84179
2.1226 7.84384
1.0627 7.87456
2.1276 7.89197
1.0525 7.86227
1.1083 7.84077
2.1031 7.81824
1.0526 7.95136
1.0374 7.83565
2.0579 7.82643
1.0615 7.80902
1.0631 7.92986
1.0964 7.58886
1.0948 7.80288
1.0522 7.61139
1.1999 7.84589
1.065 7.84384
1.0435 7.89606
1.1291 7.90016
1.0585 7.82643
1.3869 7.61651
1.0608 7.61344
1.068 7.84384
1.1261 7.63085
1.119 7.8848
1.087 7.81107
1.0507 7.95238
2.1292 7.66669
1.0601 7.67283
1.0572 7.6759
1.0543 7.92474
1.0948 7.89606
1.0863 7.94829
1.0885 7.92678
1.0443 7.67795
1.0584 7.70867
2.19 7.94112
1.0979 7.69434
1.5878 7.9616
1.1967 7.97286
1.0717 7.70253
1.0597 7.91142
1.8942 8.0087
1.074 7.70458
1.0698 7.936
1.1337 7.7015
1.0966 7.9913
1.0669 7.92576
2.364 7.91347
1.6679 7.93702
1.1015 7.90528
1.2383 7.92166
1.0521 7.71174
1.0472 7.92371
1.1585 8.00154
1.8584 7.92678
1.799 7.94214
1.199 7.91245
1.068 7.88685
1.0354 7.9145
1.2405 7.66566
1.9861 7.91654
1.9941 7.97184
1.6525 7.89402
1.0355 7.95136
1.0949 7.88787
1.0946 7.63187
1.0741 7.87866
1.1077 7.60627
1.0738 7.60832
1.0609 7.87763
1.0353 7.58272
1.103 7.57965
1.942 7.59091
1.8855 7.6032
1.3477 7.58682
1.1144 7.82643
1.0813 7.83155
1.0858 7.56634
1.0567 7.90323
1.0726 7.60832
1.0552 7.60525
1.0576 7.83258
1.0392 7.86227
1.124 7.85715
1.7843 7.87251
1.6516 7.91962
1.8072 7.87251
1.0812 7.85306
1.1 7.87149
1.0965 7.89402
1.1106 7.95853
1.0752 7.6544
1.0943 7.91757
1.1061 7.67181
1.0869 7.67078
1.1333 7.69843
1.143 7.89402
1.1022 7.89709
2.1865 7.64314
1.0447 7.65542
1.0544 7.94522
2.1948 7.89709
1.0711 7.65133
1.0309 7.91245
1.0585 7.64314
1.0886 7.8377
1.2228 7.63085
1.7725 7.84589
1.1376 7.83258
1.3694 7.64518
1.1409 7.58374
1.0614 7.82029
1.0596 7.79776
1.1146 7.85818
1.0444 7.88685
1.0492 7.76909
1.1399 7.84486
1.1064 7.55405
1.0411 7.78342
2.1956 7.77421
1.0828 7.74656
1.1287 7.7609
1.1696 7.74963
1.1739 7.7312
1.07 7.76602
1.0597 7.45882
1.0955 7.45984
1.0294 7.7783
1.1023 7.46086
1.0512 7.66976
1.0322 7.68307
1.0767 7.7015
1.0649 7.68614
1.8955 7.46291
1.7339 7.71584
1.1018 7.70253
1.0563 7.70355
2.3946 7.7609
1.1985 7.4752
1.1626 7.49568
1.6585 7.77728
1.0483 7.46701
1.0478 7.70048
1.164 7.7097
1.0509 7.66669
1.5649 7.7271
1.8676 7.75373
1.1227 7.70253
1.0523 7.69843
1.1307 7.77114
1.8973 7.71584
1.0342 7.7783
1.0607 7.69843
1.1071 7.46701
1.0792 7.46496
1.1444 7.74246
2.1148 7.49158
1.5138 7.72506
1.8337 7.73837
2.119 7.73325
1.0329 7.76909
1.1738 7.84998
1.0612 7.83565
1.038 7.77728
1.0899 7.54893
1.0541 7.53971
1.1641 7.82234
1.8551 7.77523
1.041 7.78854
1.9966 7.77318
1.5626 7.55917
1.0403 7.77011
1.0383 7.77011
1.0908 7.56736
1.0344 7.75373
1.0611 7.79059
1.105 7.54688
1.0818 7.54278
1.0599 7.50592
1.7458 7.76397
1.0611 7.7783
1.3066 7.74144
1.2425 7.77318
1.1133 7.77728
1.0783 7.77626
1.215 7.8295
1.0619 7.76499
1.0381 7.82746
1.0871 7.54074
1.0824 7.84691
1.072 7.57555
1.0775 7.58886
1.1257 7.83974
1.0375 7.82131
1.0695 7.59603
1.1234 7.83462
1.293 7.58477
1.1032 7.6073
1.1192 7.79469
1.0633 7.53459
1.0989 7.76602
1.1212 7.80902
1.0572 7.75168
1.2402 7.4967
1.0437 7.83258
1.0568 7.70662
2.2876 7.7824
2.2187 7.55814
1.0812 7.78342
1.1345 7.70765
1.0617 7.53869
1.0981 7.76806
1.2526 7.52538
1.0964 7.77216
1.0779 7.77933
1.2061 7.51821
1.0891 7.7824
1.0936 7.51718
1.6994 7.77933
1.0449 7.54278
1.0384 7.76704
1.0647 7.85613
1.0775 7.52947
1.034 7.51821
1.3017 7.54381
1.108 7.81619
1.5031 7.77318
1.9966 7.7568
1.3909 7.7568
1.1326 7.76499
2.3665 7.84384
1.518 7.78138
1.084 7.54893
1.4624 7.79264
1.0379 7.54688
1.0535 7.81722
1.134 7.79059
1.0691 7.79264
1.0472 7.84486
1.5781 7.52128
1.1224 7.76602
1.0733 7.84384
1.1455 7.77114
1.5683 7.81005
1.6454 7.87558
1.0601 7.80288
1.1076 7.56019
1.017 7.52026
1.3979 7.52742
1.0459 7.56326
1.0326 7.55712
1.8672 7.77421
1.0734 7.54586
1.0503 7.77421
1.0539 7.54893
1.8359 7.84691
1.2937 7.55712
1.0693 7.56531
1.9713 7.552
1.083 7.53869
1.1461 7.75578
1.0613 7.56531
1.0665 7.79981
2.1506 7.75987
1.0608 7.74758
1.064 7.75987
1.2637 7.53459
1.0715 7.55302
1.0393 7.808
1.1343 7.75987
1.0778 7.78138
1.119 7.55405
1.0905 7.54176
1.1972 7.56326
1.0756 7.552
2.1444 7.5479
1.0499 7.53152
1.0649 7.7568
1.1016 7.8121
1.1657 7.76909
1.2546 7.55507
1.1529 7.86432
1.1108 7.74451
1.0625 7.81312
1.1304 7.5561
1.0607 7.54688
2.3014 7.53562
1.0652 7.77011
1.0693 7.5305
1.0461 7.77933
1.0812 7.76909
1.2608 7.77318
1.1575 7.82131
1.8639 7.77626
1.1707 7.81414
1.992 7.77011
1.1055 7.53357
1.051 7.75987
1.0866 7.55302
1.9812 7.77011
1.0589 7.51821
1.0852 7.54278
1.1234 7.79776
1.0573 7.78957
1.3651 7.78035
1.143 7.75373
1.0492 7.76806
1.0563 7.78035
1.145 7.77728
2.1209 7.83565
1.0389 7.77421
1.0876 7.7865
1.0551 7.55814
1.0607 7.54893
1.095 7.54381
1.3475 7.84282
1.7803 7.7783
1.5251 7.83974
1.1279 7.54893
1.1285 7.56429
1.1161 7.5561
1.05 7.72301
1.0546 7.81414
2.106 7.83565
1.0561 7.82746
1.0319 7.82234
1.0678 7.77216
