0.6469 0
0.6113 0
0.2517 0
0.2453 0
0.2307 0
0.2536 0
0.2679 0
0.2742 1.61075
0.2543 1.408
0.2871 1.3312
0.2534 1.56979
0.2332 1.41414
0.2331 1.39059
0.5012 1.40493
0.2321 1.29331
0.2506 1.29024
0.2368 1.30355
0.2562 1.39674
0.2551 1.40698
0.3879 1.39674
0.2347 1.56979
0.2554 1.57389
0.2386 1.29434
0.2459 1.40698
0.2531 1.39981
0.4728 1.41619
0.2385 1.3824
0.2544 1.29024
0.2949 1.39981
0.441 1.39674
0.2717 1.56979
0.2417 1.38957
0.2707 1.408
0.2301 1.38342
0.2305 1.3865
0.2374 1.3865
0.2543 1.56262
0.2412 1.38342
0.2524 1.3824
0.2312 1.55546
0.2837 1.38957
0.2715 1.39878
0.2724 1.29229
0.3794 1.41517
0.3798 1.58413
0.4849 1.56877
0.2543 1.55853
0.2568 1.38138
0.2297 1.37011
0.4624 1.37421
0.2327 1.38445
0.3194 1.39162
0.2343 1.28307
0.2481 1.39878
0.3564 1.40288
0.2683 1.41107
0.2488 1.5657
0.2396 1.28102
0.2641 1.38547
0.2451 1.56262
0.2405 1.55443
0.246 1.37728
0.2857 1.28205
0.244 1.39162
0.2411 1.39571
0.2385 1.28614
0.2841 1.2841
0.2455 1.57491
0.2448 1.56262
0.2616 1.28512
0.4133 1.38957
0.2439 1.38854
0.2374 1.39264
0.2874 1.39981
0.4288 1.408
0.2507 1.5616
0.247 1.40288
0.2672 1.28512
0.246 1.38957
0.3336 1.4039
0.2536 1.56262
0.2688 1.39571
0.4522 1.38445
0.2727 1.29126
0.2393 1.57082
0.2627 1.39981
0.2662 1.42541
0.235 1.29434
0.2654 1.57082
0.2443 1.40288
0.2636 1.408
0.3575 1.57389
0.4553 1.30253
0.2566 1.41312
0.2329 1.40083
0.4564 1.40083
0.2682 1.38445
0.2351 1.39366
0.3701 1.28307
0.2555 1.56365
0.2732 1.37933
0.2319 1.39674
0.5035 1.39674
0.3906 1.39776
0.4363 1.40186
0.2503 1.28819
0.2386 1.37728
0.2631 1.56262
0.2345 1.29024
0.2604 1.2841
0.2454 1.39059
0.2721 1.5657
0.2355 1.29126
0.2338 1.408
0.2366 1.28819
0.516 1.4295
0.2431 1.29536
0.2312 1.3865
0.2934 1.39162
0.4317 1.38752
0.2291 1.38342
0.236 1.38035
0.254 1.55034
0.2883 1.40186
0.2469 1.39469
0.2336 1.43155
0.4508 1.40083
0.2468 1.41005
0.2557 1.39981
0.252 1.29536
0.469 1.57389
0.2414 1.38547
0.4978 1.40902
0.2814 1.57594
0.2488 1.43053
0.2399 1.57082
0.2397 1.28922
0.2594 1.40186
0.2414 1.40902
0.2553 1.41312
0.2642 1.39878
0.2684 1.42336
0.2504 1.56365
0.2426 1.40493
0.235 1.56262
0.2765 1.40493
0.2598 1.39571
0.2529 1.28614
0.2706 1.39059
0.2603 1.36704
0.2344 1.38445
0.4606 1.55341
0.472 1.57491
0.5191 1.57491
0.2551 1.40288
0.2333 1.56774
0.2439 1.28922
0.405 1.39469
0.2389 1.39981
0.2482 1.29331
0.5036 1.40902
0.4412 1.40186
0.4636 1.40288
0.4656 1.55853
0.2814 1.57696
0.2404 1.41517
0.2345 1.56058
0.2411 1.40186
0.2781 1.38752
0.3173 1.38957
0.2721 1.39469
0.245 1.39366
0.2554 1.56058
0.3737 1.29536
0.3168 1.56467
0.4983 1.37421
0.5356 1.41414
0.2538 1.57082
0.4611 1.29126
0.2731 1.41722
0.2992 1.40902
0.2344 1.408
0.4341 1.39571
0.2685 1.40288
0.2398 1.40595
0.2462 1.41619
0.2435 1.57594
0.302 1.3865
0.4646 1.28717
0.2427 1.41312
0.2678 1.39366
0.2532 1.3824
0.2624 1.56979
0.2597 1.39776
0.294 1.29946
0.2411 1.4039
0.2348 1.40186
0.2425 1.38957
0.2614 1.39981
0.2351 1.37728
0.2429 1.29843
0.4307 1.29638
0.2641 1.41005
0.2503 1.40698
0.2358 1.41312
0.2549 1.41107
0.2549 1.42336
0.3427 1.39981
0.2691 1.41107
0.5145 1.39776
0.4108 1.29126
0.4549 1.3865
0.3674 1.55955
0.2878 1.41107
0.3089 1.57389
0.2561 1.2841
0.4637 1.41005
0.2628 1.28307
0.442 1.28614
0.4833 1.39674
0.7017 1.40288
0.4268 1.5575
0.4116 1.41005
0.2839 1.39674
0.424 1.58515
0.3002 1.41722
0.2595 1.41619
0.2566 1.29638
0.2595 1.39674
0.2559 1.40698
0.2497 1.39878
0.2676 1.40083
0.4139 1.57389
0.2391 1.29024
0.2475 1.4039
0.4785 1.39571
0.5153 1.40493
0.3645 1.57594
0.3151 1.62099
0.2552 1.38547
0.2771 1.38138
0.2608 1.38547
0.2608 1.39674
0.3085 1.40595
0.2749 1.56877
0.2494 1.56877
0.2593 1.5616
0.2933 1.28102
0.2343 1.60768
0.2453 1.56877
0.3434 1.29741
0.4746 1.39162
0.4248 1.41005
0.244 1.62714
0.2928 1.58515
0.2373 1.29843
0.2395 1.29638
0.2343 1.57389
0.4242 1.28717
0.4868 1.56365
0.2394 1.3824
0.2439 1.40288
0.5068 1.5657
0.4981 1.42541
0.2515 1.57389
0.2616 1.42131
0.2337 1.5657
0.2406 1.41107
0.2416 1.39571
0.2537 1.3865
0.2406 1.28205
0.2388 1.4039
0.2366 1.41107
0.4963 1.29843
0.4481 1.29638
0.2488 1.39981
0.2862 1.41824
0.2659 1.57798
0.2582 1.28922
0.2348 1.40493
0.4889 1.55546
0.2368 1.28717
0.2681 1.40083
0.2452 1.5616
0.2701 1.28922
0.4762 1.38854
0.2592 1.38445
0.2379 1.28
0.2765 1.38957
0.2354 1.2841
0.2421 1.38342
0.2369 1.42131
0.2657 1.40698
0.2427 1.40288
0.2312 1.28922
0.4835 1.29024
0.2703 1.40493
0.2405 1.40595
0.2723 1.39059
0.2846 1.28819
0.2497 1.57696
0.2671 1.4039
0.2342 1.5616
0.2586 1.39059
0.257 1.38547
0.228 1.38445
0.2422 1.39059
0.2581 1.27898
0.2291 1.27898
0.4978 1.55955
0.4327 1.28205
0.3221 1.28717
0.2364 1.41414
0.2408 1.57286
0.267 1.38957
0.2615 1.41517
0.4626 1.39059
0.2427 1.29126
0.2538 1.56262
0.2558 1.56979
0.2371 1.38752
0.2339 1.39264
0.3928 1.39469
0.247 1.38752
0.2307 1.57286
0.2596 1.29741
0.4094 1.29946
0.2624 1.5657
0.2359 1.32403
0.2593 1.39162
0.2372 1.3824
0.2341 1.28102
0.2374 1.42541
0.2634 1.39366
0.2621 1.39674
0.4285 1.41312
0.3729 1.41722
0.2625 1.42541
0.2487 1.40083
0.2347 1.37933
0.2592 1.2841
0.2359 1.39981
0.4546 1.28922
0.2349 1.29741
0.2711 1.39264
0.2376 1.39469
0.5869 1.4039
0.2615 1.39469
0.3217 1.41005
0.2338 1.28
0.4778 1.36909
0.2965 1.56979
0.2596 1.38854
0.2521 1.55853
0.2359 1.28922
0.2556 1.61075
0.2831 1.2841
0.2448 1.39674
0.2373 1.4039
0.3693 1.37523
0.4941 1.39264
0.4623 1.56774
0.2478 1.39162
0.2654 1.40902
0.2374 1.38547
0.2836 1.29229
0.4527 1.39981
0.2706 1.56467
0.2497 1.57184
0.477 1.38138
0.2678 1.38854
0.2446 1.2841
0.2364 1.38035
0.2866 1.38752
0.2652 1.38957
0.2448 1.28205
0.4351 1.38445
0.2516 1.3824
0.5122 1.2759
0.2451 1.28307
0.2361 1.61075
0.232 1.39571
0.2636 1.39059
0.2482 1.38342
0.2404 1.56877
0.2666 1.40288
0.2921 1.2841
0.2937 1.3824
0.2752 1.28205
0.2597 1.36806
0.2313 1.57286
0.2494 1.39162
0.2521 1.39981
0.3171 1.40902
0.2463 1.29843
0.4501 1.42438
0.4117 1.29638
0.2628 1.58208
0.2582 1.41107
0.2429 1.27488
0.2786 1.37318
0.2475 1.3824
0.248 1.38035
0.2531 1.38138
0.2967 1.55853
0.2399 1.28102
0.2425 1.38547
0.2649 1.28
0.2799 1.28614
0.2448 1.29126
0.2465 1.28205
0.2488 1.39264
0.2618 1.39571
0.241 1.39878
0.3143 1.42131
0.4932 1.58003
0.2797 1.39571
0.2421 1.39981
0.2355 1.408
0.2569 1.29536
0.4787 1.38547
0.2361 1.38342
0.2385 1.37728
0.2613 1.2841
0.2644 1.40083
0.2394 1.39264
0.2508 1.37318
0.283 1.56262
0.2344 1.37933
0.2438 1.38854
0.4919 1.29126
0.4563 1.55853
0.3339 1.29229
0.352 1.408
0.3917 1.57696
0.2443 1.39776
0.2478 1.39264
0.2284 1.29126
0.316 1.41414
0.2384 1.41517
0.245 1.55955
0.2418 1.38957
0.2748 1.5575
0.2453 1.39674
0.2742 1.2841
0.2668 1.40595
0.2943 1.38547
0.2458 1.57286
0.2412 1.3865
0.2659 1.3783
0.2568 1.37933
0.2808 1.37626
0.2354 1.57901
0.2606 1.59027
0.2297 1.37728
0.2422 1.3783
0.2552 1.59846
0.4117 1.59846
0.2564 1.61382
0.239 1.54419
0.2709 1.37728
0.2318 1.3783
0.2678 1.37523
0.2745 1.60256
0.3265 1.68141
0.4784 1.37216
0.4481 1.57594
0.2361 1.60461
0.3137 1.60666
0.2496 1.37728
0.2872 1.60461
0.4418 1.3783
0.2594 1.59642
0.2358 1.67322
0.2395 1.68755
0.255 1.61382
0.4817 1.59027
0.2458 1.37728
0.241 1.37933
0.3052 1.37626
0.2441 1.37728
0.2519 1.37318
0.238 1.61178
0.2722 1.57389
0.2388 1.58822
0.2505 1.68038
0.2411 1.67526
0.2711 1.37011
0.2628 1.61075
0.2425 1.59642
0.2587 1.37626
0.2436 1.37626
0.2373 1.5831
0.37 1.58822
0.4624 1.67424
0.2398 1.60051
0.2318 1.68038
0.2744 1.60256
0.2595 1.59744
0.2432 1.68755
0.2494 1.37114
0.2649 1.67731
0.4432 1.68448
0.2463 1.37626
0.2473 1.59744
0.5144 1.59232
0.2377 1.37216
0.2539 1.37216
0.3575 1.57594
0.2956 1.60051
0.2458 1.60666
0.2486 1.61485
0.2484 1.67731
0.2613 1.5872
0.2426 1.59744
0.2441 1.6896
0.2416 1.37421
0.3684 1.37626
0.3995 1.60256
0.3382 1.72134
0.259 1.61075
0.2472 1.60768
0.2616 1.59232
0.2534 1.59642
0.2631 1.38957
0.2492 1.59232
0.2315 1.59437
0.3052 1.37626
0.2544 1.37933
0.2647 1.40288
0.4127 1.60358
0.2579 1.3783
0.2573 1.3783
0.2694 1.60666
0.2466 1.59027
0.2426 1.59232
0.2906 1.37216
0.3388 1.6937
0.2491 1.37626
0.255 1.68243
0.2393 1.59949
0.2453 1.57491
0.4637 1.6855
0.3861 1.60154
0.4434 1.58822
0.2412 1.60563
0.2569 1.59539
0.2617 1.60256
0.2324 1.59334
0.2599 1.37011
0.2569 1.68755
0.2395 1.37728
0.253 1.58618
0.256 1.57491
0.316 1.68038
0.3472 1.60461
0.2485 1.69165
0.2424 1.37728
0.2662 1.37421
0.2487 1.60154
0.2431 1.60256
0.2419 1.37728
0.2607 1.58515
0.3159 1.68038
0.2419 1.6169
0.4954 1.71827
0.2407 1.67936
0.2398 1.37523
0.2443 1.58003
0.2732 1.61485
0.2516 1.37626
0.2388 1.37318
0.2335 1.61382
0.2589 1.68243
0.2516 1.60563
0.2434 1.67731
0.248 1.37523
0.2864 1.59027
0.3874 1.58413
0.2708 1.62099
0.2779 1.68755
0.2351 1.59027
0.2592 1.60358
0.465 1.58515
0.2549 1.61178
0.2419 1.37728
0.3036 1.68346
0.266 1.60973
0.2688 1.6128
0.2392 1.37626
0.2933 1.37216
0.4456 1.37421
0.2571 1.57491
0.2381 1.68858
0.2475 1.58925
0.2367 1.37933
0.2474 1.68858
0.2378 1.60461
0.2454 1.37421
0.2767 1.58106
0.2415 1.37626
0.4271 1.59846
0.3216 1.37626
0.2667 1.68346
0.3225 1.6128
0.2417 1.60666
0.2449 1.60256
0.2671 1.37523
0.2359 1.5913
0.2361 1.37318
0.2705 1.3783
0.2619 1.60154
0.2305 1.37523
0.2334 1.40186
0.3534 1.6855
0.4847 1.38035
0.3058 1.38138
0.3486 1.62099
0.2581 1.60563
0.2413 1.5831
0.2807 1.67936
0.2561 1.59949
0.2673 1.37626
0.2341 1.37421
0.2436 1.37011
0.2745 1.60256
0.2507 1.59949
0.269 1.60768
0.249 1.59027
0.2578 1.58822
0.2427 1.60768
0.249 1.60256
0.273 1.6855
0.2646 1.60973
0.2372 1.68346
0.2406 1.37318
0.2286 1.61178
0.2606 1.59744
0.2802 1.37728
0.3271 1.3783
0.2695 1.59539
0.2396 1.67936
0.2428 1.67424
0.2419 1.37114
0.2669 1.67731
0.2371 1.6087
0.2308 1.60051
0.2376 1.37523
0.2553 1.57491
0.2326 1.37626
0.2321 1.61894
0.4477 1.59539
0.5061 1.37523
0.2358 1.68141
0.2444 1.61075
0.2979 1.60461
0.4097 1.60154
0.263 1.37421
0.2305 1.6087
0.2862 1.4039
0.249 1.67526
0.2388 1.68346
0.2518 1.59949
0.4868 1.57798
0.2397 1.58618
0.24 1.58515
0.2594 1.37011
0.2628 1.59642
0.2378 1.58413
0.235 1.6855
0.2674 1.37216
0.2457 1.5872
0.2369 1.60154
0.2542 1.59232
0.2705 1.68653
0.2401 1.37728
0.2581 1.6855
0.2424 1.60563
0.2595 1.57696
0.237 1.37523
0.3017 1.57901
0.2408 1.60358
0.2814 1.69472
0.2433 1.60051
0.2372 1.61382
0.2312 1.59539
0.2431 1.6128
0.245 1.60666
0.275 1.61178
0.4661 1.37216
0.2404 1.59334
0.2398 1.59539
0.2562 1.37523
0.2643 1.59539
0.2348 1.37421
0.2581 1.58822
0.238 1.6896
0.2802 1.58822
0.2628 1.59744
0.2648 1.67936
0.2525 1.37626
0.432 1.37421
0.2533 1.60563
0.3704 1.37626
0.277 1.59949
0.246 1.37626
0.4652 1.37421
0.2395 1.59232
0.2666 1.60563
0.4743 1.68653
0.2308 1.59846
0.3 1.37114
0.2812 1.59334
0.25 1.37933
0.2388 1.67936
0.2618 1.37728
0.4716 1.37114
0.426 1.37114
0.2286 1.6855
0.2662 1.58925
0.247 1.37523
0.2438 1.67424
0.2431 1.60256
0.2601 1.5872
0.2331 1.61178
0.2449 1.58618
0.2452 1.3783
0.261 1.37626
0.2371 1.37523
0.4558 1.58925
0.2623 1.58208
0.2624 1.58925
0.4363 1.59027
0.251 1.58822
0.4948 1.61075
0.2391 1.58515
0.23 1.58618
0.2461 1.37421
0.2751 1.59232
0.242 1.6087
0.2357 1.37421
0.2682 1.68141
0.2474 1.59437
0.2379 1.59437
0.2552 1.68653
0.2303 1.59539
0.2504 1.58822
0.269 1.38138
0.2373 1.37626
0.2571 1.68653
0.4564 1.37216
0.3455 1.59232
0.2549 1.58822
0.2644 1.37523
0.2307 1.67834
0.4234 1.59744
0.2644 1.59539
0.2632 1.67731
0.2617 1.3783
0.2349 1.37421
0.2497 1.68346
0.2734 1.58208
0.3834 1.37933
0.246 1.61997
0.2422 1.60973
0.2621 1.6855
0.2726 1.59949
0.2437 1.59949
0.236 1.60461
0.2699 1.58106
0.2523 1.69267
0.2513 1.37626
0.2387 1.58003
0.4749 1.60461
0.2483 1.6169
0.2674 1.59334
0.2662 1.3783
0.3229 1.38035
0.4633 1.59949
0.2374 1.68448
0.2721 1.60461
0.2489 1.37523
0.2567 1.37933
0.2408 1.3783
0.2536 1.37421
0.2457 1.58515
0.245 1.5872
0.2491 1.59437
0.2653 1.68038
0.2554 1.58618
0.2491 1.60973
0.2651 1.59949
0.2553 1.57798
0.2615 1.59846
0.2424 1.38035
0.2579 1.37626
0.2363 1.37933
0.2359 1.37626
0.3569 1.5831
0.2679 1.58925
0.2373 1.59642
0.2423 1.60358
0.2453 1.61178
0.2614 1.59642
0.4283 1.61178
0.2387 1.58618
0.2623 1.58925
0.2458 1.59437
0.2377 1.57798
0.2461 1.68653
0.4265 1.59949
0.4283 1.68755
0.2404 1.37626
0.2336 1.60666
0.2584 1.3783
0.2393 1.37626
0.2642 1.37728
0.2383 1.57901
0.2953 1.37626
0.2556 1.59334
0.2341 1.37114
0.458 1.60154
0.5034 1.38138
0.3469 1.58822
0.2343 1.59027
0.4963 1.60461
0.2338 1.6855
0.2393 1.38035
0.242 1.59334
0.2609 1.37523
0.234 1.59334
0.2552 1.59027
0.2469 1.60973
0.2529 1.60051
0.4791 1.60973
0.2865 1.60051
0.441 1.58106
0.2471 1.59846
0.2654 1.68346
0.4564 1.37421
0.302 1.59846
0.2427 1.57901
0.2533 1.38035
0.3333 1.3783
0.4483 1.59642
0.2404 1.60154
0.2572 1.60358
0.2358 1.5872
0.2566 1.37728
0.4681 1.68038
0.2509 1.56058
0.2672 1.59539
0.3336 1.68141
0.2578 1.59437
0.3632 1.59846
0.2744 1.37318
0.2693 1.37523
0.2385 1.68038
0.2591 1.37728
0.2808 1.37421
0.2722 1.37728
0.2491 1.6855
0.2454 1.37011
0.3108 1.60154
0.2561 1.37728
0.2363 1.60973
0.267 1.68141
0.245 1.58515
0.2391 1.5831
0.2344 1.6855
0.2739 1.61178
0.4369 1.68243
0.3616 1.68141
0.2463 1.6087
0.4598 1.37114
0.2397 1.60768
0.2476 1.68448
0.2649 1.37421
0.2676 1.37626
0.27 1.36806
0.2431 1.59027
0.263 1.68141
0.4535 1.36806
0.2439 1.69165
0.2974 1.60768
0.5761 1.37626
0.2318 1.5872
0.2415 1.61075
0.2519 1.60051
0.2687 1.37728
0.2569 1.60256
0.4935 1.61382
0.2472 1.37523
0.2627 1.59846
0.2551 1.68346
0.2703 1.37728
0.444 1.60563
0.2803 1.59744
0.2459 1.60666
0.2413 1.37216
0.2633 1.59232
0.2457 1.59437
0.2369 1.68346
0.24 1.57082
0.2876 1.59539
0.3185 1.37933
0.2432 1.60563
0.2676 1.37728
0.3026 1.59539
0.2956 1.63226
0.2478 1.59437
0.3661 1.5913
0.2358 1.37523
0.3387 1.37626
0.2612 1.37626
0.2734 1.60768
0.4454 1.37318
0.4583 1.57082
0.2734 1.58822
0.3049 1.60666
0.2471 1.73875
0.3121 1.61075
0.2404 1.58003
0.3631 1.67322
0.2439 1.61894
0.2449 1.57798
0.2647 1.60768
0.3112 1.58003
0.2462 1.69984
0.2401 1.59539
0.3504 1.6855
0.2529 1.37421
0.2863 1.6896
0.2416 1.59642
0.4995 1.58822
0.5053 1.60461
0.2881 1.60973
0.2492 1.61997
0.4773 1.56467
0.2562 1.61075
0.3459 1.67629
0.2758 1.59846
0.2835 1.59642
0.4178 1.60051
0.2466 1.57389
0.501 1.67731
0.2399 1.59437
0.4308 1.58822
0.2621 1.60973
0.2591 1.5831
0.2393 1.37523
0.47 1.59949
0.329 1.37421
0.2635 1.38752
0.2523 1.37216
0.2534 1.60563
0.2713 1.37421
0.2614 1.37318
0.4843 1.5831
0.4594 1.37933
0.3071 1.3783
0.2521 1.37216
0.3617 1.3783
0.4601 1.68141
0.4882 1.5913
0.2543 1.60051
0.3156 1.37933
0.2385 1.60051
0.2605 1.37626
0.4753 1.37626
0.314 1.68448
0.3645 1.58106
0.3844 1.37933
0.2486 1.68243
0.2504 1.60256
0.2691 1.67936
0.2424 1.68243
0.3431 1.59846
0.3319 1.37728
0.2921 1.67834
0.2426 1.58618
0.3098 1.60666
0.2917 1.61485
0.37 1.68243
0.2487 1.37728
0.4667 1.6169
0.5005 1.59232
0.3199 1.68448
0.334 1.58208
0.3378 1.59437
0.4151 1.62406
0.4491 1.5913
0.4658 1.68858
0.2561 1.62099
0.3871 1.3783
0.2582 1.69165
0.2631 1.37728
0.3421 1.38445
0.293 1.57901
0.242 1.60666
0.4545 1.57901
0.2677 1.37626
0.4805 1.37523
0.2581 1.3824
0.3837 1.67936
0.3938 1.68858
0.4739 1.59539
0.2412 1.37523
0.4435 1.5872
0.3344 1.62406
0.299 1.60051
0.479 1.58822
0.3553 1.60256
0.4481 1.68653
0.3214 1.6087
0.299 1.57901
0.3837 1.61075
0.2983 1.59744
0.336 1.60768
0.3926 1.5913
0.4152 1.60154
0.2575 1.58618
0.2837 1.59232
0.2916 1.61075
