0.722 1.9497
0.6135 1.71622
0.5252 1.9497
0.5149 1.71622
0.3632 1.72646
0.7271 1.71622
0.3489 1.72646
0.3038 1.94765
0.3402 1.72646
0.3044 1.94765
0.3403 1.38445
0.3561 1.89645
0.3848 2.02854
0.3779 1.74694
0.406 1.6896
0.9302 1.72749
0.3518 1.97222
0.3445 1.27795
0.3526 2.01933
0.4343 1.94867
0.3423 2.01421
0.3458 2.03571
0.3556 1.74694
0.3587 2.00806
0.346 1.96403
0.3966 1.97325
0.6519 1.97939
0.3467 1.95891
0.713 1.95891
0.3718 1.98144
0.3468 1.94253
0.6827 1.95174
0.3912 2.00602
0.3592 2.0224
0.3445 1.71827
0.4184 1.9712
0.349 2.00192
0.3786 2.01216
0.5926 1.95277
0.7867 1.9753
0.3734 1.99987
0.6118 1.97222
0.343 1.98144
0.6496 1.96608
0.357 1.71418
0.5658 1.9712
0.5632 2.03776
0.3501 1.94765
0.7131 1.71622
0.783 1.70598
0.6367 1.95072
0.7133 2.01421
0.3484 1.93843
0.352 1.96198
0.3463 1.95584
0.3418 1.93434
0.3819 1.71213
0.3521 1.71622
0.3436 1.95379
0.5752 1.71418
0.3434 1.94765
0.3421 2.01933
0.3626 1.72134
0.3547 2.01933
0.4705 1.95379
0.356 1.70189
0.368 2.00294
0.6445 1.71008
0.3489 1.72442
0.3857 1.97837
0.3728 1.72032
0.4344 1.71622
0.3748 1.9927
0.3447 2.00806
0.3799 1.97632
0.3925 2.00499
0.3504 1.93126
0.368 2.00704
0.3483 1.96096
0.344 2.01216
0.3772 1.71418
0.7113 1.95994
0.3424 1.96198
0.3666 1.9712
0.3808 1.94765
0.3398 1.71213
0.6186 1.95994
0.3438 1.7111
0.35 1.95994
0.3549 1.72134
0.3467 1.95891
0.3433 2.02342
0.356 1.94048
0.3401 2.00806
0.3677 1.95891
0.3476 1.94867
0.3431 1.71213
0.3735 1.94253
0.4077 1.96198
0.3543 1.96198
0.7188 2.01626
0.3594 1.97222
0.3493 1.95686
0.3484 1.96198
0.3435 1.95277
0.3414 1.96813
0.3615 1.95482
0.3551 1.98758
0.3576 1.95072
0.6699 2.00704
0.3525 1.95174
0.3737 1.94253
0.3907 2.03674
0.6785 1.95891
0.3456 1.96096
0.3428 1.93331
0.3463 1.92512
0.3477 1.96813
0.3458 1.95686
0.3461 1.95686
0.346 1.68141
0.3763 1.69062
0.3467 1.93638
0.7429 1.67731
0.3783 1.92307
0.4073 1.98042
0.3837 1.92205
0.3449 1.91693
0.5413 1.67936
0.3441 1.92717
0.3478 1.94048
0.358 1.93126
0.3791 1.92614
0.3362 1.67219
0.3451 1.67731
0.5122 1.6855
0.7155 1.93741
0.7313 1.67014
0.3778 1.92205
0.3716 1.90054
0.3656 1.93024
0.3456 1.93434
0.703 1.97427
0.4252 1.9159
0.3784 1.92
0.403 1.90157
0.3727 1.67731
0.8514 1.94048
0.9833 1.92819
0.3605 1.67424
0.5329 1.93843
0.87 1.66912
0.4247 1.94765
0.3687 1.95584
0.3787 1.96096
0.4123 1.92307
0.3704 1.93638
0.3391 1.95482
0.3487 1.97734
0.3624 1.98758
0.3989 1.93843
0.3541 1.93843
0.3598 1.90976
0.3488 1.92819
0.339 1.92922
0.3453 1.67219
0.3434 1.91078
0.3415 1.94355
0.343 1.93536
0.3633 1.91898
0.367 1.98246
0.344 1.92307
0.7227 1.92819
0.6584 1.67424
0.3602 2.01318
0.72 1.67936
0.3804 1.91181
0.3466 1.98349
0.3483 1.94355
0.3466 1.97837
0.3539 1.94867
0.3382 1.90771
0.6312 1.9927
0.3502 1.91898
0.3646 1.93331
0.3813 1.91693
0.3643 1.94253
0.3391 1.95379
0.352 1.91078
0.3507 1.92614
0.343 1.93741
0.3452 1.94253
0.3605 1.6855
0.3594 1.93331
0.3838 1.93024
0.4895 1.68141
0.3518 1.93946
0.3559 1.68653
0.3455 1.92717
0.5233 1.9456
0.7086 1.92102
0.4415 1.91283
0.3525 1.93229
0.3545 1.93946
0.3416 1.9456
0.3393 1.97734
0.346 1.97837
0.3452 1.92
0.3989 1.93229
0.4955 1.91898
0.3479 1.91693
0.351 1.98349
0.3759 1.92819
0.3908 1.92512
0.3479 1.92922
0.348 1.90976
0.3465 1.66502
0.377 1.69062
0.4234 1.97632
0.3388 1.97222
0.3623 1.90259
0.3987 1.9712
0.3515 1.98451
0.3531 1.92614
0.7472 1.92614
0.3492 1.93843
0.3435 1.67629
0.3602 1.66912
0.3592 1.94765
0.4128 1.68038
0.353 1.66912
0.3496 1.95994
0.3428 1.91488
0.5898 1.98144
0.3576 1.9159
0.3624 1.68448
0.4431 1.68038
0.3779 1.68141
0.3442 1.92819
0.3486 1.94048
0.3544 1.93741
0.345 1.93536
0.3453 1.6855
0.3326 1.94355
0.3758 1.97734
0.3539 1.95686
0.8809 1.91283
0.3733 1.66707
0.3398 1.93331
0.4407 1.92512
0.3469 1.67526
0.3475 1.9241
0.3717 1.92614
0.3505 1.91386
0.3603 1.92819
0.347 1.92512
0.3767 1.92102
0.3531 1.93741
0.3445 1.90464
0.4075 1.93741
0.5789 1.66707
0.3467 1.66912
0.3467 1.98349
0.3499 1.92922
0.3405 1.92614
0.3484 1.67219
0.3567 1.68755
0.3466 1.92205
0.3435 1.93024
0.3438 1.92922
0.3435 1.66195
0.3454 1.94458
0.8925 1.91693
0.3448 1.94048
0.3705 1.9456
0.3523 1.69062
0.352 1.91795
0.677 1.67219
0.37 1.90771
0.4065 1.93331
0.399 1.90157
0.3666 1.91283
0.4733 1.92819
0.3456 1.98451
0.3457 1.92819
0.3392 1.98451
0.3358 1.92819
0.3425 1.98451
0.3669 1.91488
0.5255 1.67526
0.3659 1.94253
0.344 1.91693
0.511 1.97632
0.6466 1.93126
0.3465 1.93741
0.3408 1.97734
0.3365 1.94765
0.3513 1.92614
0.3417 1.67936
0.3451 1.9497
0.9857 1.91386
0.6585 1.98246
0.3424 1.91693
0.3472 1.91898
0.3485 1.91898
0.35 1.9159
0.3775 1.90669
0.7062 1.65683
0.3442 1.92
0.3541 1.67322
0.3456 1.92102
0.4478 1.9159
0.3478 1.94253
0.3608 1.93331
0.7902 1.96813
0.3597 1.6855
0.3469 1.9241
0.3386 1.9415
0.3485 1.67322
0.3452 1.92102
0.7973 1.96403
0.3422 1.67834
0.3685 1.95072
0.3432 1.92
0.5855 1.92307
0.3603 1.9671
0.3529 1.97734
0.3438 1.93331
0.3412 1.96301
0.3873 1.94048
0.3435 1.92
0.3571 1.94048
0.3713 1.94662
0.3401 1.68448
0.3435 1.92102
0.39 1.92717
0.41 1.9159
0.3373 1.6681
0.3424 1.92512
0.3744 1.94253
0.3422 1.97632
0.3398 1.97427
0.3465 1.91693
0.3433 1.97222
0.3403 1.96506
0.3471 1.68755
0.3614 1.92614
0.345 1.95174
0.3425 1.93741
0.3399 1.91283
0.3646 1.96096
0.3495 1.93741
0.3721 1.71008
0.353 1.99885
0.3449 2.00909
0.3524 1.93536
0.3491 1.69472
0.3452 1.69677
0.342 1.9415
0.3427 1.96915
0.3613 1.93536
0.7449 1.9456
0.3435 1.94765
0.3398 1.92
0.3569 1.68858
0.3764 1.94765
0.3438 1.95277
0.3522 1.69574
0.3482 2.00499
0.3488 1.69472
0.3574 1.98451
0.3408 1.95584
0.3452 1.96608
0.3588 1.93434
0.5334 1.98656
0.4978 1.70701
0.3477 1.70086
0.3568 1.93024
0.3428 1.93843
0.3492 1.69779
0.4389 1.94458
0.3459 1.93024
0.3671 1.95789
0.3542 1.69165
0.3587 1.9497
0.5982 1.70189
0.3474 2.01421
0.3774 1.94662
0.3433 1.9456
0.3481 1.93638
0.3449 1.92512
0.7201 1.70291
0.384 1.95379
0.3441 1.9497
0.3601 1.95379
0.3783 1.93843
0.3476 1.70394
0.4141 1.99475
0.572 1.95277
0.504 1.93843
0.3453 1.7111
0.3441 1.94458
0.368 2.00499
0.3431 1.71008
0.3433 1.69779
0.3519 1.69984
0.3439 1.9927
0.3438 1.69574
0.3558 1.95277
0.3719 1.9241
0.3733 1.94355
0.3897 1.97427
0.343 1.98861
0.3476 1.9497
0.6405 1.96301
0.7168 1.69574
0.3753 1.95686
0.3435 1.7193
0.3407 1.95789
0.3639 1.94765
0.3712 1.69165
0.3462 1.70189
0.3518 1.9671
0.3636 1.99885
0.3355 1.69779
0.37 1.95891
0.3738 1.94253
0.3619 1.68346
0.3435 1.69984
0.3524 1.99168
0.3432 1.9497
0.3468 1.93946
0.3665 1.94458
0.4068 1.94867
0.3372 1.97837
0.3555 1.9415
0.3914 1.94253
0.3487 1.9456
0.3386 1.69472
0.3921 1.93946
0.3672 1.94048
0.4004 1.95072
0.6278 1.70189
0.3517 1.93434
0.6303 1.95584
0.348 1.69267
0.3619 1.95584
0.3962 1.94765
0.3456 1.69882
0.3473 1.93229
0.3702 1.95686
0.3407 1.96198
0.3407 1.95072
0.3496 1.96096
0.3419 1.69677
0.4803 1.68243
0.3691 1.97018
0.6417 1.95174
0.384 1.96506
0.6529 1.95174
0.343 1.9497
0.493 1.95379
0.3451 1.91078
0.376 1.70906
0.6557 1.72339
0.3379 1.69677
0.3356 1.95686
0.3539 1.93946
0.3399 1.95686
0.3644 1.98246
0.8238 1.6937
0.3508 1.69472
0.361 1.95584
0.3451 2.01318
0.359 1.70394
0.3441 1.92307
0.3539 1.95686
0.3536 1.70701
0.3446 1.94765
0.6571 1.69574
0.3499 1.96096
0.344 1.95891
0.5613 1.9497
0.3381 1.9456
0.6791 1.93331
0.3457 1.98144
0.3794 1.9968
0.4108 1.95072
0.6543 1.9712
0.344 1.94048
0.3465 1.94253
0.3431 1.7111
0.3496 1.71008
0.3461 1.95379
0.3387 1.69267
0.3482 1.99475
0.3517 1.97222
0.3451 1.93638
0.3488 1.70906
0.7046 1.72544
0.3529 1.9968
0.3478 1.93843
0.3648 1.9456
0.3518 1.94662
0.3405 1.95379
0.3502 1.97018
0.6518 1.93741
0.7536 1.95379
0.416 1.95174
0.3642 1.7111
0.3549 1.70291
0.337 1.96301
0.345 1.9456
0.3446 1.95789
0.3464 1.95994
0.6976 2.0009
0.6552 1.68858
0.3636 1.94355
0.351 2.02445
0.6873 1.95686
0.5356 1.93638
0.3577 1.70086
0.4683 1.95277
0.3623 1.94662
0.341 1.94765
0.6518 1.9415
0.3455 1.70701
0.3428 1.93741
0.3874 1.9456
0.3859 1.93946
0.3674 1.98349
0.3453 2.01933
0.3544 1.99578
0.3864 2.01626
0.3484 1.69984
0.3732 1.95379
0.3732 1.94458
0.3455 2.01421
0.3449 1.94048
0.3456 1.93638
0.3439 1.69574
0.3473 1.6937
0.3605 2.00909
0.3437 1.95277
0.373 1.98656
0.3863 1.95584
1.0439 1.71213
0.5881 1.96301
0.7457 1.98349
0.3685 1.97837
0.3614 1.69779
0.7081 1.71008
0.355 1.68141
0.3457 1.71008
0.3547 1.68141
0.3365 1.71008
0.3551 1.68141
0.3465 1.9497
0.3459 1.94662
0.3588 1.9456
0.3638 1.93843
0.3432 1.95379
0.3455 2.01523
0.3791 1.95174
0.3738 1.9671
0.3512 1.94355
0.3441 1.95379
0.3674 1.94662
0.3424 1.70803
0.3469 1.69267
0.7121 1.69984
0.3489 1.94867
0.345 1.9753
0.3452 1.94048
0.3683 2.01011
0.3517 1.94355
0.3508 1.94765
0.3538 1.70189
0.35 1.69574
0.3536 1.95584
0.3477 1.70086
0.3351 1.9456
0.3404 1.69882
0.3439 1.93946
0.3619 1.96813
0.3572 1.94253
0.3416 2.02854
0.3466 1.93536
0.4054 1.93536
0.3415 1.94253
0.3355 1.71213
0.354 1.69165
0.3802 1.96915
0.3443 1.98656
0.3595 1.69882
0.3643 1.99475
0.3835 1.7193
0.7967 1.94048
0.3543 1.93024
0.748 1.93741
0.4315 1.69779
0.3464 1.9456
0.3446 2.00602
0.3354 2.00602
0.3422 1.95994
0.508 1.9927
0.6244 1.70906
0.345 1.93126
0.3407 1.99373
0.3773 1.96403
0.3461 1.69677
0.3752 1.69574
0.3549 1.70803
0.7128 1.71622
0.6391 1.95482
0.3447 1.94867
0.7177 1.97427
0.6248 1.95891
0.3472 1.93843
0.3504 1.93536
0.3503 1.69165
0.3699 1.94867
0.3472 1.9415
0.3551 2.00909
0.354 1.95174
0.3414 2.01318
0.3529 1.95789
0.3473 1.98349
0.3457 1.96096
0.3468 1.94253
0.3491 1.7193
0.339 1.9415
0.3377 1.70189
0.3759 1.70189
0.3507 1.94662
0.6602 1.94662
0.3474 1.96403
0.3442 1.92102
0.3439 1.94355
0.341 1.94458
0.3527 1.95994
0.3463 1.95789
0.7192 1.9753
0.341 1.70701
0.3443 1.96813
0.346 1.96915
0.3426 1.96608
0.7177 1.93434
0.3458 1.70189
0.3547 1.70598
0.3442 1.95482
0.3702 1.93741
0.3597 1.70598
0.34 1.94253
0.7014 1.70189
0.3389 1.70906
0.3475 2.00499
0.6428 1.97222
0.3483 1.93434
0.3473 1.96301
0.5245 1.93229
0.3539 1.93331
0.7025 1.93331
0.344 2.01421
0.6631 1.98963
0.7934 1.71418
0.6322 1.95891
0.3647 1.93741
0.3469 1.98349
0.3476 1.96915
0.3473 1.9456
0.3496 1.9456
0.7535 1.70291
0.3661 1.9497
0.3496 1.70701
0.6954 1.93843
0.3358 1.70086
0.3416 1.95174
0.3713 1.68858
0.354 1.92819
0.3409 1.91795
0.3406 1.94355
0.355 1.66912
0.3595 1.66912
0.6231 1.66912
0.7131 1.90976
0.7553 1.90566
0.3379 1.66707
0.3838 1.88723
0.3697 1.89338
0.3473 1.64557
0.3446 1.90157
0.3953 1.91078
0.3463 1.92512
0.3419 1.63942
0.5013 1.64045
0.3508 1.90566
0.3825 1.91283
0.3637 1.91795
0.3985 1.90157
0.3513 1.8985
0.341 1.87904
0.3475 1.89952
0.3453 1.93741
0.3394 1.64762
0.3391 1.90771
0.3407 1.90362
0.6894 1.64864
0.3453 1.65274
0.3559 1.88826
0.4624 1.64352
0.3759 1.64147
0.349 1.94253
0.3632 1.62714
0.3757 1.63533
0.346 1.64147
0.3511 1.61894
0.3425 1.61894
0.3417 1.86982
0.3505 1.85344
0.3833 1.9159
0.3478 1.6087
0.344 1.6384
0.3673 1.62202
0.3439 1.61587
0.3455 1.86061
0.6709 1.87904
0.3535 1.61792
0.3465 1.88109
0.3498 1.90976
0.354 1.84832
0.7623 1.61894
0.3482 1.61792
0.497 1.62816
0.3588 1.86573
0.3448 1.89952
0.333 1.86163
0.3845 1.90669
0.3402 1.89747
0.6603 1.89542
0.3462 1.92307
0.3517 1.86675
0.3471 1.62304
0.7338 1.85651
0.38 1.8688
0.3433 1.85037
0.3512 1.86675
0.3511 1.57286
0.3565 1.56365
0.3431 1.81248
0.3588 1.83501
0.3732 1.8176
0.5894 1.77562
0.3488 1.81555
0.3707 1.792
0.4031 1.81146
0.3859 1.79917
0.3572 1.75411
0.4146 1.79507
0.3579 1.75206
0.411 1.76435
0.3401 1.77357
0.3462 1.73158
0.341 1.76026
0.7156 1.74694
0.3387 1.7961
0.3572 1.76947
0.3465 1.74797
0.3449 1.51245
0.4335 1.7879
0.4912 1.50426
0.352 1.75206
0.3635 1.79917
0.3509 1.80634
0.3482 1.54624
0.401 1.77152
0.3781 1.7879
0.3485 1.78893
0.3494 1.50528
0.7078 1.74899
0.3417 1.51654
0.3818 1.73978
0.6465 1.74899
0.745 1.51347
0.3413 1.76742
0.4068 1.75002
0.3463 1.55238
0.3482 1.76026
0.358 1.75718
0.3593 1.78586
0.3482 1.51654
0.347 1.77254
0.3511 1.79098
0.3433 1.7664
0.606 1.5319
0.7815 1.81043
0.4069 1.80736
0.3489 1.51962
0.3473 1.76128
0.3567 1.50118
0.3492 1.7408
0.4011 1.74182
0.3598 1.51757
0.3436 1.73466
0.3465 1.7879
0.3558 1.75002
0.4247 1.7879
0.7554 1.5104
0.3556 1.77254
0.7181 1.78381
0.346 1.80019
0.3496 1.75923
0.6789 1.74899
0.367 1.77357
0.3441 1.76845
0.3938 1.78176
0.3455 1.7449
0.4365 1.7705
0.3478 1.76435
0.8845 1.77254
0.3427 1.81862
0.347 1.80019
0.3386 1.75514
0.3569 1.76947
0.3433 1.77357
0.34 1.73363
0.3933 1.78278
0.4388 1.74285
0.3421 1.80122
0.363 1.76947
0.5559 1.82477
0.4707 1.7623
0.3542 1.7961
0.3503 1.52781
0.3572 1.76845
0.3652 1.82682
0.3509 1.77971
0.3529 1.77664
0.3449 1.76538
0.3419 1.7623
0.3891 1.7623
0.3431 1.73875
0.341 1.5063
0.7165 1.74899
0.3559 1.74387
0.3795 1.76742
0.4558 1.76026
0.8358 1.73875
0.7045 1.5104
0.3489 1.5145
0.3561 1.76947
0.6974 1.77869
0.3564 1.77459
0.3762 1.75002
0.3456 1.5063
0.3562 1.78995
0.3513 1.74797
0.8733 1.81965
0.3685 1.77459
0.4097 1.80122
0.6405 1.51859
0.3848 1.51654
0.6308 1.7664
0.348 1.75821
0.4264 1.76947
0.3482 1.51654
0.3412 1.7879
0.9258 1.78074
0.4912 1.76435
0.3402 1.5401
0.3533 1.74694
0.348 1.74694
0.7025 1.75309
0.3395 1.77562
0.3511 1.76435
0.3595 1.52678
0.3704 1.72646
0.7389 1.81862
0.3921 1.75309
0.39 1.73978
0.3408 1.79712
0.7193 1.80326
0.6997 1.76333
0.3524 1.79302
0.344 1.7623
0.7084 1.75923
0.3416 1.75514
0.3502 1.52371
0.364 1.78483
0.3336 1.75923
0.6272 1.77459
0.7543 1.74694
0.5831 1.77459
0.3653 1.77459
0.3497 1.53395
0.3499 1.75923
0.3584 1.77459
0.3437 1.75514
0.342 1.75821
0.3462 1.79098
0.3429 1.50835
0.3728 1.76435
0.3399 1.78586
0.3446 1.80019
0.349 1.79814
0.8688 1.77357
0.3875 1.50733
0.4192 1.79814
0.527 1.80122
0.561 1.80838
0.3529 1.76845
0.3362 1.80531
0.3547 1.7664
0.3425 1.50426
0.3443 1.74797
0.3441 1.77152
0.7426 1.51859
0.5436 1.78381
0.3442 1.80224
0.4176 1.80019
0.3436 1.79302
0.3758 1.73773
0.3774 1.76538
0.3467 1.792
0.3449 1.77254
0.3591 1.76538
0.4276 1.73875
0.3355 1.76845
0.7914 1.792
0.3493 1.74182
0.363 1.79405
0.3611 1.5063
0.3485 1.77152
0.3513 1.52269
0.3727 1.78381
0.3419 1.76128
0.3658 1.50938
0.712 1.7623
0.4281 1.74694
0.3388 1.80736
0.3495 1.78893
0.5112 1.79917
0.3873 1.52986
0.3433 1.80122
0.3545 1.76845
0.3441 1.80122
0.3342 1.53395
0.3365 1.77971
0.3496 1.7623
0.3634 1.77357
0.3488 1.79302
0.3737 1.80224
0.7149 1.80019
0.4691 1.51962
0.8085 1.80122
0.5942 1.51654
0.342 1.75104
0.3503 1.74694
0.3461 1.51142
0.369 1.7705
0.3585 1.79917
0.3496 1.79302
0.3482 1.78176
0.3625 1.79814
0.3421 1.77357
0.3391 1.78586
0.3847 1.52371
0.3895 1.5104
0.3457 1.77254
0.3412 1.52166
0.3576 1.7623
0.3433 1.83194
0.3491 1.50426
0.3439 1.52883
0.343 1.51552
0.3402 1.50016
0.348 1.74694
0.5349 1.76845
0.4204 1.51654
0.3484 1.7879
0.346 1.52064
0.3763 1.50528
0.374 1.78381
0.3477 1.75104
0.3551 1.75411
0.5499 1.74694
0.3583 1.51654
0.3487 1.78381
0.3668 1.53088
0.5491 1.50733
0.3737 1.50323
0.3612 1.79302
0.3447 1.7408
0.3475 1.50016
0.3557 1.81555
0.3678 1.77254
0.372 1.74592
0.3544 1.53498
0.3567 1.52986
0.3451 1.75923
0.3513 1.77254
0.4099 1.50323
0.3923 1.50118
0.342 1.79098
0.4163 1.51757
0.353 1.53395
0.3446 1.792
0.3534 1.50221
0.3502 1.76538
0.3671 1.50323
0.4023 1.77766
0.4016 1.53293
0.6316 1.55238
0.4893 1.76435
0.5728 1.76742
0.3553 1.80019
0.35 1.78586
0.3482 1.76026
0.3457 1.7408
0.3577 1.74285
0.3566 1.7623
0.3422 1.79917
0.7073 1.52678
0.3463 1.76538
