0.2386 0.887808
0.2458 0.900096
0.2328 0.887808
0.2899 0.900096
0.5693 0.584704
0.1654 0.89088
0.1668 0.584704
0.167 0.89088
0.1594 0.584704
0.3266 0.89088
0.1565 0.581632
0.1485 0.89088
0.1914 0.454656
0.1746 0.452608
0.1928 0.454656
0.1728 0.58368
0.1697 0.456704
0.1557 0.830464
0.1562 0.821248
0.1597 0.900096
0.1605 0.843776
0.1665 0.892928
0.1634 0.822272
0.1599 0.58368
0.1557 0.817152
0.3388 0.584704
0.3537 0.888832
0.2101 0.886784
0.3588 0.899072
0.3452 0.8192
0.1655 0.878592
0.3441 0.90112
0.1668 0.586752
0.1576 0.902144
0.1756 0.886784
0.1656 0.88064
0.3323 0.823296
0.1639 0.888832
0.3596 0.900096
0.3428 0.886784
0.1619 0.887808
0.3292 0.584704
0.155 0.897024
0.1546 0.582656
0.1617 0.898048
0.3347 0.878592
0.1608 0.820224
0.1691 0.887808
0.3389 0.837632
0.167 0.837632
0.1611 0.886784
0.1839 0.888832
0.2414 0.818176
0.1615 0.892928
0.1918 0.58368
0.3467 0.585728
0.3316 0.584704
0.3369 0.841728
0.2029 0.802816
0.1596 0.58368
0.1552 0.893952
0.1832 0.886784
0.2537 0.817152
0.1684 0.80896
0.1663 0.887808
0.2517 0.893952
0.2628 0.823296
0.1536 0.585728
0.2048 0.76288
0.3192 0.738304
0.2417 0.871424
0.1607 0.710656
0.1625 0.866304
0.158 0.864256
0.1586 0.867328
0.1846 0.869376
0.3403 0.756736
0.2592 0.741376
0.1619 0.828416
0.1591 0.841728
0.3442 0.837632
0.1692 0.561152
0.2632 0.826368
0.3508 0.842752
0.224 0.82944
0.1616 0.560128
0.466 0.693248
0.3419 0.835584
0.3407 0.831488
0.3329 0.832512
0.1641 0.559104
0.1584 0.837632
0.2492 0.832512
0.1953 0.827392
0.3552 0.67584
0.3364 0.561152
0.339 0.835584
0.3462 0.828416
0.2992 0.830464
0.3301 0.55808
0.1878 0.551936
0.1593 0.83968
0.1822 0.68096
0.2039 0.830464
0.1606 0.67584
0.2345 0.559104
0.3218 0.828416
0.2867 0.836608
0.1632 0.830464
0.1913 0.667648
0.1595 0.831488
0.3399 0.822272
0.1561 0.841728
0.2212 0.838656
0.1614 0.668672
0.159 0.836608
0.212 0.831488
0.1656 0.676864
0.1618 0.830464
0.246 0.831488
0.3402 0.830464
0.1544 0.55808
0.1603 0.82944
0.1586 0.830464
0.1673 0.832512
0.1705 0.832512
0.1807 0.82944
0.1596 0.684032
0.3364 0.831488
0.3001 0.82944
0.1626 0.830464
0.2672 0.83456
0.163 0.666624
0.2022 0.830464
0.169 0.55808
0.1599 0.833536
0.3343 0.55808
0.2639 0.673792
0.159 0.83968
0.2279 0.837632
0.1602 0.560128
0.2129 0.831488
0.2269 0.664576
0.2599 0.823296
0.3491 0.677888
0.2465 0.828416
0.346 0.8448
0.2941 0.559104
0.2305 0.82944
0.3411 0.828416
0.1539 0.83456
0.257 0.837632
0.1793 0.83456
0.16 0.55808
0.2611 0.828416
0.3526 0.671744
0.4288 0.676864
0.2226 0.673792
0.3553 0.560128
0.2419 0.826368
0.2357 0.830464
0.2309 0.837632
0.1754 0.837632
0.3533 0.82432
0.157 0.838656
0.1864 0.836608
0.2428 0.559104
0.2528 0.833536
0.1636 0.684032
0.1676 0.674816
0.1763 0.662528
0.1629 0.82944
0.2256 0.668672
0.1646 0.826368
0.1563 0.828416
0.3362 0.831488
0.3318 0.561152
0.1631 0.843776
0.1573 0.831488
0.2419 0.82432
0.4732 0.55808
0.1609 0.827392
0.3517 0.836608
0.337 0.835584
0.1562 0.560128
0.2152 0.830464
0.2445 0.835584
0.2387 0.82944
0.4127 0.82944
0.1621 0.556032
0.1582 0.82944
0.1638 0.687104
0.3283 0.833536
0.1817 0.671744
0.231 0.557056
0.1572 0.838656
0.1581 0.831488
0.2629 0.832512
0.1609 0.827392
0.3448 0.832512
0.1574 0.82432
0.1559 0.557056
0.3402 0.685056
0.2504 0.835584
0.1595 0.836608
0.3394 0.673792
0.3138 0.83456
0.3245 0.559104
0.2683 0.827392
0.1633 0.82944
0.3377 0.6912
0.1577 0.68096
0.1609 0.822272
0.3357 0.556032
0.1655 0.826368
0.2078 0.827392
0.1621 0.828416
0.1697 0.557056
0.1749 0.828416
0.3514 0.67072
0.2472 0.55808
0.252 0.66048
0.2682 0.551936
0.1648 0.557056
0.1586 0.555008
0.4063 0.669696
0.2408 0.668672
0.2894 0.832512
0.2535 0.827392
0.1939 0.556032
0.1637 0.832512
0.1593 0.83456
0.2182 0.55808
0.1663 0.684032
0.1622 0.560128
0.1629 0.681984
0.1697 0.557056
0.3494 0.55808
0.1527 0.835584
0.1582 0.832512
0.2476 0.828416
0.157 0.553984
0.1761 0.826368
0.1572 0.6656
0.156 0.82432
0.1566 0.82432
0.1607 0.826368
0.1569 0.55808
0.1619 0.676864
0.156 0.55808
0.2624 0.681984
0.1553 0.673792
0.1646 0.82944
0.1612 0.556032
0.1642 0.556032
0.1617 0.668672
0.1565 0.830464
0.158 0.831488
0.179 0.832512
0.1591 0.827392
0.1638 0.823296
0.1764 0.560128
0.1523 0.82432
0.3461 0.828416
0.1609 0.82944
0.3468 0.837632
0.2996 0.83968
0.1521 0.82944
0.3511 0.560128
0.1561 0.831488
0.1602 0.6656
0.1565 0.67072
0.1684 0.82944
0.155 0.826368
0.1583 0.82944
0.1725 0.68096
0.2063 0.831488
0.1579 0.836608
0.2122 0.557056
0.1578 0.559104
0.1902 0.681984
0.1572 0.695296
0.1595 0.833536
0.2358 0.676864
0.1722 0.672768
0.1569 0.559104
0.1617 0.678912
0.1729 0.683008
0.3698 0.841728
0.1738 0.828416
0.3377 0.67072
0.1556 0.82944
0.1672 0.832512
0.1909 0.832512
0.1578 0.676864
0.354 0.556032
0.1608 0.677888
0.1555 0.837632
0.2775 0.555008
0.3474 0.681984
0.1582 0.685056
0.1724 0.830464
0.1595 0.55808
0.1625 0.557056
0.1608 0.683008
0.1544 0.672768
0.2362 0.836608
0.1567 0.828416
0.1563 0.838656
0.2449 0.830464
0.2982 0.833536
0.1551 0.832512
0.1668 0.828416
0.1605 0.827392
0.158 0.830464
0.1604 0.835584
0.1597 0.709632
0.156 0.835584
0.1556 0.837632
0.163 0.679936
0.1644 0.826368
0.181 0.827392
0.1579 0.674816
0.3543 0.828416
0.1535 0.828416
0.3419 0.661504
0.3327 0.832512
0.1616 0.826368
0.1552 0.664576
0.167 0.825344
0.1654 0.836608
0.1667 0.669696
0.1595 0.556032
0.1549 0.559104
0.2659 0.832512
0.167 0.687104
0.1542 0.826368
0.157 0.667648
0.2209 0.831488
0.1604 0.662528
0.1943 0.667648
0.1617 0.6656
0.1645 0.833536
0.1679 0.828416
0.1613 0.666624
0.1647 0.83456
0.159 0.83456
0.1628 0.823296
0.3427 0.828416
0.1596 0.830464
0.169 0.83456
0.154 0.67072
0.3545 0.677888
0.3405 0.55808
0.1608 0.556032
0.1578 0.559104
0.1623 0.672768
0.1804 0.83456
0.3353 0.55808
0.1627 0.827392
0.1645 0.827392
0.3473 0.666624
0.1663 0.82944
0.1562 0.82944
0.1734 0.8448
0.3501 0.82944
0.2867 0.833536
0.1603 0.826368
0.1681 0.836608
0.3456 0.559104
0.3547 0.830464
0.2093 0.67072
0.1516 0.559104
0.334 0.82944
0.2403 0.831488
0.3364 0.828416
0.2668 0.832512
0.2622 0.833536
0.1563 0.826368
0.1575 0.831488
0.1593 0.683008
0.1655 0.662528
0.1601 0.831488
0.344 0.55808
0.1817 0.833536
0.1555 0.820224
0.245 0.676864
0.1569 0.831488
0.1587 0.828416
0.1608 0.556032
0.1575 0.82944
0.1574 0.551936
0.1611 0.833536
0.156 0.831488
0.1581 0.825344
0.1636 0.83456
0.1532 0.827392
0.1543 0.82944
0.2306 0.673792
0.3401 0.83968
0.1698 0.826368
0.1534 0.826368
0.1572 0.825344
0.1559 0.827392
0.1584 0.832512
0.167 0.830464
0.1625 0.826368
0.1614 0.55296
0.1545 0.672768
0.2297 0.835584
0.1738 0.828416
0.1609 0.827392
0.1598 0.672768
0.183 0.82944
0.1589 0.833536
0.1595 0.833536
0.1584 0.828416
0.1599 0.822272
0.1526 0.559104
0.1673 0.822272
0.1528 0.556032
0.1605 0.82944
0.2436 0.873472
0.1799 0.891904
0.3425 0.883712
0.2713 0.818176
0.3438 0.830464
0.1542 0.898048
0.1682 0.897024
0.155 0.582656
0.1722 0.878592
0.159 0.893952
0.1604 0.887808
0.1599 0.892928
0.1789 0.831488
0.3242 0.58368
0.1648 0.882688
0.163 0.582656
0.1555 0.80384
0.1609 0.807936
0.3509 0.886784
0.1634 0.888832
0.1602 0.802816
0.1705 0.869376
0.1538 0.582656
0.1567 0.894976
0.1846 0.891904
0.2534 0.878592
0.1646 0.883712
0.1587 0.821248
0.1581 0.843776
0.1672 0.796672
0.1545 0.892928
0.1645 0.888832
0.16 0.886784
0.165 0.82432
0.1635 0.805888
0.1611 0.841728
0.1623 0.816128
0.1833 0.89088
0.2736 0.891904
0.1556 0.882688
0.1537 0.882688
0.1518 0.879616
0.1644 0.88064
0.1552 0.883712
0.1614 0.800768
0.1713 0.89088
0.1572 0.841728
0.1602 0.884736
0.1575 0.88064
0.2001 0.58368
0.1563 0.89088
0.3392 0.8192
0.1713 0.881664
0.1541 0.896
0.1589 0.90112
0.1608 0.58368
0.1611 0.889856
0.1633 0.886784
0.1543 0.804864
0.1579 0.894976
0.1629 0.887808
0.1542 0.806912
0.1769 0.80896
0.156 0.812032
0.1556 0.820224
0.1543 0.8192
0.1577 0.878592
0.2982 0.887808
0.1592 0.903168
0.1655 0.581632
0.1546 0.884736
0.1554 0.816128
0.1576 0.580608
0.1676 0.884736
0.159 0.886784
0.1673 0.831488
0.1613 0.836608
0.1544 0.822272
0.1586 0.897024
0.1604 0.89088
0.1542 0.884736
0.2714 0.879616
0.1645 0.806912
0.161 0.88064
0.1611 0.582656
0.3552 0.893952
0.2707 0.88064
0.1635 0.817152
0.3425 0.893952
0.1586 0.881664
0.1592 0.899072
0.1568 0.88064
0.1617 0.577536
0.2 0.884736
0.1641 0.893952
0.1619 0.81408
0.2023 0.886784
0.1556 0.888832
0.2652 0.81408
0.2439 0.892928
0.2567 0.894976
0.1543 0.817152
0.1546 0.817152
0.1563 0.815104
0.1584 0.582656
0.1597 0.581632
0.156 0.889856
0.1638 0.896
0.1536 0.887808
0.1602 0.896
0.2612 0.830464
0.2736 0.897024
0.2764 0.835584
0.1679 0.892928
0.1562 0.89088
0.2742 0.888832
0.3432 0.828416
0.1587 0.815104
0.1636 0.886784
0.1543 0.816128
0.1556 0.89088
0.161 0.809984
0.1584 0.807936
0.1834 0.892928
0.1661 0.82944
0.3377 0.832512
0.1639 0.8192
0.3031 0.582656
0.2089 0.823296
0.1547 0.893952
0.1581 0.580608
0.1641 0.82944
0.1559 0.892928
0.1592 0.8192
0.1806 0.818176
0.3341 0.806912
0.1599 0.883712
0.3393 0.884736
0.1541 0.889856
0.1544 0.90112
0.1667 0.81408
0.1605 0.897024
0.1549 0.893952
0.1605 0.892928
0.1567 0.894976
0.1585 0.892928
0.1539 0.891904
0.1622 0.889856
0.1644 0.891904
0.1625 0.58368
0.1556 0.887808
0.157 0.811008
0.16 0.88576
0.1603 0.812032
0.1567 0.582656
0.1622 0.887808
0.1591 0.879616
0.1554 0.830464
0.1849 0.837632
0.1588 0.892928
0.235 0.887808
0.1615 0.804864
0.1585 0.8192
0.1531 0.815104
0.1544 0.891904
0.1602 0.887808
0.161 0.581632
0.1872 0.89088
0.1528 0.899072
0.1593 0.891904
0.1594 0.898048
0.1811 0.816128
0.2361 0.82432
0.1812 0.892928
0.1559 0.836608
0.1582 0.82432
0.1566 0.582656
0.1615 0.888832
0.1727 0.58368
0.1607 0.818176
0.1514 0.582656
0.1671 0.842752
0.3423 0.898048
0.1557 0.838656
0.3609 0.804864
0.1568 0.820224
0.1534 0.580608
0.1536 0.886784
0.1641 0.894976
0.2817 0.896
0.165 0.897024
0.1616 0.891904
0.1622 0.830464
0.1575 0.837632
0.1656 0.582656
0.2456 0.894976
0.3324 0.892928
0.1621 0.891904
0.1871 0.58368
0.1679 0.88576
0.1701 0.812032
0.1661 0.874496
0.3422 0.582656
0.1554 0.888832
0.1641 0.884736
0.3402 0.580608
0.211 0.827392
0.1572 0.884736
0.1699 0.879616
0.1572 0.833536
0.3509 0.83968
0.3353 0.884736
0.1618 0.886784
0.188 0.89088
0.158 0.830464
0.1592 0.582656
0.1591 0.8192
0.1651 0.883712
0.3156 0.83968
0.3423 0.584704
0.3341 0.888832
0.1643 0.893952
0.1573 0.889856
0.1581 0.886784
0.1585 0.833536
0.1543 0.893952
0.158 0.904192
0.1588 0.8448
0.1532 0.90624
0.1633 0.818176
0.1566 0.842752
0.1573 0.892928
0.1666 0.58368
0.3467 0.89088
0.1813 0.584704
0.1586 0.894976
0.1592 0.584704
0.2366 0.891904
0.1601 0.826368
0.1527 0.80896
0.1556 0.891904
0.1572 0.58368
0.1585 0.822272
0.1562 0.894976
0.1609 0.827392
0.1592 0.815104
0.2617 0.892928
0.2117 0.584704
0.2587 0.888832
0.2395 0.585728
0.1564 0.842752
0.1608 0.818176
0.1542 0.886784
0.1561 0.58368
0.1532 0.581632
0.1538 0.882688
0.1624 0.818176
0.33 0.89088
0.1731 0.892928
0.3457 0.894976
0.1646 0.894976
0.1592 0.893952
0.1598 0.584704
0.1544 0.899072
0.1679 0.805888
0.1965 0.89088
0.1668 0.891904
0.1675 0.8448
0.1562 0.585728
0.1593 0.898048
0.1619 0.89088
0.1607 0.892928
0.1571 0.898048
0.1556 0.896
0.1566 0.891904
0.1573 0.892928
0.1582 0.58368
0.1578 0.883712
0.1698 0.89088
0.154 0.886784
0.1546 0.584704
0.1574 0.58368
0.1581 0.889856
0.1638 0.815104
0.1602 0.807936
0.1549 0.887808
0.1546 0.900096
0.1552 0.89088
0.151 0.584704
0.1596 0.888832
0.1587 0.584704
0.1561 0.898048
0.1586 0.883712
0.1856 0.807936
0.339 0.83456
0.1583 0.883712
0.1571 0.884736
0.1583 0.896
0.1544 0.894976
0.156 0.58368
0.1619 0.891904
0.155 0.585728
0.2379 0.883712
0.1673 0.883712
0.1595 0.585728
0.1576 0.896
0.1664 0.585728
0.1888 0.585728
0.2934 0.889856
0.2246 0.891904
0.1666 0.893952
0.3416 0.887808
0.1738 0.887808
0.1554 0.889856
0.161 0.887808
0.3372 0.897024
0.1641 0.902144
0.1557 0.878592
0.1761 0.585728
0.1647 0.81408
0.2 0.886784
0.3386 0.896
0.1594 0.905216
0.1599 0.894976
0.16 0.830464
0.162 0.8192
0.185 0.910336
0.3636 0.889856
0.1616 0.888832
0.1534 0.888832
0.1614 0.898048
0.3451 0.581632
0.2449 0.893952
0.1619 0.584704
0.3286 0.584704
0.1648 0.888832
0.1614 0.886784
0.1601 0.801792
0.3423 0.837632
0.1564 0.896
0.1659 0.879616
0.1556 0.826368
0.1643 0.897024
0.1535 0.886784
0.1629 0.889856
0.162 0.795648
0.1703 0.889856
0.16 0.58368
0.1566 0.821248
0.3394 0.818176
0.1557 0.89088
0.1585 0.889856
0.1676 0.827392
0.1635 0.806912
0.1558 0.90112
0.3361 0.582656
0.1619 0.891904
0.333 0.900096
0.158 0.584704
0.1972 0.894976
0.3394 0.886784
0.1516 0.887808
0.1627 0.903168
0.1612 0.585728
0.2926 0.813056
0.1548 0.886784
0.1634 0.88576
0.168 0.586752
0.1953 0.581632
0.1601 0.58368
0.1606 0.812032
0.1551 0.58368
0.1575 0.883712
0.1675 0.800768
0.163 0.898048
0.1554 0.887808
0.1647 0.581632
0.156 0.8192
0.1595 0.88064
0.1938 0.899072
0.1564 0.899072
0.1605 0.900096
0.1557 0.817152
0.1626 0.817152
0.1636 0.89088
0.1727 0.889856
0.1553 0.896
0.154 0.882688
0.1617 0.887808
0.1557 0.88576
0.1613 0.818176
0.1678 0.897024
0.1665 0.58368
0.1558 0.815104
0.3359 0.580608
0.3977 0.818176
0.2057 0.886784
0.1684 0.582656
0.3551 0.892928
0.1556 0.837632
0.154 0.878592
0.1577 0.881664
0.1546 0.817152
0.1592 0.822272
0.1569 0.816128
0.1629 0.805888
0.3395 0.806912
0.1604 0.893952
0.1557 0.891904
0.1538 0.898048
0.1579 0.826368
0.1624 0.887808
0.3001 0.892928
0.1892 0.887808
0.158 0.898048
0.1604 0.884736
0.1565 0.8448
0.1605 0.83968
0.2668 0.899072
0.1565 0.586752
0.3609 0.887808
0.161 0.58368
0.1579 0.884736
0.1666 0.896
0.3515 0.89088
0.3398 0.586752
0.1566 0.877568
0.1555 0.806912
0.1625 0.584704
0.1605 0.83968
0.163 0.900096
0.2915 0.882688
0.2505 0.893952
0.1605 0.889856
0.1581 0.891904
0.1597 0.806912
0.1557 0.816128
0.1567 0.888832
0.1563 0.902144
0.1587 0.88576
0.1652 0.58368
0.1595 0.826368
0.1666 0.90112
0.1633 0.88576
0.1625 0.81408
0.3427 0.58368
0.1589 0.899072
0.1614 0.584704
0.1615 0.897024
0.153 0.883712
0.1726 0.585728
0.2272 0.585728
0.1634 0.586752
0.1531 0.884736
0.3394 0.89088
0.1626 0.580608
0.1559 0.58368
0.1592 0.838656
0.154 0.893952
0.1539 0.884736
0.1559 0.893952
0.1617 0.816128
0.1545 0.881664
0.1594 0.886784
0.1577 0.887808
0.1943 0.828416
0.1647 0.815104
0.2645 0.579584
0.2486 0.889856
0.1645 0.897024
0.1631 0.89088
0.1577 0.888832
0.3461 0.840704
0.1637 0.878592
0.162 0.893952
0.16 0.889856
0.1912 0.58368
0.156 0.884736
0.1601 0.893952
0.1575 0.83456
0.1584 0.818176
0.1554 0.892928
0.3342 0.582656
0.1648 0.88576
0.1592 0.582656
0.329 0.884736
0.1665 0.828416
0.164 0.821248
0.1692 0.58368
0.1844 0.889856
0.156 0.887808
0.1683 0.58368
0.3502 0.891904
0.1571 0.90112
0.1595 0.883712
0.1551 0.80384
0.343 0.584704
0.1708 0.581632
0.155 0.882688
0.1621 0.886784
0.1539 0.584704
0.2571 0.87552
0.3031 0.89088
0.2591 0.784384
0.3677 0.582656
0.1616 0.886784
0.2835 0.898048
0.1556 0.90112
0.1556 0.89088
0.1638 0.879616
0.1637 0.81408
0.1552 0.883712
0.1564 0.581632
0.1681 0.897024
0.1603 0.891904
0.1584 0.843776
0.1615 0.821248
0.1607 0.88576
0.258 0.899072
0.1625 0.799744
0.1608 0.882688
0.1648 0.585728
0.158 0.815104
0.151 0.892928
0.1633 0.809984
0.1665 0.887808
0.1532 0.821248
0.2201 0.888832
0.1523 0.898048
0.1614 0.87552
0.1659 0.893952
0.1542 0.896
0.1835 0.58368
0.1573 0.82432
0.1573 0.820224
0.1714 0.58368
0.3478 0.881664
0.3391 0.878592
0.1623 0.883712
0.1598 0.889856
0.1619 0.580608
0.1616 0.891904
0.1633 0.80896
0.1905 0.820224
0.1588 0.886784
0.1624 0.888832
0.1698 0.877568
0.1561 0.582656
0.1614 0.820224
0.1605 0.88576
0.1601 0.582656
0.1597 0.878592
0.1637 0.891904
0.2606 0.820224
0.1591 0.833536
0.1555 0.81408
0.1905 0.821248
0.1691 0.889856
0.1637 0.88576
0.158 0.891904
0.1638 0.822272
0.1575 0.8192
0.1564 0.581632
0.1878 0.876544
0.182 0.823296
0.1881 0.900096
0.3501 0.818176
0.1538 0.584704
0.1611 0.87552
0.1546 0.838656
0.1865 0.813056
0.1608 0.818176
0.1564 0.820224
0.1899 0.902144
0.1598 0.823296
0.1618 0.892928
0.1582 0.888832
0.1543 0.809984
0.2825 0.822272
0.4285 0.881664
0.1564 0.884736
0.3429 0.903168
0.1548 0.807936
0.1536 0.88576
0.1568 0.802816
0.1619 0.889856
0.1539 0.823296
0.1576 0.88576
0.1618 0.807936
0.1571 0.797696
0.1682 0.877568
0.1628 0.889856
0.1566 0.827392
0.1651 0.582656
0.1656 0.884736
0.1614 0.878592
0.1751 0.882688
0.1617 0.897024
0.1667 0.804864
0.162 0.893952
0.1596 0.820224
0.1687 0.823296
