0.3426 0.45056
0.2542 0.45056
0.2451 0.45056
0.1483 0.45056
0.1454 0.453632
0.1748 0.45056
0.1434 0.453632
0.1386 0.446464
0.1448 0.453632
0.1426 0.446464
0.1456 0.871424
0.1498 0.446464
0.1575 0.447488
0.1565 0.45056
0.2179 0.812032
0.3333 0.452608
0.1454 0.452608
0.1481 0.449536
0.1524 0.451584
0.1721 0.451584
0.1511 0.451584
0.1475 0.451584
0.1505 0.446464
0.1855 0.449536
0.1468 0.449536
0.1767 0.453632
0.1666 0.45056
0.1506 0.45056
0.3324 0.448512
0.1507 0.45056
0.1735 0.451584
0.3276 0.448512
0.2016 0.45056
0.1529 0.453632
0.1916 0.452608
0.2027 0.451584
0.1731 0.451584
0.1609 0.45056
0.1636 0.453632
0.3575 0.452608
0.1478 0.45056
0.1546 0.45056
0.1521 0.451584
0.2378 0.452608
0.1462 0.45056
0.2689 0.45056
0.2657 0.45056
0.1493 0.45056
0.3274 0.452608
0.3508 0.45056
0.3021 0.453632
0.3312 0.449536
0.1448 0.452608
0.1536 0.453632
0.1514 0.45056
0.1472 0.45056
0.1524 0.448512
0.1818 0.451584
0.1462 0.45056
0.2861 0.45056
0.1499 0.451584
0.1489 0.45056
0.2122 0.451584
0.1485 0.45056
0.1806 0.45056
0.1459 0.44544
0.1562 0.45056
0.1574 0.451584
0.1493 0.451584
0.1503 0.453632
0.1478 0.45056
0.1943 0.447488
0.1565 0.452608
0.1462 0.452608
0.1532 0.454656
0.1618 0.45056
0.147 0.453632
0.1525 0.451584
0.1453 0.452608
0.157 0.453632
0.1821 0.45056
0.3359 0.451584
0.1456 0.45056
0.1501 0.451584
0.1456 0.451584
0.1473 0.453632
0.2799 0.454656
0.1501 0.449536
0.1956 0.451584
0.1511 0.451584
0.1474 0.45056
0.1489 0.451584
0.1497 0.451584
0.147 0.452608
0.1925 0.449536
0.1607 0.451584
0.1454 0.449536
0.1511 0.452608
0.1783 0.451584
0.1512 0.451584
0.3296 0.449536
0.1529 0.452608
0.1477 0.453632
0.1474 0.452608
0.151 0.45056
0.1507 0.45056
0.1704 0.45056
0.1734 0.452608
0.1479 0.45056
0.1699 0.451584
0.1495 0.448512
0.1703 0.451584
0.1515 0.451584
0.1974 0.45056
0.1513 0.451584
0.1519 0.451584
0.148 0.452608
0.1436 0.449536
0.1465 0.448512
0.1756 0.448512
0.1472 0.448512
0.1484 0.447488
0.1522 0.448512
0.2653 0.45056
0.1651 0.444416
0.1557 0.44544
0.1699 0.449536
0.1462 0.449536
0.26 0.448512
0.1883 0.44544
0.1492 0.446464
0.1513 0.449536
0.1544 0.449536
0.1502 0.446464
0.1469 0.448512
0.1548 0.448512
0.3395 0.449536
0.3417 0.447488
0.1539 0.446464
0.1742 0.446464
0.1478 0.448512
0.1533 0.449536
0.3233 0.448512
0.1548 0.45056
0.1532 0.447488
0.1594 0.447488
0.1438 0.446464
0.3169 0.448512
0.3375 0.447488
0.1497 0.446464
0.1637 0.447488
0.3276 0.447488
0.1608 0.44544
0.15 0.447488
0.1522 0.447488
0.1514 0.446464
0.1556 0.44544
0.1484 0.45056
0.1515 0.448512
0.1582 0.446464
0.1538 0.446464
0.1842 0.448512
0.1492 0.449536
0.1568 0.44544
0.1451 0.446464
0.144 0.448512
0.1559 0.448512
0.1436 0.447488
0.1491 0.446464
0.1527 0.447488
0.1818 0.448512
0.1517 0.447488
0.352 0.447488
0.1711 0.449536
0.151 0.448512
0.3205 0.448512
0.1536 0.448512
0.146 0.448512
0.1457 0.446464
0.1496 0.45056
0.1509 0.446464
0.1455 0.45056
0.1905 0.446464
0.1499 0.448512
0.1579 0.447488
0.2012 0.451584
0.1513 0.446464
0.1642 0.447488
0.1524 0.446464
0.151 0.449536
0.1474 0.446464
0.1526 0.448512
0.1598 0.449536
0.1462 0.448512
0.1839 0.45056
0.1761 0.446464
0.1505 0.451584
0.1643 0.448512
0.1495 0.44544
0.2813 0.448512
0.2326 0.446464
0.1686 0.446464
0.1543 0.448512
0.2195 0.452608
0.1492 0.447488
0.1507 0.447488
0.146 0.448512
0.1481 0.44544
0.1451 0.448512
0.1643 0.447488
0.1476 0.449536
0.1528 0.447488
0.1537 0.444416
0.1506 0.44544
0.1493 0.447488
0.1475 0.448512
0.1449 0.45056
0.1483 0.444416
0.1515 0.447488
0.1504 0.448512
0.1478 0.447488
0.1577 0.447488
0.149 0.446464
0.1501 0.45056
0.3282 0.444416
0.1529 0.44544
0.1488 0.444416
0.1529 0.446464
0.1587 0.44544
0.1515 0.444416
0.1526 0.447488
0.1493 0.446464
0.1496 0.44544
0.1929 0.446464
0.1572 0.44544
0.163 0.44544
0.2003 0.447488
0.1473 0.448512
0.1986 0.446464
0.1504 0.448512
0.1512 0.446464
0.1486 0.444416
0.1494 0.446464
0.1805 0.446464
0.1495 0.447488
0.1503 0.448512
0.2744 0.44544
0.1595 0.447488
0.1449 0.448512
0.1533 0.446464
0.1502 0.446464
0.1502 0.44544
0.1519 0.448512
0.1485 0.44544
0.155 0.449536
0.1492 0.44544
0.1466 0.447488
0.1487 0.448512
0.1494 0.446464
0.1571 0.446464
0.2837 0.448512
0.1544 0.44544
0.1494 0.446464
0.149 0.448512
0.1519 0.446464
0.1481 0.448512
0.1473 0.446464
0.1495 0.444416
0.1468 0.446464
0.2217 0.446464
0.1457 0.444416
0.1546 0.446464
0.3474 0.448512
0.1482 0.449536
0.1468 0.447488
0.1519 0.449536
0.1485 0.447488
0.2441 0.447488
0.1514 0.44544
0.1558 0.45056
0.1573 0.447488
0.1506 0.449536
0.1494 0.446464
0.1478 0.448512
0.1462 0.446464
0.1477 0.448512
0.155 0.446464
0.1491 0.448512
0.1517 0.446464
0.2358 0.443392
0.1538 0.449536
0.145 0.446464
0.1528 0.444416
0.3266 0.446464
0.1479 0.446464
0.1605 0.449536
0.1455 0.44544
0.1523 0.448512
0.1458 0.449536
0.1557 0.446464
0.2906 0.446464
0.1842 0.446464
0.1462 0.44544
0.1676 0.446464
0.1432 0.447488
0.1485 0.448512
0.15 0.446464
0.3208 0.446464
0.1433 0.446464
0.1459 0.44544
0.1608 0.446464
0.2769 0.446464
0.1465 0.447488
0.1583 0.448512
0.3401 0.449536
0.1451 0.446464
0.1503 0.446464
0.1463 0.448512
0.1468 0.448512
0.1465 0.447488
0.3338 0.447488
0.165 0.449536
0.1602 0.446464
0.1483 0.446464
0.2388 0.448512
0.1491 0.45056
0.1504 0.447488
0.1493 0.446464
0.1508 0.44544
0.1513 0.444416
0.1483 0.447488
0.1499 0.447488
0.1453 0.447488
0.1546 0.45056
0.1462 0.448512
0.1654 0.443392
0.2919 0.448512
0.149 0.44544
0.1511 0.448512
0.1499 0.44544
0.1753 0.447488
0.1482 0.447488
0.1452 0.44544
0.1907 0.448512
0.1475 0.447488
0.1473 0.44544
0.1515 0.446464
0.1555 0.448512
0.1492 0.447488
0.1531 0.447488
0.1475 0.449536
0.1502 0.452608
0.1456 0.45056
0.1475 0.443392
0.1481 0.45056
0.1472 0.451584
0.1459 0.449536
0.1515 0.449536
0.1497 0.448512
0.1672 0.449536
0.1535 0.451584
0.3495 0.449536
0.1511 0.45056
0.1465 0.45056
0.1443 0.451584
0.1848 0.449536
0.1556 0.448512
0.1491 0.449536
0.1483 0.452608
0.1475 0.448512
0.1508 0.447488
0.1499 0.449536
0.1464 0.451584
0.1512 0.449536
0.235 0.45056
0.2405 0.447488
0.2031 0.449536
0.146 0.451584
0.1526 0.447488
0.1513 0.448512
0.1572 0.45056
0.1496 0.452608
0.1673 0.448512
0.1499 0.45056
0.1511 0.449536
0.1543 0.448512
0.1575 0.452608
0.1483 0.451584
0.1522 0.449536
0.145 0.448512
0.1497 0.449536
0.36 0.449536
0.1517 0.448512
0.1446 0.451584
0.1444 0.45056
0.1614 0.448512
0.143 0.448512
0.1684 0.449536
0.219 0.447488
0.3419 0.451584
0.1483 0.45056
0.145 0.45056
0.1468 0.451584
0.1491 0.449536
0.1443 0.45056
0.1464 0.45056
0.1418 0.451584
0.1454 0.448512
0.145 0.449536
0.146 0.448512
0.1492 0.449536
0.1764 0.449536
0.1508 0.45056
0.1511 0.45056
0.3319 0.447488
0.3322 0.448512
0.1486 0.45056
0.1498 0.449536
0.1464 0.449536
0.1489 0.451584
0.1488 0.448512
0.1498 0.449536
0.1479 0.449536
0.1554 0.449536
0.1505 0.448512
0.1491 0.448512
0.1511 0.451584
0.1537 0.449536
0.1463 0.449536
0.1466 0.451584
0.1492 0.45056
0.1503 0.449536
0.1498 0.451584
0.1487 0.45056
0.1476 0.449536
0.1494 0.449536
0.1541 0.448512
0.1525 0.45056
0.1444 0.449536
0.1492 0.449536
0.1527 0.448512
0.1578 0.449536
0.3097 0.449536
0.1504 0.449536
0.1691 0.45056
0.1476 0.45056
0.1526 0.451584
0.1641 0.451584
0.198 0.449536
0.1432 0.448512
0.1515 0.449536
0.1458 0.45056
0.1462 0.451584
0.1449 0.45056
0.1579 0.451584
0.1695 0.449536
0.1996 0.451584
0.1698 0.45056
0.2035 0.449536
0.307 0.448512
0.1493 0.449536
0.2308 0.449536
0.1455 0.448512
0.1478 0.45056
0.2377 0.448512
0.1451 0.451584
0.1479 0.448512
0.2037 0.449536
0.1478 0.45056
0.1556 0.449536
0.3361 0.45056
0.2124 0.449536
0.1461 0.448512
0.1489 0.449536
0.1486 0.448512
0.1495 0.448512
0.1489 0.447488
0.1473 0.448512
0.1539 0.453632
0.2167 0.448512
0.1465 0.448512
0.146 0.449536
0.1594 0.448512
0.145 0.449536
0.3209 0.448512
0.1507 0.453632
0.1522 0.45056
0.1597 0.452608
0.2229 0.449536
0.147 0.449536
0.1482 0.45056
0.1531 0.45056
0.1486 0.449536
0.1801 0.449536
0.1481 0.45056
0.1521 0.452608
0.1542 0.449536
0.1564 0.45056
0.1503 0.45056
0.3153 0.45056
0.1512 0.446464
0.1493 0.448512
0.1493 0.451584
0.1703 0.45056
0.1453 0.45056
0.1512 0.449536
0.2054 0.449536
0.4432 0.449536
0.1533 0.447488
0.1456 0.449536
0.1444 0.448512
0.1453 0.448512
0.1451 0.45056
0.1445 0.449536
0.1475 0.449536
0.3431 0.448512
0.3323 0.449536
0.1495 0.453632
0.1476 0.451584
0.2856 0.449536
0.1659 0.449536
0.1544 0.448512
0.2468 0.448512
0.1502 0.45056
0.142 0.453632
0.2648 0.45056
0.1593 0.449536
0.145 0.449536
0.1508 0.45056
0.1526 0.452608
0.1481 0.451584
0.144 0.447488
0.1542 0.448512
0.1502 0.449536
0.1478 0.449536
0.1488 0.447488
0.1482 0.452608
0.1463 0.449536
0.1469 0.449536
0.1473 0.449536
0.1474 0.45056
0.1505 0.45056
0.145 0.451584
0.149 0.446464
0.1557 0.449536
0.1471 0.45056
0.4127 0.449536
0.2572 0.45056
0.3271 0.45056
0.1514 0.451584
0.1559 0.449536
0.1543 0.45056
0.1522 0.45056
0.1498 0.45056
0.1443 0.45056
0.1674 0.45056
0.1444 0.45056
0.1469 0.45056
0.1514 0.45056
0.1515 0.449536
0.1466 0.45056
0.1564 0.451584
0.1456 0.449536
0.2278 0.45056
0.1509 0.45056
0.1459 0.449536
0.1507 0.449536
0.1497 0.448512
0.1479 0.449536
0.1458 0.452608
0.3372 0.451584
0.1497 0.448512
0.1491 0.451584
0.148 0.449536
0.1515 0.451584
0.1479 0.45056
0.1487 0.449536
0.1555 0.452608
0.1479 0.45056
0.1491 0.45056
0.15 0.451584
0.1485 0.451584
0.1496 0.45056
0.155 0.449536
0.1493 0.449536
0.1492 0.449536
0.1482 0.453632
0.1487 0.451584
0.149 0.449536
0.1481 0.45056
0.1968 0.45056
0.1465 0.448512
0.1621 0.451584
0.157 0.453632
0.1517 0.449536
0.1495 0.45056
0.1484 0.452608
0.3548 0.45056
0.1469 0.45568
0.3299 0.451584
0.1616 0.452608
0.1449 0.454656
0.1478 0.452608
0.1584 0.449536
0.1476 0.451584
0.1666 0.45056
0.2801 0.452608
0.1487 0.451584
0.1455 0.45056
0.1527 0.449536
0.1455 0.452608
0.1598 0.451584
0.1471 0.45056
0.3395 0.451584
0.1635 0.45056
0.1481 0.45056
0.3249 0.453632
0.1709 0.45056
0.1477 0.449536
0.1496 0.451584
0.1468 0.45056
0.1482 0.453632
0.1488 0.45056
0.1503 0.453632
0.1505 0.45056
0.1442 0.45056
0.1487 0.451584
0.1818 0.453632
0.1473 0.449536
0.1487 0.451584
0.1468 0.451584
0.1495 0.452608
0.1464 0.45056
0.1523 0.448512
0.152 0.449536
0.2312 0.45056
0.1445 0.451584
0.1488 0.452608
0.152 0.451584
0.1495 0.45056
0.1667 0.45056
0.1488 0.451584
0.3361 0.452608
0.1467 0.454656
0.1456 0.451584
0.1482 0.45056
0.1457 0.452608
0.3196 0.451584
0.1561 0.452608
0.1496 0.452608
0.1485 0.451584
0.2392 0.451584
0.1515 0.452608
0.1473 0.45568
0.3252 0.451584
0.1577 0.45056
0.1445 0.453632
0.2198 0.453632
0.1464 0.452608
0.1561 0.451584
0.2542 0.451584
0.149 0.45056
0.3252 0.448512
0.1476 0.453632
0.2222 0.453632
0.3362 0.45056
0.2982 0.453632
0.149 0.453632
0.1518 0.45056
0.1468 0.452608
0.1467 0.451584
0.1457 0.451584
0.2728 0.454656
0.2919 0.45056
0.1632 0.454656
0.3312 0.452608
0.1526 0.449536
0.1483 0.451584
0.1477 0.447488
0.1511 0.45056
0.1459 0.447488
0.1456 0.448512
0.1475 0.447488
0.159 0.446464
0.1532 0.448512
0.2341 0.446464
0.3339 0.444416
0.1494 0.446464
0.1514 0.444416
0.1489 0.443392
0.1495 0.443392
0.1461 0.44544
0.1522 0.443392
0.1737 0.444416
0.1451 0.44544
0.161 0.444416
0.1487 0.444416
0.1865 0.442368
0.2378 0.443392
0.1514 0.444416
0.1542 0.446464
0.153 0.444416
0.1481 0.444416
0.1539 0.443392
0.1657 0.443392
0.1483 0.44544
0.1472 0.443392
0.3366 0.443392
0.146 0.443392
0.1455 0.443392
0.2608 0.443392
0.1506 0.441344
0.1462 0.443392
0.1639 0.439296
0.1826 0.441344
0.1529 0.44032
0.1475 0.441344
0.1509 0.437248
0.1472 0.439296
0.147 0.438272
0.1491 0.436224
0.1469 0.439296
0.1478 0.439296
0.1473 0.441344
0.1501 0.437248
0.1468 0.439296
0.1779 0.439296
0.1511 0.439296
0.1484 0.442368
0.1466 0.438272
0.1489 0.439296
0.3357 0.437248
0.1491 0.439296
0.1619 0.44032
0.1506 0.436224
0.1497 0.437248
0.1477 0.438272
0.147 0.438272
0.1466 0.439296
0.1931 0.436224
0.1453 0.439296
0.1495 0.439296
0.1507 0.436224
0.3229 0.438272
0.1508 0.439296
0.1438 0.437248
0.1504 0.4352
0.1443 0.437248
0.1496 0.433152
0.1484 0.43008
0.1487 0.434176
0.1836 0.432128
0.2548 0.431104
0.1443 0.431104
0.147 0.431104
0.226 0.431104
0.1551 0.432128
0.1463 0.429056
0.1792 0.431104
0.1465 0.433152
0.1565 0.433152
0.1443 0.43008
0.1482 0.43008
0.1484 0.432128
0.3389 0.434176
0.148 0.43008
0.1492 0.433152
0.1517 0.428032
0.152 0.432128
0.148 0.431104
0.2453 0.43008
0.1579 0.431104
0.1486 0.432128
0.1462 0.425984
0.1471 0.432128
0.1566 0.431104
0.1461 0.43008
0.1458 0.432128
0.1511 0.433152
0.3317 0.427008
0.1476 0.432128
0.1485 0.4352
0.1818 0.432128
0.3471 0.433152
0.1508 0.432128
0.1542 0.43008
0.1967 0.433152
0.1603 0.432128
0.1555 0.4352
0.1552 0.434176
0.1599 0.431104
0.2064 0.432128
0.1514 0.431104
0.3117 0.431104
0.3345 0.434176
0.3435 0.433152
0.1932 0.43008
0.1864 0.431104
0.1486 0.432128
0.1478 0.431104
0.1473 0.432128
0.1557 0.431104
0.1485 0.431104
0.1566 0.432128
0.1489 0.43008
0.1476 0.429056
0.178 0.432128
0.2298 0.432128
0.1524 0.431104
0.3184 0.433152
0.1465 0.431104
0.1458 0.431104
0.3196 0.432128
0.1622 0.433152
0.1462 0.437248
0.1595 0.434176
0.1517 0.43008
0.1642 0.431104
0.1484 0.43008
0.1601 0.431104
0.1484 0.436224
0.1496 0.431104
0.1496 0.432128
0.1505 0.433152
0.1586 0.428032
0.1462 0.43008
0.1499 0.433152
0.151 0.432128
0.1433 0.433152
0.147 0.432128
0.2225 0.432128
0.1619 0.43008
0.1857 0.428032
0.2001 0.43008
0.1868 0.43008
0.1511 0.431104
0.1461 0.433152
0.1802 0.432128
0.1508 0.432128
0.1456 0.43008
0.1487 0.434176
0.1476 0.43008
0.1439 0.432128
0.2714 0.43008
0.1533 0.433152
0.233 0.434176
0.1781 0.432128
0.3285 0.431104
0.364 0.432128
0.1502 0.432128
0.1519 0.43008
0.3373 0.43008
0.1501 0.43008
0.1501 0.43008
0.1556 0.432128
0.1535 0.431104
0.1497 0.431104
0.3445 0.43008
0.1488 0.43008
0.247 0.432128
0.1753 0.431104
0.1467 0.434176
0.16 0.428032
0.1491 0.429056
0.1482 0.432128
0.156 0.432128
0.1469 0.429056
0.3497 0.432128
0.2217 0.431104
0.1485 0.429056
0.1481 0.431104
0.1485 0.433152
0.3282 0.431104
0.1449 0.431104
0.1474 0.432128
0.1512 0.43008
0.1485 0.432128
0.33 0.431104
0.1527 0.432128
0.1579 0.43008
0.1605 0.43008
0.3282 0.431104
0.3364 0.431104
0.1525 0.431104
0.1518 0.432128
0.3201 0.432128
0.1459 0.425984
0.1461 0.43008
0.1487 0.433152
0.1482 0.429056
0.154 0.431104
0.3273 0.432128
0.314 0.433152
0.1535 0.433152
0.1515 0.43008
0.1459 0.433152
0.1529 0.43008
0.1481 0.434176
0.1519 0.432128
0.15 0.431104
0.1458 0.433152
0.1512 0.432128
0.1478 0.43008
0.1609 0.432128
0.1495 0.432128
0.35 0.434176
0.1595 0.432128
0.2105 0.428032
0.3248 0.432128
0.2614 0.431104
0.1447 0.431104
0.1453 0.4352
0.1453 0.43008
0.1456 0.433152
0.1451 0.43008
0.1438 0.43008
0.3405 0.432128
0.2567 0.434176
0.1507 0.434176
0.2324 0.431104
0.1548 0.431104
0.1461 0.43008
0.1466 0.432128
0.1636 0.431104
0.1491 0.431104
0.1493 0.431104
0.1515 0.433152
0.1451 0.431104
0.3419 0.431104
0.1505 0.433152
0.1484 0.433152
0.156 0.43008
0.1468 0.432128
0.1509 0.43008
0.1508 0.43008
0.147 0.432128
0.1483 0.432128
0.3222 0.431104
0.1757 0.4352
0.1448 0.432128
0.1492 0.432128
0.25 0.432128
0.1618 0.434176
0.1495 0.431104
0.1515 0.431104
0.1489 0.432128
0.1457 0.432128
0.1484 0.434176
0.147 0.431104
0.1534 0.432128
0.1657 0.43008
0.1492 0.43008
0.3413 0.429056
0.1743 0.432128
0.1704 0.431104
0.1555 0.432128
0.1424 0.429056
0.146 0.429056
0.1499 0.431104
0.1733 0.434176
0.1462 0.432128
0.1483 0.432128
0.1536 0.432128
0.1935 0.425984
0.1738 0.432128
0.2093 0.43008
0.1802 0.433152
0.156 0.433152
0.1485 0.431104
0.1463 0.428032
0.1451 0.433152
0.1502 0.434176
0.1699 0.432128
0.1501 0.43008
0.1439 0.43008
0.1594 0.432128
0.1466 0.429056
0.3236 0.429056
0.1611 0.431104
0.1506 0.43008
0.2185 0.433152
0.1522 0.431104
0.1534 0.433152
0.1749 0.431104
0.159 0.434176
0.1705 0.43008
0.2116 0.432128
0.1558 0.431104
0.1519 0.433152
0.2478 0.433152
0.1897 0.43008
0.1561 0.43008
0.1579 0.431104
0.152 0.429056
0.1501 0.432128
0.1594 0.431104
0.1496 0.431104
0.1475 0.432128
0.1481 0.433152
0.2443 0.432128
0.1505 0.43008
0.1518 0.433152
0.1521 0.431104
0.266 0.432128
0.1997 0.428032
0.1524 0.433152
0.1583 0.43008
0.1474 0.431104
0.1511 0.429056
0.1615 0.431104
0.2908 0.431104
0.2046 0.429056
0.3984 0.436224
0.1599 0.434176
0.1541 0.433152
0.1528 0.432128
0.158 0.433152
0.1472 0.431104
0.2058 0.433152
0.1505 0.433152
0.1503 0.433152
0.1439 0.431104
0.3327 0.434176
0.1466 0.432128
