0.5506 1.71418
0.7347 1.9671
0.7099 1.71418
0.7338 1.9671
0.4148 1.72646
0.336 1.96301
0.3679 1.72646
0.3507 1.96301
0.2876 1.72646
0.3479 1.96301
0.4855 1.8473
0.3644 1.93126
0.6932 1.6855
0.9696 1.59027
0.3747 1.99066
0.3413 1.97222
0.3814 1.70701
0.3438 1.70701
0.3709 1.97837
0.3467 1.72237
0.3508 1.94662
0.3561 2.05005
0.3718 1.99885
0.5007 1.97018
0.4358 1.70701
0.3373 2.00294
0.3361 1.96608
0.3424 1.71827
0.3483 1.96915
0.3416 2.01216
0.7007 1.95174
0.3526 1.97222
0.3413 1.97018
0.7035 1.96301
0.3431 1.94765
0.4436 1.96096
0.7296 1.71008
0.3538 1.71213
0.5165 1.7152
0.3463 1.71827
0.353 1.70803
0.374 1.97427
0.3464 1.94458
0.3453 1.95379
0.3548 1.98656
0.3405 1.95994
0.3471 1.7367
0.3372 1.95379
0.7954 1.9753
0.3454 1.71725
0.3723 1.70906
0.3957 1.70598
0.3978 1.96608
0.3494 1.71827
0.623 1.71725
0.3978 1.70496
0.3392 1.71725
0.357 1.96403
0.4217 1.71622
0.3421 1.95584
0.3431 1.71213
0.7054 1.7193
0.3545 2.01523
0.3697 1.98246
0.3397 1.69882
0.3991 1.70701
0.3555 1.95789
0.3407 1.96301
0.3511 1.71827
0.3496 1.97222
0.3372 1.98144
0.3517 1.96915
0.3411 1.7152
0.3922 1.95072
0.5093 1.96403
0.6575 1.9712
0.3506 1.95994
0.3378 1.96813
0.3453 1.95994
0.3945 1.94355
0.3364 1.98656
0.3384 1.97837
0.3999 1.70906
0.3651 1.95379
0.3726 2.00192
0.7842 1.70496
0.4414 1.95994
0.3439 1.95584
0.3463 1.9671
0.3436 1.97427
0.3414 1.69779
0.3693 1.95482
0.3515 2.02957
0.3473 1.95584
0.3453 1.97632
0.3714 2.01626
0.4055 1.95789
0.3463 1.95584
0.5158 1.71213
0.346 1.9968
0.3414 1.96506
0.3596 1.97837
0.7026 1.70803
0.3416 1.9712
0.3457 1.98554
0.3416 1.97427
0.3676 2.00602
0.3436 1.98554
0.3449 1.96403
0.351 1.70906
0.3443 1.97018
0.3546 1.95789
0.3639 1.72032
0.6695 1.96608
0.3579 1.93434
0.3484 2.00806
0.3487 1.7152
0.7549 1.9968
0.3457 1.71622
0.3502 1.71008
0.356 1.96915
0.3814 1.94458
0.3521 1.71008
0.3767 1.93434
0.3387 1.72134
0.4461 2.01318
0.6138 1.95174
0.3506 1.94458
0.3487 2.01626
0.3385 1.99066
0.3576 1.69984
0.7166 2.00704
0.7485 1.69267
0.6251 1.98042
0.3603 1.99987
0.3577 1.93638
0.3444 1.95686
0.3415 1.69677
0.3486 2.00909
0.3597 1.99885
0.3382 1.99578
0.3379 1.69574
0.3742 1.94048
0.3596 1.69574
0.3485 1.9415
0.7928 1.70496
0.3412 1.7111
0.3481 1.99885
0.344 1.96096
0.3442 1.70086
0.3447 1.93638
0.3378 1.68448
0.3409 1.67219
0.6668 1.95174
0.3982 2.00294
0.3406 1.93946
0.9318 1.70803
0.3716 1.92922
0.5254 1.98656
0.7841 1.95686
0.7309 1.95174
0.6945 1.94458
0.3536 1.95482
0.3413 1.96301
0.3896 1.69882
0.3699 1.93843
0.3421 1.94355
0.3444 1.9671
0.4046 1.96096
0.3437 1.9415
0.478 1.93638
0.3743 1.97222
0.3495 1.68038
0.3652 1.69062
0.3333 1.68858
0.3382 1.67936
0.3397 1.94867
0.3433 1.93229
0.3571 1.99578
0.3416 1.68755
0.3381 1.94048
0.3447 1.68141
0.3383 1.90874
0.3439 1.94765
0.6231 1.67834
0.4142 1.9241
0.3621 1.9241
0.3436 1.91283
0.3697 1.6937
0.3384 1.94458
0.3653 1.94048
0.3411 1.9497
0.371 1.98963
0.341 1.96096
0.3786 1.68448
0.3521 1.98349
0.3428 1.98554
0.3449 1.92819
0.7392 1.92819
0.3384 1.92102
0.3427 1.67936
0.3622 1.69062
0.7869 1.6855
0.375 1.91693
0.6497 1.68038
0.3477 1.93536
0.3579 1.93126
0.3683 1.68141
0.3692 1.67629
0.3539 1.93843
0.3571 1.64557
0.7755 1.66502
0.3531 1.90771
0.3402 1.90669
0.3442 1.64864
0.428 1.6384
0.5497 1.91283
0.3473 1.89747
0.3409 1.8985
0.5806 1.65786
0.3456 1.66093
0.3448 1.94765
0.6438 1.65786
0.3827 1.68038
0.3433 1.90362
0.3444 1.93536
0.6795 1.8944
0.3522 1.64352
0.3472 1.89645
0.3504 1.68653
0.4331 1.68243
0.3444 1.91693
0.3433 1.67526
0.3646 1.90566
0.3449 1.88006
0.343 1.90669
0.3725 1.64147
0.3459 1.65786
0.3467 1.87699
0.343 1.67014
0.3473 1.89542
0.3401 1.8903
0.3432 1.64352
0.3556 1.94867
0.3779 1.91795
0.3369 1.92205
0.3825 1.65888
0.3471 1.67219
0.3435 1.94253
0.3463 1.93843
0.7126 1.88928
0.3403 1.65171
0.339 1.66093
0.3467 1.88109
0.3448 1.8903
0.4732 1.89952
0.3467 1.90566
0.3846 1.88314
0.3436 1.89645
0.3447 1.90054
0.4277 1.69062
0.343 1.91693
0.3371 1.88314
0.371 1.6599
0.3475 1.89952
0.3408 1.89338
0.3534 1.90054
0.4128 1.91386
0.3525 1.65171
0.66 1.91488
0.3509 1.91283
0.3877 1.92922
0.3544 1.89645
0.6898 1.8944
0.6841 1.67322
0.3429 1.66912
0.6766 1.67834
0.3367 1.67834
0.3744 1.92102
0.3395 1.90464
0.5238 1.65786
0.3416 1.88416
0.3727 1.93024
0.3456 1.95584
0.3628 1.6681
0.389 1.65376
0.3409 1.93946
0.646 1.88723
0.6101 1.89338
0.3677 1.89952
0.9715 1.93946
0.3546 1.91181
0.8075 1.8729
0.358 1.96403
0.6228 1.94355
0.711 1.89952
0.713 1.90566
0.7451 1.89235
0.6996 1.91078
0.7028 1.93638
0.3366 1.89542
0.3724 1.92512
0.3858 1.95686
0.3455 1.95584
0.3446 1.90669
0.3515 1.65478
0.8915 1.91488
0.3393 1.91283
0.3452 1.90362
0.349 1.89542
0.3456 1.64966
0.3426 1.88723
0.3403 1.93638
0.3417 1.90464
0.3477 1.97632
0.703 1.90566
0.3524 1.67731
0.3562 1.89542
0.678 1.92102
0.3407 1.89952
0.3435 1.87904
0.3453 1.64659
0.6513 1.66605
0.4634 1.66298
0.3626 1.92819
0.3705 1.89133
0.3412 1.90976
0.3391 1.89542
0.3779 1.91181
0.4368 1.93331
0.3558 1.8985
0.3489 1.91078
0.3436 1.64352
0.3441 1.90669
0.3358 1.65478
0.3526 1.94867
0.6733 1.96813
0.3665 1.6599
0.3421 1.92205
0.3429 1.93741
0.3679 1.88518
0.475 1.64659
0.4417 1.95379
0.3426 1.64864
0.7213 1.88518
0.4046 1.9241
0.3412 1.90874
0.3378 1.94253
0.3774 1.90362
0.3374 1.66502
0.3506 1.90464
0.4815 1.91898
0.4075 1.92819
0.5715 1.90259
0.3456 1.65376
0.4364 1.6681
0.3431 1.92922
0.3433 1.90259
0.3419 1.67424
0.3392 1.89952
0.344 1.90362
0.3403 1.67834
0.3434 1.90976
0.3766 1.89952
0.339 1.65478
0.4 1.9159
0.8054 1.92205
0.5599 1.65888
0.3549 1.66912
0.4461 1.6599
0.3459 1.6384
0.3473 1.92205
0.6989 1.67834
0.3991 1.91283
0.6494 1.91795
0.3886 1.91898
0.3645 1.90771
0.4001 1.95277
0.3449 1.91078
0.7055 1.95072
0.3393 1.88723
0.3826 1.90771
0.3846 1.88928
0.8102 1.91386
0.739 1.8944
0.7032 1.92717
0.3743 1.90157
0.7096 1.89542
0.7453 1.93024
0.578 1.8944
0.4893 1.86163
0.7263 1.6855
0.3504 1.91283
0.3568 1.90157
0.869 1.88826
0.3625 1.91283
0.9216 1.88211
0.3541 1.65581
0.6825 1.94662
0.7583 1.89133
0.3445 1.93434
0.5359 1.90771
0.3532 1.64147
0.3563 1.92819
0.6137 1.8903
0.3745 1.90874
0.3703 1.9159
0.3542 1.94662
0.3798 1.91181
0.3451 1.91693
0.4546 1.94765
1.0678 1.65069
0.3998 1.66502
0.3646 1.93741
0.8183 1.88928
0.7183 1.90976
0.3746 1.66195
0.3605 1.94662
0.3566 1.65376
0.3487 1.90157
0.652 1.66502
0.3497 1.92
0.3725 1.90669
0.3607 1.93229
0.7716 1.90669
0.5977 1.64762
0.604 2.09715
0.6861 1.8903
0.3677 1.93434
0.354 1.9241
0.3512 1.88621
0.3442 1.6425
0.3438 1.64864
0.3708 1.9497
0.3412 1.6425
0.3446 1.90874
0.3416 1.90874
0.3419 1.92
0.7451 1.65171
0.6238 1.64454
0.3434 1.67424
0.371 1.9159
0.387 1.92922
0.5929 1.88416
0.6182 1.93946
0.7813 1.91795
0.3482 1.91488
0.352 1.91488
0.7202 1.8985
0.3513 1.90976
0.4335 1.89338
0.6902 1.91078
0.343 1.64966
0.7052 1.89747
0.3428 1.95072
0.3775 1.91181
0.7045 1.95379
0.3496 1.91283
0.353 1.93126
0.7444 1.93434
0.7039 1.90259
0.3567 1.93843
0.3472 1.91078
0.3518 1.64966
0.3613 1.90771
0.3449 1.92
0.3455 1.98861
0.3531 1.67834
0.3507 1.92819
0.7194 1.9497
0.3442 1.68653
0.3856 1.93946
0.3446 1.94662
0.3495 1.9456
0.6584 1.96198
0.4919 1.96915
0.3559 1.97837
0.6494 1.94253
0.3481 1.94355
0.3407 1.95584
0.3425 1.96403
0.7091 1.97222
0.3413 1.94048
0.3452 2.00806
0.4054 1.99066
0.3421 1.96608
0.3893 1.96813
0.5105 1.98246
0.3508 2.00704
0.7159 2.03366
0.3444 1.94867
0.369 1.94765
0.4056 1.96506
0.3376 1.94765
0.3441 1.96096
0.7065 1.94355
0.344 1.94867
0.3439 1.95482
0.6699 1.70496
0.3367 1.70906
0.5741 2.0224
0.5282 1.96915
0.385 1.9753
0.7957 1.93843
0.3594 1.95584
0.3694 1.95482
0.3424 1.96403
0.3427 1.70394
0.3457 1.95891
0.3471 1.69472
0.3388 1.96301
0.3477 1.95379
0.3703 1.70803
0.707 1.71213
0.34 1.99168
0.3513 1.99987
0.4047 1.98963
0.412 1.95686
0.3435 1.94253
0.3483 1.71315
0.3419 1.96915
0.3417 1.95584
0.3655 1.71725
0.6031 1.96198
0.7012 1.94867
0.4965 1.95482
0.357 1.93126
0.3481 1.95482
0.3575 1.94253
0.3516 1.70906
0.3428 1.69574
0.6674 1.71725
0.3475 1.70496
0.3527 1.95891
0.709 1.95277
0.3575 1.99885
0.3433 1.99168
0.4614 2.00806
0.3529 2.03366
0.3484 1.9927
0.3652 1.95789
0.3497 1.95994
0.4595 1.99885
0.3607 1.95277
0.3411 1.98042
0.3362 2.00602
0.5904 1.94458
0.3386 1.95174
0.3474 1.68858
0.3503 1.95584
0.7763 1.71008
0.3727 2.0224
0.349 1.95994
0.3801 1.98554
0.3467 1.97632
0.3481 1.96915
0.3465 1.95379
0.3365 1.98349
0.3585 1.71827
0.3337 1.97018
0.348 1.7111
0.9227 1.97837
0.7005 1.99475
0.3488 2.01011
0.7582 1.98656
0.3432 1.72032
0.3456 1.7152
0.3467 1.71213
0.364 1.96506
0.7055 1.9712
0.348 2.01728
0.3473 1.72749
0.693 2.02445
0.3717 1.7193
0.7276 1.95891
0.6544 2.02752
0.3729 1.9753
0.345 1.9712
0.3469 1.98246
0.7167 1.96198
0.3468 1.95277
0.3459 1.95891
0.3434 1.9497
0.3462 1.94355
0.3465 1.92922
0.3482 1.67219
0.5515 1.93946
0.8592 1.6855
0.3504 1.9712
0.3614 1.68141
0.3394 1.99066
0.3358 1.93331
0.7098 1.93331
0.4279 1.69267
0.3609 1.98246
0.3487 1.67117
0.3465 1.98861
0.3441 1.93843
0.3512 1.68755
0.3531 1.70086
0.3523 1.66707
0.3751 1.92717
0.8061 1.6681
0.3726 1.68653
0.3431 1.9456
0.3416 1.68346
0.4139 1.9241
0.3407 1.93434
0.3393 1.67117
0.4039 1.95072
0.9117 1.87494
0.3634 1.88109
0.3528 1.62099
0.3421 1.8647
0.3489 1.5657
0.3559 1.56467
0.3403 1.82784
0.3482 1.78278
0.6125 1.77254
0.3406 1.80019
0.346 1.77152
0.3476 1.83501
0.3615 1.52576
0.4891 1.80838
0.5749 1.81862
0.3421 1.84832
0.3361 1.8135
0.342 1.82682
0.3425 1.8903
0.6508 1.87597
0.3452 1.92
0.3543 1.8903
0.3492 1.93229
0.3491 1.67629
0.3556 1.6681
0.7477 1.67526
0.7554 1.74592
0.3462 1.92614
0.34 1.91795
0.3508 1.70496
0.3455 1.94048
0.3389 1.95584
0.3425 1.9415
0.3575 1.70394
0.3438 1.7193
0.3528 1.96403
0.4495 1.97427
0.3645 1.97837
0.7194 2.01421
0.4246 1.96608
0.3474 2.02547
0.343 1.98042
0.3448 2.04595
0.3682 1.98963
0.5768 2.03571
0.3386 2.0009
0.3413 1.9927
0.5437 2.00397
0.3566 1.76333
0.3526 1.98656
0.3581 1.75821
0.3482 2.01216
0.3403 1.7623
0.6682 1.76026
0.3484 2.03878
0.3405 2.03264
0.3748 2.02854
0.3546 2.08486
0.3896 1.77971
0.3998 1.76333
0.3605 2.02342
0.3635 2.02752
0.53 2.01421
0.359 2.01728
0.3555 1.77664
0.3739 1.76845
0.3502 1.76947
0.3449 2.02035
0.3607 1.7449
0.3907 2.01728
0.3374 1.7664
0.6175 1.75104
0.3761 2.00192
0.4741 1.99373
0.5862 1.73261
0.6478 1.97325
0.3498 1.73056
0.3502 1.97734
0.3497 2.04083
0.3435 1.73056
0.3861 1.98042
0.3554 1.96198
0.355 2.03162
0.3407 1.72032
0.3509 1.73568
0.3507 2.01933
0.8489 1.97427
0.7639 1.9753
0.3479 1.9753
0.7112 1.97939
0.342 1.97222
0.3487 1.9671
0.7088 1.96915
0.3463 2.03981
0.3394 1.97325
0.6689 1.96403
0.3443 1.96198
0.3484 2.03571
0.3505 1.72032
0.3629 1.95891
0.3446 1.73056
0.4083 1.9968
0.3615 1.97325
0.3433 2.01318
0.3632 2.02445
0.3497 1.96198
0.3473 1.73261
0.3441 1.72954
0.3423 1.97018
0.3813 1.73158
0.3822 1.98861
0.3442 1.97222
0.3448 2.04493
0.7239 1.7449
0.3428 1.74899
0.3456 1.74387
0.348 2.01523
0.3754 1.97325
0.3421 1.99168
0.354 1.9968
0.3463 1.74285
0.3411 1.74182
0.7509 1.98451
0.3528 1.7408
0.508 2.01421
0.341 2.04186
0.3429 1.75002
0.3716 1.98246
0.6608 2.05619
0.35 1.75514
0.3686 1.99578
0.3526 1.74899
0.3695 2.04186
0.3395 1.99885
0.8962 1.99066
0.5539 1.98144
0.3459 1.98963
0.3572 1.98554
0.3403 1.74285
0.3492 1.98861
0.35 2.04902
0.6575 1.99475
0.6419 1.9968
0.3637 1.98144
0.3418 1.96506
0.3395 1.9927
0.4312 1.73875
0.8391 1.99578
0.569 2.04288
0.5379 2.0009
0.3368 2.04288
0.3409 1.98144
0.3537 1.73158
0.3688 1.98451
0.3478 1.7193
0.3431 1.72032
0.3545 2.0183
0.3452 1.72134
0.3417 1.73056
0.6421 1.72339
0.6675 1.71725
0.4031 1.72442
0.3803 1.96813
0.3632 1.97837
0.3422 1.71315
0.345 2.03674
0.3468 1.73363
0.3487 1.74182
0.3462 1.98758
0.3419 1.9671
0.3841 2.00499
0.6194 1.99475
0.5409 2.04083
0.6395 1.99373
0.3526 1.99168
0.3463 2.00397
0.345 1.98554
0.3797 2.04493
0.3433 1.7408
0.35 2.00909
0.3696 1.75206
0.3611 1.75718
0.3493 1.7664
0.38 2.02035
0.3539 2.02138
0.7207 1.7408
0.3432 1.75002
0.3552 2.03981
0.7691 2.01318
0.3422 1.74694
0.3396 2.01318
0.3526 1.74182
0.367 1.95891
0.3462 1.7408
0.6669 1.97734
0.4002 1.96608
0.4315 1.73363
0.3835 1.72032
0.3635 1.97427
0.3447 1.96096
0.355 2.01011
0.3453 2.03571
0.3436 1.9497
0.3529 2.01011
0.3682 1.7111
0.3396 1.95891
0.7402 1.94253
0.3735 1.95072
0.3782 1.94662
0.3685 1.95686
0.4357 1.93126
0.3485 1.94355
0.3544 1.68653
0.3852 1.68141
0.336 1.98349
0.3515 1.68243
0.3477 1.94048
0.3421 1.94048
0.3533 1.9415
0.3437 1.95072
0.666 1.68755
0.4858 1.94355
0.3759 1.93331
0.3391 1.93741
0.8711 1.97734
0.3569 1.68448
0.3593 1.69165
0.5334 1.99782
0.3451 1.68653
0.3435 1.93126
0.4294 1.95072
0.3483 1.9241
0.5114 1.96198
0.6592 1.98144
0.3516 1.9415
0.3461 1.92717
0.3732 1.98144
0.6573 1.9497
0.3375 1.99782
0.3411 1.94253
0.3639 1.69472
0.3396 1.68243
0.3792 1.94048
0.7031 1.69472
0.469 1.95072
0.6323 1.94458
0.7269 1.93331
0.3395 1.95482
0.4225 2.01728
0.3347 2.00602
0.3377 1.96813
0.3898 1.70598
0.3392 1.70189
0.3866 1.98758
0.6648 1.95482
0.3326 1.9671
0.6416 1.96301
0.4474 1.71827
0.3389 1.96608
0.3441 1.94765
0.375 1.72237
0.334 1.94662
0.351 1.95174
0.3639 1.71008
0.3438 1.70906
0.3675 1.73466
0.6665 1.95277
0.3625 1.97222
0.4199 1.9671
0.3852 1.95379
0.3631 1.94355
0.3454 1.96301
0.4272 2.00294
0.3477 1.94355
0.3388 2.02138
0.3549 1.70701
0.3498 1.96915
0.3453 1.72032
0.3365 1.72339
0.3956 1.96301
0.3388 1.95686
0.3452 1.72442
0.3793 1.99578
0.3729 1.71725
0.35 1.72851
0.3512 1.99578
0.3415 1.71418
0.3483 1.94458
0.357 1.98042
0.3645 1.9456
0.4113 1.72339
0.3445 2.01011
0.3391 1.97632
0.7844 1.97325
0.7438 1.70906
0.3482 1.95994
0.4187 1.93536
0.3452 1.69574
0.3601 1.96096
0.3441 1.70496
0.3505 1.95379
0.3395 1.95789
0.3731 1.69062
0.3556 1.99066
0.361 1.70394
0.5424 1.94662
0.3455 1.70701
0.3407 1.96403
0.3572 2.0183
0.3452 1.70496
0.3459 1.70803
0.5058 1.71315
0.3734 1.98861
0.4733 1.94662
0.6916 1.9456
0.4727 1.95994
0.3425 1.98144
0.8748 2.02445
0.4909 1.98246
0.3484 1.7152
0.4899 1.9753
0.3436 1.7193
0.348 1.99475
0.348 1.93536
0.3546 1.98144
0.3419 2.01626
0.6583 1.71315
0.3862 1.9497
0.3381 1.99782
0.411 1.95994
0.4105 1.97018
0.5248 2.01626
0.3539 1.9753
0.351 1.70394
0.3329 1.70598
0.4299 1.71008
0.3425 1.71622
0.3429 1.71008
0.6643 1.93741
0.3472 1.69882
0.3414 1.97325
0.3567 1.71213
0.6938 2.0265
0.5082 1.71008
0.3599 1.7111
0.6787 1.72032
0.3428 1.71008
0.3717 1.9497
0.3562 1.71725
0.3437 1.9671
0.7135 1.9497
0.3461 1.95584
0.3515 1.96301
0.3521 1.70291
0.3445 1.71827
0.3449 1.9753
0.3646 1.95584
0.37 1.96096
0.4146 1.7111
0.3546 1.70803
0.3681 1.70291
0.3441 1.7152
0.7036 1.7152
0.3468 1.71418
0.3446 1.95994
0.3545 1.98656
0.4427 1.95891
0.35 1.70906
0.4207 2.0224
0.3728 1.95379
0.3477 1.98246
0.3983 1.71213
0.3602 1.71622
0.7974 1.71315
0.3526 1.95584
0.3456 1.71008
0.3444 1.96403
0.3447 1.94765
0.3648 1.96198
0.419 1.99578
0.6611 1.9712
0.3561 1.99373
0.7909 1.95482
0.3901 1.69984
0.3436 1.93331
0.3439 1.72134
0.6976 1.97325
0.3413 1.69984
0.3446 1.70906
0.3956 1.96915
0.3419 1.97837
0.5434 1.94355
0.3632 1.9456
0.3482 1.95072
0.3482 1.95482
0.4218 1.95072
0.7113 2.01318
0.3385 1.96813
0.3583 1.95379
0.3521 1.72851
0.343 1.70906
0.3566 1.71315
0.4122 2.01421
0.5452 1.95584
0.5009 2.01318
0.3591 1.72851
0.3852 1.7152
0.381 1.71725
0.3436 1.98861
0.3467 1.97837
0.7284 2.02854
0.3365 2.01523
0.3345 2.01011
0.3677 1.9671
