0.2785 0
0.2309 0
0.2097 0
0.2166 0
0.211 0
0.2477 0
0.22 0.315392
0.2082 0.57856
0.2248 0.448512
0.2337 0.210944
0.2176 0.5888
0.2069 0.20992
0.2308 0.441344
0.4658 0.454656
0.2133 0.305152
0.207 0.293888
0.2118 0.310272
0.2362 0.4352
0.2356 0.433152
0.2468 0.444416
0.2034 0.585728
0.2307 0.572416
0.2212 0.309248
0.2109 0.422912
0.2162 0.431104
0.4632 0.407552
0.2178 0.429056
0.2175 0.306176
0.2127 0.44032
0.3998 0.422912
0.2218 0.574464
0.2435 0.428032
0.2035 0.415744
0.2155 0.434176
0.231 0.422912
0.2088 0.423936
0.322 0.607232
0.2118 0.416768
0.2401 0.420864
0.2157 0.611328
0.2084 0.412672
0.2937 0.416768
0.5819 0.303104
0.2119 0.423936
0.3937 0.566272
0.3479 0.565248
0.2228 0.57856
0.2106 0.411648
0.2003 0.423936
0.4549 0.432128
0.2112 0.433152
0.2211 0.421888
0.2107 0.299008
0.2156 0.418816
0.3528 0.44032
0.2191 0.441344
0.214 0.57344
0.2111 0.30208
0.2047 0.417792
0.2063 0.579584
0.2039 0.579584
0.208 0.412672
0.2066 0.308224
0.21 0.43008
0.2389 0.44032
0.2163 0.30208
0.2088 0.301056
0.2198 0.570368
0.2212 0.60928
0.2448 0.30208
0.2116 0.453632
0.2062 0.417792
0.217 0.416768
0.2072 0.412672
0.3869 0.428032
0.2299 0.592896
0.4782 0.439296
0.2082 0.303104
0.2076 0.421888
0.2077 0.420864
0.2095 0.58368
0.2118 0.408576
0.4721 0.400384
0.2077 0.306176
0.214 0.585728
0.3275 0.422912
0.2109 0.451584
0.2116 0.306176
0.2181 0.576512
0.2077 0.444416
0.2074 0.438272
0.449 0.589824
0.3288 0.305152
0.2071 0.41984
0.216 0.420864
0.4516 0.416768
0.2178 0.432128
0.2129 0.43008
0.3546 0.306176
0.2099 0.576512
0.2156 0.418816
0.2149 0.413696
0.4461 0.418816
0.4373 0.43008
0.3912 0.427008
0.2071 0.303104
0.2117 0.431104
0.21 0.582656
0.2324 0.309248
0.4978 0.293888
0.2167 0.443392
0.2076 0.574464
0.2355 0.3072
0.204 0.432128
0.2073 0.309248
0.3285 0.4352
0.2374 0.29696
0.2278 0.427008
0.2038 0.433152
0.3961 0.42496
0.2108 0.441344
0.2158 0.44032
0.2061 0.579584
0.2208 0.41472
0.2227 0.420864
0.2178 0.422912
0.3607 0.436224
0.2275 0.437248
0.2251 0.432128
0.2088 0.3072
0.4249 0.57856
0.2071 0.44544
0.3894 0.41984
0.2158 0.581632
0.2262 0.210944
0.2065 0.579584
0.2114 0.304128
0.2091 0.437248
0.2313 0.417792
0.2273 0.433152
0.2096 0.425984
0.2123 0.42496
0.3247 0.58368
0.2089 0.42496
0.2091 0.580608
0.2143 0.428032
0.2217 0.418816
0.207 0.303104
0.225 0.423936
0.2086 0.442368
0.2129 0.420864
0.4685 0.602112
0.4256 0.574464
0.4564 0.587776
0.2061 0.429056
0.2383 0.581632
0.2053 0.30208
0.3865 0.432128
0.2771 0.439296
0.2118 0.304128
0.5005 0.423936
0.2772 0.44544
0.5857 0.431104
0.3523 0.5888
0.2859 0.5632
0.2132 0.433152
0.2124 0.571392
0.2248 0.436224
0.2096 0.433152
0.2203 0.418816
0.2968 0.437248
0.2234 0.437248
0.2204 0.579584
0.4114 0.304128
0.3239 0.572416
0.4631 0.427008
0.5252 0.421888
0.3134 0.590848
0.2733 0.304128
0.2651 0.420864
0.2165 0.454656
0.243 0.44544
0.3737 0.446464
0.2074 0.208896
0.2192 0.432128
0.2439 0.43008
0.2442 0.585728
0.2132 0.433152
0.4744 0.301056
0.2224 0.434176
0.283 0.428032
0.2211 0.410624
0.2273 0.577536
0.3843 0.422912
0.2236 0.301056
0.2339 0.436224
0.207 0.41472
0.2095 0.439296
0.2075 0.427008
0.2393 0.444416
0.2154 0.309248
0.4044 0.30208
0.2226 0.439296
0.2242 0.453632
0.2133 0.44544
0.2217 0.203776
0.2071 0.453632
0.3334 0.429056
0.2093 0.442368
0.4526 0.433152
0.4735 0.301056
0.4582 0.41472
0.4074 0.576512
0.226 0.427008
0.3319 0.57344
0.2118 0.305152
0.5551 0.439296
0.24 0.301056
0.3082 0.304128
0.4667 0.411648
0.4852 0.41984
0.4109 0.586752
0.4334 0.44032
0.2122 0.45056
0.3724 0.57856
0.2828 0.427008
0.2199 0.45568
0.2376 0.295936
0.2359 0.418816
0.2126 0.44032
0.2209 0.44032
0.2628 0.439296
0.4168 0.585728
0.2096 0.303104
0.2888 0.443392
0.3275 0.432128
0.2413 0.437248
0.4024 0.584704
0.2946 0.574464
0.3023 0.415744
0.2097 0.431104
0.2094 0.408576
0.3819 0.4352
0.2219 0.433152
0.2083 0.580608
0.2162 0.580608
0.21 0.582656
0.2535 0.304128
0.2336 0.582656
0.2103 0.582656
0.3224 0.295936
0.2363 0.411648
0.4494 0.425984
0.2451 0.575488
0.2397 0.581632
0.2064 0.305152
0.2134 0.308224
0.2184 0.582656
0.2033 0.300032
0.4553 0.617472
0.2096 0.428032
0.2109 0.447488
0.4508 0.572416
0.358 0.442368
0.2098 0.581632
0.214 0.428032
0.2162 0.579584
0.2064 0.43008
0.2088 0.418816
0.2174 0.423936
0.2209 0.297984
0.2049 0.434176
0.2006 0.42496
0.4714 0.305152
0.3557 0.305152
0.205 0.43008
0.2185 0.429056
0.2202 0.561152
0.2159 0.304128
0.2144 0.447488
0.5044 0.580608
0.2137 0.300032
0.2088 0.431104
0.2126 0.601088
0.2068 0.301056
0.3303 0.411648
0.2083 0.441344
0.2121 0.30208
0.209 0.425984
0.2145 0.300032
0.2295 0.439296
0.2151 0.206848
0.2095 0.441344
0.2116 0.436224
0.212 0.309248
0.3478 0.304128
0.2233 0.442368
0.2228 0.44032
0.2736 0.417792
0.2188 0.297984
0.2071 0.564224
0.2156 0.41472
0.2041 0.613376
0.2039 0.425984
0.2059 0.42496
0.2053 0.423936
0.2092 0.429056
0.206 0.303104
0.23 0.30208
0.5263 0.581632
0.2427 0.301056
0.2093 0.30208
0.2026 0.41984
0.2086 0.575488
0.21 0.434176
0.2283 0.42496
0.477 0.431104
0.2155 0.305152
0.2424 0.605184
0.2072 0.580608
0.2073 0.41984
0.2052 0.422912
0.2769 0.429056
0.2089 0.425984
0.207 0.577536
0.2357 0.305152
0.2205 0.306176
0.2157 0.57856
0.2093 0.292864
0.2057 0.451584
0.2064 0.421888
0.2373 0.306176
0.2038 0.437248
0.2073 0.42496
0.2159 0.45056
0.3796 0.433152
0.2342 0.45056
0.2071 0.423936
0.2137 0.429056
0.2094 0.41472
0.2129 0.303104
0.2072 0.42496
0.4036 0.31232
0.2066 0.308224
0.2093 0.441344
0.2049 0.438272
0.3984 0.441344
0.2257 0.418816
0.2275 0.425984
0.206 0.303104
0.4958 0.432128
0.2162 0.574464
0.212 0.420864
0.2055 0.57856
0.2148 0.306176
0.2257 0.57344
0.2315 0.305152
0.2089 0.416768
0.2138 0.4352
0.4026 0.432128
0.2566 0.438272
0.5015 0.582656
0.2046 0.42496
0.2115 0.425984
0.2195 0.43008
0.2093 0.304128
0.4691 0.420864
0.2067 0.580608
0.2121 0.559104
0.4688 0.423936
0.2327 0.434176
0.2665 0.301056
0.2085 0.446464
0.2026 0.422912
0.2141 0.436224
0.2115 0.3072
0.2374 0.431104
0.222 0.42496
0.4515 0.304128
0.2026 0.303104
0.2116 0.57856
0.2126 0.417792
0.2275 0.434176
0.2065 0.420864
0.2073 0.569344
0.2795 0.418816
0.2272 0.308224
0.2161 0.423936
0.2201 0.300032
0.2067 0.45056
0.2122 0.58368
0.2088 0.429056
0.3718 0.448512
0.2064 0.443392
0.2024 0.20992
0.4377 0.43008
0.3467 0.311296
0.2241 0.574464
0.2428 0.452608
0.2056 0.330752
0.2339 0.442368
0.2084 0.453632
0.2185 0.418816
0.2069 0.451584
0.2071 0.60928
0.2124 0.306176
0.2063 0.44544
0.3029 0.297984
0.2113 0.305152
0.2264 0.303104
0.2796 0.3072
0.2176 0.437248
0.2095 0.421888
0.2061 0.428032
0.2102 0.44032
0.4624 0.580608
0.2086 0.44032
0.2098 0.434176
0.2086 0.429056
0.2095 0.300032
0.5366 0.437248
0.2045 0.420864
0.2104 0.418816
0.2172 0.303104
0.2018 0.43008
0.2116 0.429056
0.2197 0.43008
0.2019 0.571392
0.2241 0.422912
0.2071 0.423936
0.4694 0.30208
0.4435 0.584704
0.3207 0.304128
0.348 0.44544
0.3744 0.579584
0.2068 0.439296
0.2049 0.436224
0.2022 0.301056
0.2155 0.4352
0.2042 0.423936
0.2102 0.592896
0.2076 0.45568
0.2099 0.580608
0.2084 0.428032
0.2259 0.304128
0.4521 0.420864
0.442 0.417792
0.2392 0.571392
0.2084 0.437248
0.2074 0.241664
0.2195 0.242688
0.2446 0.239616
0.2019 0.237568
0.2098 0.241664
0.2502 0.238592
0.2056 0.24576
0.2252 0.236544
0.2161 0.237568
0.2165 0.236544
0.2226 0.238592
0.2076 0.231424
0.2127 0.232448
0.2098 0.232448
0.212 0.239616
0.2393 0.239616
0.4827 0.24064
0.431 0.233472
0.2178 0.237568
0.221 0.244736
0.2107 0.24576
0.3546 0.231424
0.4617 0.239616
0.2097 0.237568
0.2628 0.238592
0.2308 0.239616
0.2096 0.24064
0.5872 0.239616
0.2275 0.24064
0.2582 0.236544
0.2127 0.229376
0.2327 0.238592
0.2106 0.233472
0.2104 0.233472
0.2045 0.231424
0.2101 0.23552
0.2138 0.243712
0.2034 0.232448
0.2099 0.237568
0.3398 0.237568
0.2267 0.242688
0.2068 0.24064
0.2199 0.241664
0.2099 0.229376
0.442 0.237568
0.2337 0.238592
0.2152 0.232448
0.2478 0.244736
0.2102 0.231424
0.2174 0.237568
0.2171 0.236544
0.2063 0.24064
0.2063 0.237568
0.4612 0.237568
0.2107 0.231424
0.2072 0.236544
0.6579 0.234496
0.209 0.237568
0.2164 0.232448
0.3938 0.234496
0.2041 0.231424
0.2164 0.234496
0.2176 0.234496
0.2155 0.233472
0.2108 0.23552
0.206 0.23552
0.2118 0.239616
0.2173 0.234496
0.4461 0.242688
0.4599 0.232448
0.2499 0.24064
0.2112 0.238592
0.2294 0.23552
0.2126 0.234496
0.229 0.232448
0.2182 0.241664
0.3186 0.236544
0.2231 0.24064
0.2147 0.24064
0.2104 0.239616
0.2245 0.237568
0.4264 0.24064
0.2196 0.236544
0.2071 0.236544
0.2042 0.232448
0.2108 0.232448
0.2077 0.237568
0.227 0.236544
0.3095 0.234496
0.2049 0.242688
0.2047 0.233472
0.2096 0.232448
0.2073 0.24576
0.485 0.243712
0.2139 0.233472
0.3692 0.23552
0.2058 0.236544
0.2071 0.233472
0.2095 0.238592
0.2189 0.237568
0.2081 0.234496
0.2126 0.242688
0.2419 0.234496
0.213 0.236544
0.2137 0.237568
0.4558 0.234496
0.2447 0.24064
0.2038 0.23552
0.2016 0.237568
0.2084 0.241664
0.2076 0.233472
0.2035 0.24064
0.2106 0.236544
0.2036 0.242688
0.2089 0.232448
0.2115 0.238592
0.4604 0.233472
0.2287 0.233472
0.2033 0.241664
0.2556 0.237568
0.21 0.236544
0.2127 0.234496
0.2128 0.231424
0.2084 0.236544
0.2057 0.238592
0.2335 0.239616
0.2039 0.238592
0.3044 0.242688
0.2108 0.23552
0.3879 0.23552
0.2111 0.238592
0.2079 0.24064
0.2107 0.237568
0.2407 0.24064
0.4599 0.236544
0.2109 0.239616
0.2077 0.239616
0.2074 0.237568
0.2268 0.234496
0.2141 0.24064
0.2086 0.243712
0.2349 0.232448
0.4994 0.238592
0.2391 0.242688
0.2055 0.236544
0.2036 0.237568
0.2306 0.24064
0.2132 0.237568
0.2033 0.231424
0.2195 0.233472
0.247 0.237568
0.205 0.234496
0.4377 0.233472
0.2088 0.232448
0.2126 0.236544
0.2112 0.237568
0.2087 0.24064
0.2181 0.234496
0.2087 0.233472
0.2265 0.238592
0.2111 0.236544
0.248 0.231424
0.214 0.232448
0.213 0.236544
0.2097 0.23552
0.2176 0.234496
0.42 0.236544
0.3029 0.234496
0.2464 0.237568
0.2336 0.233472
0.2026 0.238592
0.2406 0.241664
0.2148 0.241664
0.207 0.237568
0.2152 0.238592
0.2071 0.241664
0.2057 0.237568
0.2272 0.234496
0.2478 0.239616
0.2338 0.236544
0.2133 0.237568
0.243 0.236544
0.2064 0.234496
0.2132 0.231424
0.2139 0.231424
0.2135 0.232448
0.2044 0.244736
0.212 0.234496
0.2164 0.236544
0.2162 0.239616
0.4217 0.24064
0.2491 0.236544
0.2261 0.233472
0.2203 0.232448
0.2053 0.237568
0.268 0.237568
0.2035 0.239616
0.2059 0.232448
0.209 0.238592
0.2025 0.232448
0.2035 0.239616
0.2137 0.242688
0.4494 0.23552
0.6048 0.23552
0.2057 0.236544
0.2384 0.236544
0.2105 0.238592
0.413 0.242688
0.2083 0.239616
0.2101 0.232448
0.2245 0.23552
0.2154 0.237568
0.2129 0.23552
0.2064 0.24064
0.4511 0.23552
0.2114 0.239616
0.2112 0.239616
0.2036 0.239616
0.207 0.234496
0.2099 0.234496
0.2266 0.238592
0.225 0.239616
0.2083 0.232448
0.2126 0.242688
0.2275 0.232448
0.2124 0.239616
0.2056 0.234496
0.2238 0.238592
0.2208 0.233472
0.2106 0.234496
0.2099 0.239616
0.2041 0.233472
0.2033 0.241664
0.2075 0.237568
0.2094 0.24576
0.2073 0.23552
0.2253 0.236544
0.2156 0.238592
0.2083 0.24064
0.2436 0.24064
0.3341 0.237568
0.2125 0.231424
0.2364 0.242688
0.2102 0.237568
0.209 0.23552
0.2094 0.238592
0.204 0.232448
0.2057 0.237568
0.2087 0.246784
0.2363 0.239616
0.2121 0.234496
0.2195 0.24064
0.3889 0.232448
0.2268 0.233472
0.2124 0.236544
0.2071 0.234496
0.2072 0.236544
0.4605 0.236544
0.2039 0.236544
0.2097 0.238592
0.4559 0.234496
0.2122 0.238592
0.2249 0.233472
0.2301 0.236544
0.2077 0.23552
0.2066 0.237568
0.2439 0.237568
0.4995 0.231424
0.4072 0.234496
0.2271 0.233472
0.4001 0.234496
0.2131 0.234496
0.2121 0.233472
0.2623 0.237568
0.2024 0.238592
0.2057 0.242688
0.216 0.231424
0.2062 0.237568
0.2074 0.238592
0.4289 0.237568
0.4505 0.236544
0.2066 0.24064
0.2084 0.2304
0.4737 0.233472
0.2181 0.237568
0.5212 0.236544
0.2078 0.236544
0.2007 0.23552
0.2076 0.234496
0.2104 0.237568
0.2254 0.236544
0.2084 0.236544
0.2044 0.23552
0.2191 0.241664
0.2051 0.238592
0.2081 0.236544
0.2996 0.237568
0.2174 0.236544
0.2093 0.237568
0.211 0.231424
0.2131 0.232448
0.5126 0.236544
0.3512 0.237568
0.2051 0.237568
0.2043 0.236544
0.2111 0.231424
0.2273 0.241664
0.2301 0.237568
0.2419 0.236544
0.2165 0.229376
0.2095 0.236544
0.2122 0.237568
0.2435 0.236544
0.4137 0.234496
0.2058 0.236544
0.2119 0.237568
0.2084 0.244736
0.2055 0.238592
0.2083 0.229376
0.2041 0.236544
0.2088 0.238592
0.2147 0.232448
0.2249 0.233472
0.2064 0.239616
0.4186 0.234496
0.246 0.241664
0.2247 0.23552
0.2088 0.237568
0.237 0.232448
0.2615 0.232448
0.233 0.241664
0.2143 0.238592
0.215 0.23552
0.2184 0.237568
0.2039 0.23552
0.2498 0.231424
0.2087 0.234496
0.228 0.237568
0.4857 0.242688
0.2238 0.242688
0.2066 0.243712
0.2228 0.2304
0.2101 0.232448
0.2067 0.234496
0.2103 0.232448
0.2101 0.2304
0.2028 0.237568
0.2079 0.234496
0.2044 0.24576
0.3474 0.236544
0.2083 0.231424
0.2044 0.23552
0.2038 0.2304
0.2289 0.236544
0.2442 0.237568
0.4202 0.238592
0.2054 0.241664
0.2161 0.233472
0.2127 0.239616
0.2103 0.237568
0.2068 0.238592
0.3734 0.238592
0.3734 0.237568
0.2105 0.24576
0.206 0.241664
0.2004 0.238592
0.2441 0.232448
0.2035 0.239616
0.2059 0.237568
0.2652 0.239616
0.2378 0.23552
0.2184 0.237568
0.4675 0.23552
0.4403 0.237568
0.3247 0.236544
0.2166 0.236544
0.4643 0.237568
0.2088 0.234496
0.2241 0.239616
0.2041 0.24064
0.2092 0.23552
0.2156 0.236544
0.2231 0.244736
0.2118 0.233472
0.2075 0.233472
0.2274 0.237568
0.2125 0.2304
0.4287 0.232448
0.2084 0.238592
0.2116 0.234496
0.3553 0.243712
0.2183 0.238592
0.2231 0.239616
0.2055 0.233472
0.3126 0.239616
0.4182 0.232448
0.2146 0.233472
0.3057 0.234496
0.2049 0.232448
0.2078 0.237568
0.4602 0.236544
0.2221 0.236544
0.237 0.239616
0.2154 0.236544
0.37 0.239616
0.2488 0.237568
0.2225 0.243712
0.2124 0.238592
0.2105 0.237568
0.2564 0.237568
0.2183 0.234496
0.256 0.229376
0.2211 0.23552
0.2628 0.232448
0.2129 0.236544
0.2067 0.2304
0.2129 0.23552
0.2068 0.236544
0.2044 0.243712
0.2466 0.232448
0.2071 0.233472
0.2188 0.237568
0.661 0.241664
0.3726 0.241664
0.2056 0.2304
0.446 0.2304
0.2374 0.239616
0.2086 0.233472
0.206 0.242688
0.2199 0.236544
0.2065 0.238592
0.2578 0.241664
0.2662 0.238592
0.4081 0.23552
0.2582 0.234496
0.3717 0.243712
0.3626 0.236544
0.2132 0.23552
0.2407 0.23552
0.4311 0.23552
0.242 0.234496
0.2057 0.238592
0.4181 0.23552
0.2059 0.23552
0.2061 0.24576
0.206 0.236544
0.2341 0.241664
0.5521 0.234496
0.245 0.229376
0.2071 0.243712
0.2201 0.233472
0.2105 0.23552
0.2082 0.23552
0.2088 0.238592
0.2424 0.236544
0.2141 0.238592
0.3343 0.237568
0.2159 0.238592
0.2072 0.239616
0.2665 0.236544
0.2128 0.233472
0.3999 0.238592
0.305 0.229376
0.2034 0.23552
0.3293 0.234496
0.253 0.237568
0.2181 0.233472
0.3766 0.238592
0.4672 0.244736
0.2074 0.236544
0.2058 0.232448
0.2103 0.237568
0.3424 0.23552
0.4478 0.237568
0.3358 0.238592
0.2094 0.244736
0.2128 0.239616
0.2699 0.234496
0.22 0.2304
0.2156 0.23552
0.2353 0.238592
0.3468 0.23552
0.2622 0.236544
0.4548 0.241664
0.2164 0.238592
0.3054 0.239616
0.5365 0.234496
0.2483 0.237568
0.2612 0.233472
0.3928 0.239616
0.2109 0.242688
0.3184 0.233472
0.2884 0.24064
0.2988 0.23552
0.4406 0.233472
0.2538 0.241664
0.4615 0.242688
0.2117 0.241664
0.4227 0.24064
0.2101 0.232448
0.2072 0.236544
0.2205 0.238592
0.4891 0.239616
0.318 0.239616
0.2117 0.24064
0.2142 0.239616
0.2146 0.236544
0.2136 0.23552
0.2181 0.24064
0.4948 0.234496
0.4483 0.239616
0.2197 0.236544
0.2231 0.239616
0.443 0.231424
0.4664 0.239616
0.4639 0.236544
0.2177 0.237568
0.3126 0.24064
0.2228 0.242688
0.2116 0.23552
0.5517 0.2304
0.3717 0.234496
0.3872 0.242688
0.2157 0.242688
0.2175 0.234496
0.2583 0.239616
0.2395 0.231424
0.2102 0.233472
0.294 0.236544
0.3243 0.244736
0.2137 0.232448
0.2083 0.236544
0.308 0.246784
0.315 0.236544
0.3035 0.232448
0.2116 0.239616
0.5327 0.234496
0.4988 0.23552
0.3033 0.23552
0.3229 0.24576
0.3311 0.231424
0.3576 0.236544
0.4402 0.23552
0.4673 0.238592
0.2282 0.238592
0.3176 0.233472
0.2676 0.236544
0.2148 0.233472
0.3148 0.23552
0.2207 0.234496
0.2168 0.234496
0.4814 0.236544
0.2199 0.239616
0.5258 0.241664
0.2457 0.24064
0.3876 0.236544
0.346 0.231424
0.4756 0.234496
0.2115 0.242688
0.4357 0.236544
0.2844 0.239616
0.3235 0.234496
0.6737 0.234496
0.3491 0.234496
0.4243 0.232448
0.3303 0.238592
0.286 0.23552
0.3892 0.241664
0.2127 0.244736
0.2206 0.242688
0.5019 0.241664
0.3669 0.234496
0.2641 0.237568
0.2112 0.23552
0.2352 0.24064
