0.38 1.37626
0.4604 1.59232
0.4114 1.37626
0.4273 1.59232
0.2255 1.28922
0.2481 1.5319
0.241 1.28922
0.218 1.5319
0.1844 1.28922
0.3077 1.5319
0.3981 1.2841
0.3286 1.6425
0.5146 1.70906
0.5185 1.41619
0.2757 1.60154
0.2397 1.60256
0.2593 1.37728
0.2522 1.37318
0.2405 1.59232
0.2398 1.37523
0.2629 1.59642
0.2569 1.69062
0.242 1.60461
0.2434 1.60154
0.3422 1.37728
0.2383 1.68755
0.2446 1.60051
0.2459 1.38035
0.2646 1.57901
0.2637 1.68243
0.4166 1.59232
0.2453 1.58208
0.2618 1.59027
0.461 1.59642
0.2315 1.60973
0.2561 1.58515
0.4321 1.37626
0.2566 1.40083
0.3423 1.37216
0.3165 1.37523
0.2367 1.3783
0.2421 1.59949
0.2389 1.61382
0.2515 1.59642
0.2369 1.60051
0.2327 1.59334
0.2468 1.37728
0.2501 1.60051
0.4535 1.59846
0.2491 1.37216
0.2489 1.37523
0.2351 1.3783
0.2374 1.60461
0.2667 1.37523
0.4662 1.38138
0.2529 1.37728
0.2474 1.37216
0.3326 1.58822
0.2496 1.37216
0.239 1.59539
0.2545 1.3824
0.4611 1.37318
0.2616 1.69574
0.2455 1.58208
0.2283 1.37933
0.2337 1.37421
0.278 1.58822
0.2332 1.59642
0.2375 1.3783
0.2442 1.58925
0.2554 1.60666
0.243 1.58106
0.25 1.37626
0.2542 1.59232
0.3916 1.5913
0.431 1.58925
0.2355 1.60461
0.2616 1.60768
0.2636 1.60768
0.2319 1.60768
0.2397 1.5872
0.2864 1.58925
0.2281 1.37626
0.2695 1.60256
0.2692 1.68448
0.5505 1.37626
0.3226 1.59334
0.2457 1.6128
0.2382 1.60154
0.264 1.60358
0.2337 1.37728
0.2335 1.59539
0.254 1.68653
0.2875 1.59744
0.2277 1.59334
0.2383 1.68243
0.2874 1.59027
0.2937 1.59744
0.3434 1.37318
0.2642 1.68243
0.2595 1.58925
0.2508 1.61178
0.436 1.37523
0.2363 1.60051
0.271 1.60154
0.2321 1.59642
0.2467 1.66912
0.2362 1.59027
0.2762 1.60256
0.2365 1.38138
0.2446 1.59642
0.2611 1.60051
0.2503 1.3865
0.4329 1.5913
0.2521 1.56365
0.2555 1.68141
0.2487 1.38035
0.456 1.68755
0.252 1.37523
0.2585 1.67117
0.2793 1.57082
0.2351 1.60154
0.2425 1.40595
0.2657 1.57901
0.2356 1.36294
0.2464 1.67117
0.4192 1.5913
0.2575 1.57798
0.2394 1.67424
0.2318 1.64864
0.2822 1.34246
0.4489 1.6343
0.4513 1.32813
0.3747 1.63533
0.268 1.63738
0.2518 1.5319
0.2336 1.56058
0.2384 1.33222
0.2678 1.64454
0.2297 1.64454
0.2512 1.64147
0.2542 1.32915
0.2337 1.54419
0.2434 1.33427
0.2613 1.55136
0.5486 1.33632
0.2635 1.33632
0.2372 1.65171
0.2381 1.59949
0.2701 1.32915
0.2352 1.54726
0.2302 1.33325
0.2401 1.32506
0.4431 1.56058
0.2371 1.63635
0.2457 1.53907
0.4785 1.32813
0.2408 1.52166
0.3598 1.64147
0.483 1.55648
0.4912 1.56262
0.4526 1.52576
0.2377 1.56058
0.2372 1.54829
0.2566 1.33222
0.2317 1.56058
0.2422 1.55034
0.2363 1.55238
0.2617 1.56672
0.279 1.55955
0.2547 1.52371
0.2868 1.1049
0.2377 1.09466
0.2472 1.0967
0.2634 1.09056
0.2545 1.08442
0.2408 1.07725
0.2559 1.07827
0.2407 1.0752
0.2647 1.06803
0.2298 1.06598
0.2334 1.06291
0.234 1.06906
0.263 1.0711
0.4223 1.06598
0.2371 1.06701
0.2803 1.06906
0.2335 1.06803
0.2378 1.06701
0.2359 1.06906
0.2611 1.06496
0.231 1.06598
0.2422 1.06701
0.2353 1.06906
0.2722 1.06803
0.2545 1.06394
0.2412 1.06803
0.2637 1.06803
0.4939 1.06803
0.2344 1.06701
0.2366 1.06701
0.2787 1.06496
0.473 1.06598
0.2599 1.06394
0.4328 1.05677
0.2655 1.05472
0.278 1.04858
0.2458 1.04243
0.2527 1.03936
0.2843 1.03424
0.238 1.03322
0.4378 1.03526
0.2421 1.03322
0.252 1.03424
0.2327 1.03219
0.2322 1.03322
0.4035 1.03219
0.2454 1.03322
0.2497 1.03424
0.3573 1.03219
0.2684 1.03424
0.232 1.03526
0.4515 1.03424
0.2434 1.03322
0.2752 1.03424
0.244 1.03424
0.4167 1.03526
0.2614 1.03322
0.2628 1.03219
0.243 1.06291
0.2431 1.03424
0.2657 1.03219
0.2528 1.03526
0.2542 1.03834
0.2443 1.03629
0.252 1.03117
0.2375 1.03322
0.2401 1.03526
0.2552 1.03117
0.2556 1.03629
0.2342 1.03322
0.2373 1.03322
0.2308 1.03424
0.2771 1.03322
0.2485 1.03322
0.282 1.03731
0.4779 1.03424
0.2401 1.03629
0.2444 1.05165
0.2349 1.03424
0.4808 1.03322
0.2367 1.03219
0.2371 1.03014
0.2383 1.03629
0.2533 1.03629
0.3291 1.03322
0.2391 1.03322
0.2421 1.03219
0.2614 1.03629
0.2589 1.03322
0.2289 1.03526
0.2499 1.03219
0.2488 1.03424
0.2714 1.03629
0.2377 1.03629
0.2561 1.03731
0.2313 1.03526
0.3272 1.03322
0.2511 1.03322
0.475 1.03424
0.2429 1.03629
0.2307 1.03322
0.286 1.03219
0.5274 1.03424
0.4559 1.05574
0.2364 1.05677
0.4677 1.06394
0.2356 1.03526
0.239 1.03731
0.2432 1.03936
0.3781 1.03424
0.2494 1.03219
0.2489 1.03322
0.2396 1.03424
0.2615 1.03424
0.2338 1.03526
0.2481 1.03322
0.426 1.03424
0.4508 1.03424
0.2523 1.03322
0.4435 1.03526
0.2541 1.03014
0.3574 1.03117
0.2845 1.03629
0.3793 1.03424
0.4901 1.03219
0.4511 1.03629
0.4502 1.03219
0.44 1.03424
0.4732 1.03424
0.2375 1.03117
0.2288 1.03424
0.2299 1.03526
0.3017 1.03424
0.2333 1.03424
0.2358 1.04448
0.5272 1.03526
0.2388 1.03424
0.2345 1.04038
0.2356 1.03322
0.2572 1.03424
0.2626 1.03424
0.2368 1.03322
0.2359 1.03219
0.263 1.03322
0.4566 1.03117
0.2848 1.03424
0.252 1.03629
0.4699 1.03424
0.2409 1.03629
0.2364 1.03424
0.2744 1.03424
0.3914 1.03322
0.2966 1.03526
0.3027 1.03219
0.2581 1.03322
0.2349 1.03424
0.2504 1.03322
0.2434 1.03219
0.2671 1.03219
0.2614 1.03322
0.2334 1.03526
0.2429 1.03322
0.256 1.03424
0.251 1.03322
0.2368 1.03117
0.4393 1.03526
0.2353 1.03424
0.2388 1.04038
0.259 1.03424
0.2564 1.03322
0.2949 1.03117
0.3617 1.03424
0.2774 1.03322
0.5015 1.03629
0.2381 1.03219
0.2366 1.03322
0.2405 1.03424
0.2626 1.03424
0.2362 1.04448
0.2612 1.03629
0.3469 1.03424
0.2487 1.03424
0.2594 1.03424
0.2601 1.03014
0.2598 1.03936
0.2457 1.03526
0.248 1.03219
0.2307 1.03526
0.2552 1.03219
0.2699 1.03424
0.2315 1.03526
0.2268 1.03424
0.2822 1.03219
0.2401 1.03219
0.2348 1.03629
0.5124 1.03526
0.3646 1.03731
0.2686 1.03526
0.2483 1.03322
0.2803 1.03322
0.2357 1.03526
0.4475 1.04141
0.244 1.03424
0.453 1.03219
0.2456 1.03014
0.2308 1.03322
0.2375 1.03219
0.2597 1.03219
0.4555 1.03526
0.2319 1.03424
0.2531 1.03219
0.2361 1.03424
0.4669 1.03014
0.4593 1.03322
0.4811 1.03322
0.2507 1.03219
0.4584 1.03014
0.4842 1.03424
0.3226 1.03322
0.2602 1.03117
0.403 1.03219
0.2422 1.03322
0.265 1.03526
0.4307 1.03322
0.2465 1.03219
0.517 1.03322
0.2614 1.03322
0.4285 1.03526
0.4696 1.03322
0.2555 1.03322
0.3596 1.03424
0.2943 1.03424
0.2455 1.03322
0.4605 1.03424
0.2402 1.03424
0.2587 1.03424
0.428 1.03322
0.291 1.03629
0.2397 1.03526
0.3287 1.03424
0.5319 1.03424
0.2519 1.03117
0.2374 1.03322
0.367 1.03424
0.4795 1.03322
0.2542 1.03322
0.2605 1.03526
0.2389 1.03322
0.2681 1.03219
0.444 1.03322
0.27 1.03424
0.3196 1.03526
0.2782 1.03424
0.4721 1.03117
0.4416 1.03731
0.4462 1.03424
0.4175 1.03322
0.2999 1.03526
0.2336 1.03629
0.265 1.03322
0.2548 1.03219
0.2401 1.03629
0.2357 1.03322
0.2525 1.03117
0.2471 1.03322
0.2291 1.03219
0.237 1.03322
0.2943 1.03322
0.4331 1.03219
0.2519 1.04243
0.2961 1.03936
0.2519 1.03526
0.453 1.03322
0.508 1.03526
0.5198 1.03834
0.2432 1.05984
0.2551 1.03424
0.4606 1.03834
0.2598 1.04038
0.2825 1.03526
0.4271 1.03014
0.2763 1.03117
0.474 1.03219
0.2312 1.03424
0.235 1.03219
0.4973 1.03219
0.2491 1.03424
0.2381 1.03322
0.4368 1.03424
0.4413 1.03424
0.2519 1.03322
0.251 1.03322
0.2354 1.03219
0.2813 1.03219
0.2478 1.03322
0.2384 1.08646
0.2323 1.04141
0.267 1.04858
0.457 1.05062
0.2497 1.0537
0.2915 1.05882
0.2942 1.05984
0.2605 1.06394
0.448 1.06496
0.3428 1.06803
0.2634 1.07213
0.4408 1.07213
0.2296 1.08851
0.2698 1.07008
0.2372 1.06803
0.4653 1.0711
0.2303 1.07315
0.2831 1.0711
0.2349 1.07008
0.2331 1.07008
0.2676 1.07213
0.4087 1.07008
0.2396 1.07418
0.4609 1.64762
0.2648 1.07213
0.2384 1.0711
0.2905 1.07008
0.2398 1.06803
0.2566 1.07418
0.4607 1.0711
0.2407 1.0711
0.2334 1.0711
0.4627 1.07315
0.2305 1.0711
0.4423 1.0711
0.3366 1.0711
0.2377 1.07213
0.4547 1.0711
0.2567 1.06906
0.2546 1.07213
0.2333 1.07213
0.2565 1.07008
0.2356 1.07418
0.2547 1.07315
0.245 1.07315
0.2364 1.07008
0.2377 1.0711
0.4931 1.06906
0.2403 1.0752
0.2533 1.07213
0.3351 1.0711
0.2343 1.06906
0.2336 1.07315
0.276 1.0711
0.2591 1.07315
0.2331 1.07008
0.2386 1.0711
0.3786 1.07213
0.4094 1.0711
0.3525 1.07827
0.2382 1.08032
0.2713 1.07008
0.282 1.07213
0.2367 1.07008
0.2447 1.07315
0.4508 1.07213
0.2344 1.06803
0.342 1.07315
0.4585 1.0711
0.249 1.06906
0.2481 1.0711
0.3936 1.0711
0.2899 1.07213
0.2733 1.07213
0.4567 1.07418
0.2544 1.07213
0.3174 1.0752
0.2662 1.07622
0.2636 1.08237
0.2455 1.08646
0.3718 1.08954
0.2413 1.09056
0.2457 1.09568
0.3122 1.09978
0.3638 1.31482
0.2431 1.62714
0.3277 1.53395
0.2582 1.56058
0.2769 1.55238
0.3312 1.55546
0.2349 1.54726
0.2303 1.56877
0.2713 1.34349
0.2285 1.57184
0.2341 1.34349
0.4801 1.56979
0.4008 1.53702
0.2389 1.65581
0.3995 1.55443
0.2612 1.34349
0.2608 1.34656
0.2401 1.34861
0.2355 1.55955
0.4892 1.55238
0.2541 1.64557
0.2378 1.34144
0.4461 1.65376
0.3332 1.34758
0.4722 1.55443
0.4272 1.64557
0.249 1.56365
0.2635 1.536
0.242 1.55341
0.4681 1.52166
0.2428 1.536
0.2834 1.54112
0.3097 1.52269
0.2398 1.09978
0.2408 1.09875
0.3266 1.09466
0.3503 1.08954
0.2614 1.08339
0.3008 1.0793
0.2611 1.0793
0.2421 1.07827
0.2451 1.07827
0.4806 1.08032
0.2521 1.08134
0.2531 1.0793
0.2302 1.07725
0.2516 1.08339
0.247 1.08237
0.2569 1.08032
0.251 1.08237
0.3525 1.0793
0.2524 1.08237
0.4822 1.0793
0.2366 1.08237
0.2562 1.08339
0.2322 1.0793
0.3459 1.0752
0.2537 1.07008
0.2483 1.06598
0.2365 1.06086
0.3623 1.0537
0.2684 1.05472
0.2492 1.04653
0.2428 1.03936
0.2302 1.03526
0.2968 1.03117
0.2365 1.0199
0.2539 1.01581
0.4448 1.01478
0.2507 1.01274
0.2415 1.01786
0.2459 1.01786
0.2561 1.01581
0.314 1.01786
0.3144 1.024
0.2352 1.03117
0.2586 1.03424
0.2497 1.03936
0.2347 1.04858
0.4138 1.05165
0.261 1.05574
0.2335 1.06291
0.2327 1.06701
0.2362 1.06906
0.2616 1.0752
0.473 1.0793
0.3826 1.08442
0.2885 1.08954
0.2347 1.09363
0.2522 1.0967
0.2323 1.52371
0.2732 1.55136
0.2469 1.55238
0.2457 1.32096
0.2341 1.32506
0.2704 1.56365
0.3239 1.536
0.2601 1.55341
0.4627 1.65069
0.2636 1.5872
0.2348 1.65376
0.2455 1.56979
0.3269 1.67219
0.2481 1.56979
0.3874 1.66093
0.2391 1.55034
0.2661 1.58003
0.4375 1.5872
0.2436 1.36294
0.2394 1.57696
0.263 1.35578
0.2402 1.57696
0.2339 1.37011
0.4475 1.36499
0.2515 1.58925
0.2377 1.59027
0.2702 1.60461
0.248 1.68038
0.2354 1.35987
0.2381 1.37523
0.2609 1.59642
0.2866 1.58822
0.4435 1.58515
0.2511 1.60051
0.2322 1.35475
0.2669 1.38035
0.2346 1.36704
0.2345 1.60154
0.3762 1.36397
0.3069 1.58515
0.2651 1.37011
0.443 1.36602
0.2606 1.6087
0.261 1.57901
0.3928 1.3609
0.4245 1.58822
0.2559 1.34963
0.252 1.57696
0.23 1.65786
0.2378 1.35168
0.2588 1.56672
0.2327 1.5872
0.2388 1.66502
0.251 1.34656
0.2696 1.35475
0.2382 1.66605
0.4251 1.56365
0.5122 1.57798
0.2477 1.58208
0.4611 1.5831
0.2511 1.58925
0.2603 1.55955
0.455 1.54112
0.2447 1.66707
0.2389 1.55853
0.4628 1.5575
0.2429 1.55443
0.2503 1.66093
0.2459 1.33837
0.2681 1.54419
0.2405 1.35373
0.247 1.56365
0.2321 1.56774
0.238 1.65478
0.2683 1.64557
0.2313 1.55443
0.4416 1.35066
0.2488 1.34861
0.2455 1.56979
0.2623 1.3568
0.266 1.5831
0.2447 1.60358
0.2481 1.66605
0.4658 1.36294
0.2557 1.37011
0.2387 1.38138
0.2391 1.5913
0.2534 1.59232
0.2368 1.62406
0.2423 1.60051
0.237 1.38854
0.2594 1.38854
0.4876 1.61997
0.2526 1.38854
0.3458 1.63123
0.365 1.6896
0.2349 1.39571
0.2318 1.60563
0.4322 1.6896
0.2614 1.3865
0.2327 1.62304
0.2315 1.39059
0.2571 1.70086
0.2449 1.6169
0.4756 1.59642
0.3622 1.61894
0.2743 1.59642
0.376 1.60973
0.2536 1.38957
0.2354 1.60256
0.2761 1.69267
0.4317 1.59744
0.4265 1.61894
0.3601 1.60563
0.256 1.59232
0.2372 1.60358
0.2828 1.37421
0.3803 1.59334
0.5106 1.67731
0.3748 1.57594
0.2394 1.65888
0.2635 1.59027
0.2436 1.35373
0.2396 1.57594
0.2343 1.3527
0.2647 1.34963
0.2402 1.64966
0.2331 1.33325
0.2444 1.3271
0.4538 1.33939
0.4276 1.33632
0.3886 1.33632
0.2343 1.56979
0.247 1.57594
0.2461 1.3312
0.2466 1.63738
0.258 1.33222
0.2361 1.34144
0.2352 1.55853
0.2357 1.57082
0.2639 1.55443
0.4279 1.56877
0.3402 1.64659
0.4464 1.57082
0.26 1.54931
0.2509 1.54624
0.2431 1.57798
0.2638 1.6599
0.2527 1.34963
0.2689 1.57594
0.251 1.35987
0.2662 1.35373
0.2532 1.34758
0.2493 1.56467
0.2652 1.55853
0.503 1.34963
0.239 1.34861
0.2368 1.65683
0.4697 1.56979
0.2563 1.34246
0.235 1.57389
0.237 1.34861
0.2402 1.56262
0.3259 1.34758
0.4013 1.5575
0.2468 1.55955
0.2918 1.35066
0.25 1.33325
0.2276 1.55136
0.2408 1.55136
0.2541 1.63635
0.2291 1.6384
0.2327 1.536
0.2635 1.62918
0.2549 1.32813
0.2401 1.5401
0.4216 1.55034
0.2354 1.54419
0.2634 1.54726
0.2513 1.53805
0.2576 1.5319
0.2589 1.55341
0.2359 1.09568
0.2416 1.09466
0.235 1.0967
0.2642 1.09466
0.2351 1.0967
0.2382 1.09363
0.2479 1.09466
0.2526 1.09466
0.4276 1.09261
0.4752 1.09158
0.2399 1.0967
0.2487 1.09261
0.4658 1.09261
0.255 1.09568
0.2914 1.30662
0.3725 1.09158
0.2374 1.0967
0.2283 1.53498
0.2615 1.09466
0.2287 1.09466
0.3557 1.09466
0.4522 1.09466
0.2659 1.09363
0.241 1.52269
0.235 1.09466
0.4391 1.09466
0.2352 1.09773
0.2601 1.09363
0.2443 1.09158
0.2598 1.1008
0.2914 1.54931
0.4602 1.31584
0.3418 1.51552
0.4683 1.52474
0.458 1.53395
0.2325 1.52781
0.2669 1.62406
0.254 1.62509
0.2419 1.54522
0.2285 1.32096
0.2484 1.32096
0.2821 1.55034
0.4395 1.53498
0.2366 1.53805
0.5382 1.53395
0.5324 1.32608
0.2331 1.53293
0.2337 1.54522
0.2544 1.32403
0.2349 1.54931
0.235 1.54112
0.2507 1.32403
0.2486 1.32096
0.2342 1.34861
0.275 1.52986
0.2392 1.53907
0.2506 1.51347
0.2423 1.5575
0.2503 1.55238
0.2734 1.54726
0.2502 1.61997
0.2364 1.54317
0.2416 1.62714
0.26 1.32301
0.2484 1.55955
0.2393 1.31994
0.2585 1.32403
0.262 1.54726
0.2347 1.55546
0.2565 1.31891
0.2566 1.53088
0.3597 1.32198
0.2566 1.31994
0.2364 1.57696
0.2531 1.32096
0.2435 1.54419
0.2828 1.56979
0.2325 1.5401
0.2813 1.34246
0.2366 1.62816
0.2313 1.54624
0.5058 1.53702
0.4571 1.32506
0.2631 1.55853
0.2459 1.48582
0.263 1.32301
0.269 1.54931
0.4254 1.32403
0.2711 1.54624
0.2658 1.54726
0.3343 1.32198
0.2546 1.53498
0.2537 1.32198
0.4017 1.54931
0.2317 1.32301
0.2387 1.5319
0.2352 1.63021
0.2608 1.32198
0.2291 1.32403
0.2382 1.32096
0.2391 1.63533
0.3563 1.55648
0.4573 1.54317
0.2334 1.54419
0.2491 1.51962
0.4768 1.63021
0.3378 1.52371
0.2462 1.31789
0.3611 1.55238
0.2348 1.31584
0.2409 1.536
0.2523 1.54522
0.2524 1.54214
0.2438 1.63328
0.2464 1.31789
0.2651 1.54931
0.2447 1.56365
0.2563 1.53702
0.4118 1.55443
0.3682 1.63226
0.2425 1.55136
0.2418 1.31891
0.231 1.32301
0.3705 1.31994
0.233 1.31994
0.2303 1.32096
0.4235 1.53907
0.2704 1.31994
0.2353 1.53805
0.2335 1.31994
0.3588 1.63123
0.2371 1.32506
0.2397 1.3353
0.4539 1.31686
0.2725 1.32198
0.2357 1.54419
0.2415 1.32301
0.2334 1.55955
0.4853 1.52576
0.2467 1.51757
0.2327 1.5319
0.418 1.32096
0.2573 1.32301
0.2341 1.56262
0.2554 1.52474
0.2403 1.5575
0.2401 1.32403
0.2351 1.32096
0.3389 1.32096
0.2666 1.32403
0.4695 1.32403
0.2385 1.31994
0.2338 1.53498
0.2758 1.56058
0.2425 1.5401
0.3669 1.32403
0.2539 1.62918
0.2604 1.51654
0.2529 1.54419
0.2392 1.32403
0.2299 1.32506
0.5264 1.31891
0.247 1.53805
0.2418 1.32096
0.233 1.53805
0.2609 1.54931
0.3234 1.536
0.2513 1.62816
0.4285 1.53498
0.3163 1.54829
0.2643 1.54931
0.2459 1.32198
0.2415 1.54214
0.274 1.31994
0.3928 1.52474
0.2469 1.31482
0.2685 1.32198
0.2442 1.5575
0.2436 1.53702
0.2477 1.54624
0.2972 1.55341
0.2432 1.5319
0.2348 1.5575
0.2411 1.536
0.4825 1.62611
0.2358 1.53805
0.2338 1.55955
0.2393 1.32198
0.2563 1.32301
0.2624 1.32198
0.2383 1.63328
0.3502 1.54419
0.3355 1.63021
0.2607 1.32403
0.2576 1.31994
0.2622 1.31789
0.2348 1.54317
0.2433 1.54624
0.4516 1.62099
0.2552 1.6343
0.233 1.62406
0.2336 1.55238
