0.336 0
0.4608 0
0.0836 0
0.0823 0
0.0762 0
0.0852 0
0.0824 0
0.0852 2.42688
0.0891 2.45248
0.0841 2.65011
0.0863 2.56819
0.0824 2.35827
0.0805 2.43507
0.1497 2.43302
0.0801 2.7136
0.0774 2.7095
0.0838 2.69107
0.0822 2.39821
0.0848 2.39514
0.1116 2.38797
0.0809 2.52928
0.0833 2.51494
0.0813 2.67981
0.0747 2.39411
0.0837 2.40538
0.1388 2.40333
0.084 2.36749
0.0801 2.64909
0.0805 2.38797
0.1336 2.37978
0.0852 2.48422
0.0767 2.37568
0.0837 2.32243
0.0812 2.37773
0.0795 2.3767
0.0825 2.36544
0.0795 2.48115
0.0768 2.38694
0.0849 2.37875
0.0875 2.49037
0.0808 2.37773
0.0964 2.3849
0.1142 2.66445
0.0872 2.36544
0.1161 2.49856
0.1596 2.49344
0.0898 2.48627
0.0832 2.37158
0.0785 2.38285
0.1453 2.3808
0.0823 2.36851
0.1115 2.36749
0.0806 2.65933
0.0834 2.39616
0.0907 2.40026
0.08 2.39206
0.076 2.48525
0.0873 2.66035
0.0787 2.36646
0.0751 2.48832
0.0766 2.49139
0.0763 2.37875
0.078 2.64499
0.0796 2.39104
0.0772 2.36646
0.0742 2.65216
0.0825 2.64499
0.076 2.48627
0.0766 2.4873
0.0786 2.66752
0.0858 2.37773
0.0746 2.38592
0.0767 2.36544
0.0794 2.36646
0.1241 2.37466
0.0777 2.49242
0.0867 2.29478
0.0766 2.65421
0.0789 2.3849
0.0818 2.37158
0.0815 2.48115
0.0785 2.37466
0.1466 2.38899
0.0788 2.68493
0.0755 2.53235
0.0824 2.40026
0.0792 2.40538
0.0813 2.68698
0.0795 2.54566
0.0821 2.41254
0.08 2.40538
0.1177 2.54566
0.13 2.68902
0.0824 2.41152
0.0796 2.40435
0.1409 2.41357
0.0871 2.37875
0.0886 2.36442
0.114 2.6624
0.0812 2.50163
0.0811 2.36954
0.0783 2.37056
0.162 2.37773
0.1169 2.36646
0.1345 2.37978
0.0788 2.65421
0.0755 2.38899
0.0859 2.5047
0.0801 2.64397
0.0851 2.65318
0.085 2.36851
0.0946 2.47501
0.0793 2.71565
0.0734 2.4279
0.0869 2.71667
0.1499 2.42074
0.0828 2.68186
0.1047 2.38694
0.0817 2.37568
0.1293 2.38182
0.1009 2.3808
0.0807 2.37158
0.0802 2.48832
0.0973 2.38182
0.0816 2.39411
0.092 2.4023
0.1333 2.39821
0.082 2.39923
0.0852 2.39411
0.0801 2.66957
0.1314 2.52518
0.0812 2.40026
0.1514 2.32243
0.0813 2.52109
0.0758 2.41562
0.0786 2.51802
0.0813 2.68083
0.075 2.40128
0.0824 2.39923
0.0887 2.40128
0.0809 2.38592
0.0788 2.41152
0.0851 2.53133
0.0828 2.40026
0.0808 2.51802
0.0843 2.39514
0.0846 2.37568
0.1076 2.64704
0.1191 2.35725
0.0773 2.35725
0.0871 2.35725
0.1349 2.45658
0.1409 2.4576
0.162 2.52109
0.0787 2.42074
0.0816 2.52723
0.081 2.67162
0.108 2.38694
0.0832 2.40128
0.084 2.6839
0.1555 2.40026
0.1509 2.39514
0.1407 2.39104
0.1473 2.52621
0.0847 2.49651
0.0815 2.41152
0.08 2.52109
0.0852 2.36851
0.0856 2.37875
0.0829 2.38592
0.0784 2.37875
0.0866 2.37568
0.0767 2.48627
0.1131 2.65216
0.0871 2.50061
0.1465 2.38797
0.1623 2.42995
0.0781 2.56717
0.1314 2.71258
0.0777 2.42893
0.0877 2.44224
0.0799 2.42586
0.1373 2.43712
0.0836 2.4361
0.1026 2.42893
0.0768 2.43405
0.0767 2.56512
0.0814 2.37158
0.143 2.66445
0.0766 2.31117
0.0858 2.38182
0.0761 2.39104
0.0836 2.4832
0.0838 2.37056
0.0806 2.66547
0.0761 2.37261
0.0817 2.3767
0.0752 2.35622
0.1016 2.3593
0.0815 2.3552
0.0796 2.72589
0.1287 2.71258
0.0766 2.43405
0.0802 2.43917
0.0824 2.43814
0.0839 2.43712
0.0753 2.43814
0.101 2.37363
0.082 2.36646
0.148 2.37158
0.1383 2.6624
0.123 2.37568
0.1083 2.4873
0.088 2.32448
0.0955 2.50573
0.0843 2.67981
0.1401 2.39206
0.0795 2.65421
0.1401 2.65728
0.146 2.39206
0.1449 2.39514
0.1301 2.51699
0.1265 2.41562
0.091 2.41664
0.1194 2.52006
0.0935 2.41459
0.0814 2.4105
0.0779 2.64499
0.0828 2.38285
0.0832 2.42381
0.0754 2.42278
0.0849 2.43917
0.1135 2.54362
0.0817 2.69414
0.0762 2.432
0.1436 2.42278
0.1025 2.42176
0.1231 2.47501
0.0947 2.43712
0.074 2.37056
0.081 2.37056
0.0833 2.39718
0.077 2.39104
0.0764 2.4064
0.0829 2.51699
0.0791 2.50675
0.0791 2.51494
0.0878 2.64909
0.084 2.42893
0.0769 2.48013
0.1309 2.65933
0.1288 2.3808
0.1303 2.40742
0.0783 2.4535
0.1082 2.51392
0.0775 2.68083
0.079 2.68902
0.0815 2.51699
0.0815 2.6624
0.1468 2.48525
0.0818 2.36954
0.0772 2.32448
0.1614 2.51699
0.1474 2.40947
0.0786 2.51187
0.0838 2.4023
0.0796 2.52314
0.0826 2.4105
0.0789 2.37158
0.0767 2.36442
0.0776 2.6583
0.0837 2.39104
0.0825 2.39616
0.1569 2.67776
0.1358 2.66752
0.0776 2.39309
0.0814 2.4023
0.0778 2.49037
0.0808 2.66342
0.0841 2.36339
0.1448 2.50573
0.0825 2.64909
0.0821 2.36442
0.0827 2.48115
0.0845 2.65216
0.1528 2.36544
0.0837 2.36134
0.0844 2.65114
0.0872 2.37158
0.0807 2.65523
0.0853 2.38182
0.0819 2.41766
0.0764 2.39616
0.0761 2.39923
0.0804 2.68083
0.1316 2.68083
0.0845 2.40538
0.0748 2.39104
0.0921 2.37261
0.0808 2.66342
0.077 2.49856
0.0779 2.36749
0.0869 2.47501
0.0817 2.38182
0.0825 2.37875
0.0727 2.37056
0.0753 2.37056
0.0823 2.65114
0.0812 2.65318
0.1469 2.47194
0.1067 2.65728
0.08 2.6583
0.077 2.39718
0.0847 2.5129
0.0796 2.40128
0.0821 2.41357
0.1404 2.40742
0.0774 2.68493
0.084 2.46477
0.0753 2.48422
0.0833 2.37056
0.0823 2.3767
0.1008 2.37466
0.0785 2.37773
0.083 2.50368
0.0839 2.67162
0.1006 2.67469
0.085 2.52416
0.0804 2.56717
0.0862 2.34701
0.091 2.3808
0.079 2.6665
0.082 2.41971
0.0772 2.41152
0.096 2.42893
0.1326 2.43507
0.1179 2.4279
0.0819 2.43712
0.0761 2.41152
0.0864 2.37875
0.0779 2.65728
0.0759 2.37158
0.1304 2.63987
0.0831 2.68595
0.086 2.39514
0.0841 2.39821
0.1636 2.39514
0.0839 2.39821
0.0878 2.31322
0.0815 2.63782
0.1422 2.37466
0.0858 2.47808
0.0802 2.37261
0.0803 2.48218
0.1002 2.64499
0.0747 2.41971
0.0792 2.64806
0.0762 2.37978
0.0826 2.37056
0.1124 2.37261
0.1446 2.37363
0.1383 2.49958
0.0812 2.36954
0.0777 2.37568
0.082 2.4023
0.0837 2.68493
0.1456 2.39718
0.0759 2.51904
0.078 2.51187
0.1455 2.37261
0.079 2.37773
0.0812 2.63885
0.0798 2.36851
0.0817 2.37363
0.0834 2.36954
0.0763 2.64806
0.0829 2.36749
0.0852 2.37875
0.1461 2.65626
0.0752 2.62656
0.0833 2.42381
0.0829 2.37261
0.0825 2.37158
0.0762 2.37773
0.0771 2.48422
0.0773 2.38387
0.0815 2.66035
0.0895 2.37261
0.0858 2.66138
0.0742 2.34291
0.0826 2.5129
0.0864 2.40128
0.0812 2.44019
0.0812 2.432
0.0768 2.7177
0.1533 2.432
0.1139 2.71258
0.0821 2.54976
0.1098 2.4279
0.0776 2.62656
0.0785 2.35213
0.0787 2.34496
0.0781 2.35418
0.0761 2.34394
0.0805 2.46579
0.0765 2.63168
0.0752 2.35827
0.0999 2.65011
0.0918 2.64909
0.0765 2.62349
0.0838 2.62861
0.076 2.35418
0.0764 2.38182
0.0759 2.39002
0.1176 2.39616
0.1517 2.52314
0.1611 2.40435
0.0871 2.39002
0.076 2.33574
0.0749 2.65011
0.1551 2.37773
0.0869 2.3767
0.0809 2.38182
0.0854 2.63987
0.0786 2.38182
0.0763 2.37056
0.0784 2.3767
0.0832 2.49856
0.0806 2.37773
0.0828 2.35725
0.1441 2.65626
0.1334 2.47194
0.1206 2.68595
0.113 2.39514
0.115 2.51187
0.0752 2.39923
0.0848 2.38694
0.0748 2.6839
0.0868 2.4023
0.0813 2.3552
0.0753 2.46067
0.0786 2.34394
0.0777 2.49344
0.0752 2.3849
0.0885 2.65011
0.1148 2.38285
0.0905 2.37261
0.0775 2.4873
0.0805 2.38285
0.1105 2.40128
0.0809 3.20512
0.0798 3.21434
0.0793 2.88563
0.0783 2.8969
0.0808 3.20205
0.0864 3.19386
0.0763 2.89894
0.1306 2.90509
0.0838 2.8969
0.0856 2.82522
0.0778 3.20512
0.0783 3.21741
0.0799 3.21536
0.0773 2.89178
0.0844 3.12115
0.143 3.19078
0.1327 2.90714
0.0783 2.89075
0.0977 2.89792
0.0753 3.20922
0.0827 2.89792
0.1356 3.1959
0.076 2.89587
0.079 3.13958
0.0762 3.12934
0.0804 2.89997
0.1467 2.89587
0.0806 3.20819
0.0747 3.20307
0.0914 3.1959
0.0872 3.21536
0.0874 3.1959
0.0765 2.89382
0.0778 2.88358
0.0762 2.88973
0.0774 3.15187
0.0768 3.12115
0.0787 3.19898
0.0842 2.8969
0.0771 2.89894
0.0811 3.19693
0.083 3.18669
0.0758 2.89178
0.1485 2.89075
0.1284 3.11603
0.0805 2.88358
0.124 3.12525
0.0798 2.90099
0.076 2.90099
0.0747 3.1273
0.0743 3.20922
0.0848 3.13242
0.1291 3.12525
0.0793 3.19795
0.0773 2.89178
0.1391 2.89485
0.0816 3.19386
0.0783 3.20614
0.1122 2.89587
0.0817 2.89485
0.0861 2.8969
0.0848 2.80269
0.0833 3.12422
0.0826 2.88768
0.0819 2.89485
0.0749 3.13446
0.076 3.19898
0.1333 3.20922
0.1275 2.88666
0.0829 3.04538
0.0775 2.88666
0.0806 2.88666
0.08 2.88461
0.0762 2.89178
0.0817 3.19181
0.0766 2.90099
0.0805 2.89178
0.0927 3.20205
0.08 3.19181
0.0959 3.1191
0.1254 2.88461
0.0766 3.2041
0.0799 3.2041
0.0909 2.90406
0.0781 2.90714
0.0812 2.89075
0.0929 3.2
0.1029 3.13139
0.0813 3.19898
0.081 3.13344
0.0937 2.90611
0.0776 2.89997
0.1467 3.15187
0.0893 2.88154
0.1254 2.8887
0.0761 2.90714
0.0831 2.8969
0.0751 2.89997
0.0808 2.89382
0.0766 3.19181
0.0889 3.13242
0.0811 3.20512
0.0766 2.89792
0.1 2.88461
0.0913 3.12627
0.0794 2.89178
0.0761 3.13446
0.0765 3.19386
0.0766 3.19693
0.076 2.88768
0.0782 2.88256
0.0766 3.19693
0.0772 2.8887
0.0869 3.10886
0.076 2.88768
0.1443 3.04333
0.0792 3.1273
0.082 3.20102
0.0764 2.90304
0.0779 2.88973
0.0836 3.21434
0.0768 3.20102
0.0802 2.88563
0.0858 3.13754
0.0763 2.88666
0.0746 3.13344
0.0847 3.20205
0.0811 2.88768
0.1153 2.89792
0.0974 2.88666
0.0816 3.12525
0.0738 2.88666
0.0846 2.89485
0.1471 2.88666
0.0834 2.90406
0.0778 3.1785
0.0849 3.13549
0.0803 2.89382
0.0786 2.8969
0.0855 3.19488
0.0967 3.21126
0.1557 3.21126
0.0812 2.8928
0.0801 3.13754
0.0767 2.88768
0.0761 3.18976
0.0747 3.12422
0.0812 2.89587
0.079 3.19795
0.0792 2.88666
0.0747 3.2041
0.1342 2.89382
0.099 3.2041
0.0857 3.12422
0.0867 2.89587
0.0821 2.90406
0.0774 2.8969
0.0773 3.20922
0.084 2.8928
0.0851 3.20307
0.0803 3.19693
0.0951 2.92352
0.0837 3.2041
0.0796 3.11194
0.102 3.13242
0.15 3.20307
0.1131 3.2215
0.1051 2.90099
0.0851 2.88768
0.0765 2.89997
0.0894 3.13037
0.0805 2.89382
0.0778 3.1959
0.0825 3.19386
0.0773 3.21536
0.08 2.88358
0.1377 2.89894
0.0993 2.8887
0.089 2.88973
0.0867 2.89382
0.0769 2.8887
0.077 2.88461
0.0834 3.11808
0.0836 2.88666
0.0785 3.11603
0.0797 3.18464
0.0832 2.89382
0.0826 2.88768
0.0814 3.19795
0.0927 3.18976
0.0803 2.81395
0.078 3.10067
0.078 3.13549
0.093 3.20205
0.1938 3.13242
0.0752 2.89075
0.08 2.8969
0.0787 3.20512
0.0829 2.90816
0.0904 3.21434
0.0802 2.88461
0.1183 2.89075
0.1442 3.19488
0.0816 3.14778
0.0834 2.88461
0.0844 2.90611
0.1204 2.88973
0.0942 3.20102
0.08 2.89587
0.1029 3.12218
0.0865 3.13037
0.0796 3.13856
0.0782 2.89382
0.1434 2.89178
0.0842 2.88461
0.0846 2.89894
0.079 3.19898
0.0806 2.89382
0.0801 2.88358
0.0914 3.11296
0.0872 3.20205
0.0782 2.88256
0.0819 2.90714
0.0858 2.89587
0.0797 3.12525
0.0769 3.19181
0.1126 3.09248
0.0817 2.88973
0.0839 2.89587
0.083 3.19898
0.0789 2.88768
0.0772 2.89792
0.0781 3.10989
0.0762 2.89485
0.0812 2.89075
0.1322 2.88973
0.0793 2.89178
0.0759 2.8928
0.0862 2.89382
0.1245 3.21741
0.0895 2.8969
0.0737 2.89382
0.0822 3.20614
0.0762 2.89485
0.0824 3.18566
0.0829 2.89178
0.0831 3.1232
0.076 2.89178
0.104 2.89075
0.0875 3.11501
0.1194 3.19795
0.1303 3.19181
0.0816 2.87846
0.0827 3.20922
0.0789 2.89178
0.0771 3.21331
0.146 3.20512
0.0819 2.88666
0.0789 2.88666
0.1437 3.1232
0.0818 2.8928
0.0856 3.19078
0.0851 2.89587
0.0781 3.21024
0.0851 3.12013
0.0765 3.19795
0.1553 3.20717
0.1261 3.19488
0.0794 3.11706
0.0879 2.88563
0.0824 3.20205
0.0754 3.15802
0.0828 2.8928
0.0839 2.88563
0.0826 2.89587
0.0747 2.88358
0.078 3.19078
0.0841 3.20307
0.0845 3.21126
0.1365 2.8887
0.0775 2.8887
0.0816 2.8928
0.1441 2.8969
0.0842 2.88051
0.1431 2.88768
0.0771 2.88563
0.0809 2.87846
0.0838 3.18771
0.0794 2.89587
0.0769 2.88051
0.0854 3.20922
0.0789 3.14778
0.0774 2.88563
0.0791 2.8969
0.0867 3.10989
0.0823 2.88358
0.0799 2.88768
0.0902 3.19078
0.0851 3.20307
0.0818 3.12115
0.1492 3.1959
0.1132 2.88973
0.0838 2.89792
0.0768 3.1959
0.081 3.13446
0.1274 2.89587
0.0841 2.91226
0.0784 3.14573
0.0795 3.19795
0.0824 3.21331
0.076 3.10682
0.0848 2.88768
0.126 3.20102
0.0809 2.8887
0.0818 2.89894
0.0802 3.1191
0.0794 2.91328
0.1006 2.89382
0.0786 2.89382
0.0774 2.8928
0.0772 3.1273
0.0842 3.2
0.0832 2.8887
0.1288 2.89792
0.0821 2.8969
0.0818 2.89587
0.0804 3.18362
0.0825 3.21229
0.144 2.88563
0.0772 3.13139
0.0789 2.89894
0.0777 3.20307
0.0841 3.1959
0.1155 3.18362
0.0831 3.20614
0.0818 2.87846
0.0824 2.89485
0.1521 2.89075
0.0764 3.12627
0.0818 2.8969
0.0847 2.89587
0.0751 2.89075
0.0863 2.90714
0.0818 2.89178
0.0764 3.18874
0.082 3.21434
0.1104 3.18669
0.0813 3.20307
0.1075 2.8887
0.076 2.89075
0.0749 2.8887
0.0763 2.89792
0.0836 2.88666
0.0766 2.88051
0.1312 2.89075
0.0784 2.89075
0.0773 2.88768
0.082 2.8928
0.0863 2.8928
0.0762 3.11808
0.1057 2.88768
0.1292 3.12013
0.0907 3.20205
0.0821 2.88461
0.111 3.20205
0.0819 3.1959
0.0771 3.20307
0.0783 2.88256
0.0893 3.20102
0.0808 2.89485
0.0818 3.19488
0.1352 2.80371
0.1459 3.19181
0.1235 2.89587
0.0844 2.88154
0.1436 2.90918
0.0806 3.12422
0.0817 3.19795
0.0853 2.87744
0.1034 3.18157
0.0791 2.89485
0.08 2.88563
0.0805 2.8928
0.0808 2.88768
0.1529 2.89075
0.0855 2.8887
0.1232 2.90406
0.0766 2.89587
0.0795 3.11706
0.1368 3.18771
0.0835 2.8887
0.0761 2.90406
0.0836 3.1959
0.1069 3.20102
0.1296 2.88154
0.0757 2.89075
0.0785 2.89178
0.0848 2.89587
0.0818 3.20717
0.1425 3.13856
0.0832 2.90509
0.0758 2.8928
0.0911 3.10784
0.0804 2.88563
0.0902 2.88973
0.1271 3.19283
0.0832 3.20819
0.0752 3.13549
0.0834 3.2
0.0785 3.18566
0.0957 3.2
0.0783 3.10989
0.0749 3.20614
0.0884 2.89485
0.0901 3.20102
0.0816 2.89792
0.076 3.11398
0.0753 2.8928
0.0836 2.89382
0.0785 3.11091
0.0808 2.8969
0.1285 3.11603
0.1251 3.11091
0.0766 2.91226
0.1287 3.19181
0.0832 2.88768
0.0773 3.10477
0.0784 3.21229
0.0765 3.19898
0.0783 3.19283
0.0816 2.8928
0.0754 3.12115
0.1373 3.21024
0.0841 3.11398
0.112 2.89485
0.1215 3.20819
0.0835 2.88666
0.0864 2.88666
0.0804 2.88461
0.0784 3.20819
0.076 2.88154
0.1381 2.89382
0.0745 3.19078
0.0779 2.89178
0.0854 3.1273
0.0831 3.18874
0.152 2.88768
0.0799 2.89587
0.0772 2.8969
0.0872 3.20307
0.0832 2.88666
0.0793 2.89587
0.0747 3.12525
0.0831 2.8928
0.0789 2.87642
0.1051 3.19283
0.077 2.88461
0.0757 3.20205
0.0963 2.89382
0.0873 2.88461
0.078 2.89485
0.1055 2.89075
0.0815 3.20819
0.1166 3.19078
0.0973 3.21434
0.0841 2.88666
0.1351 3.19181
0.144 2.88256
0.0808 2.90099
0.0803 2.81293
0.0758 3.04128
0.1099 2.89587
0.0762 2.88666
0.1082 3.12832
0.084 2.89997
0.0776 2.88563
0.0769 2.88461
0.0892 2.89485
0.0838 3.12422
0.0836 2.8969
0.1073 3.12422
0.0878 3.19898
0.0811 3.13242
0.0827 2.89792
0.141 2.88768
0.1578 2.89997
0.0831 2.89894
0.0793 2.88358
0.129 2.89997
0.075 2.88563
0.1101 3.13754
0.0892 2.8969
0.1211 2.89587
0.1336 2.91021
0.0817 2.88563
0.1434 3.13754
0.0837 2.89485
0.1295 2.89485
0.0778 2.88051
0.0835 2.89178
0.0788 3.19795
0.1499 2.88358
0.0996 3.2041
0.0856 3.20819
0.0786 3.20819
0.0786 2.89587
0.0784 3.19078
0.0792 3.2041
0.1096 2.89792
0.1397 3.19693
0.0793 3.21434
0.0856 3.20922
0.1123 3.18464
0.1405 3.11706
0.1394 2.89587
0.0766 2.89075
0.1114 3.19181
0.083 2.8928
0.0824 3.20102
0.1387 3.19181
0.0933 3.13242
0.1013 2.8887
0.0933 3.21843
0.0893 3.10784
0.0821 2.8928
0.0982 3.14061
0.1039 3.1191
0.0999 2.88973
0.1021 3.19488
0.0806 3.11706
0.0824 2.89792
0.109 2.8887
0.0798 2.89382
0.1071 3.12013
0.0827 3.2
0.1388 2.88563
0.1375 2.88051
0.104 3.13344
0.1155 2.89382
0.1 2.89792
0.1194 2.90816
0.1335 2.88666
0.1466 3.1191
0.0782 2.88358
0.1087 3.19488
0.1287 3.12115
0.0771 3.19078
0.1045 3.19078
0.0794 2.90202
0.0811 2.90202
0.1455 2.88973
0.0922 3.19898
0.16 3.19181
0.0781 3.20512
0.1237 3.12115
0.1142 3.12627
0.1484 2.8887
0.075 3.19898
0.135 2.89792
0.0951 2.88461
0.1038 2.89075
0.1501 2.8928
0.107 2.88256
0.1247 3.12422
0.0992 2.89997
0.1083 2.8887
0.1214 2.89792
0.0872 2.89894
0.0828 2.89485
0.1129 2.89382
0.1131 2.91021
0.0839 2.89997
0.0819 2.89997
0.0874 2.90304
