0.2448 0.45568
0.2305 0.459776
0.3583 0.45568
0.2716 0.459776
0.2861 0.457728
0.1552 0.453632
0.1572 0.457728
0.16 0.453632
0.1847 0.457728
0.3203 0.453632
0.1451 0.457728
0.1715 0.453632
0.1809 0.454656
0.1605 0.872448
0.159 0.580608
0.1561 0.458752
0.1556 0.454656
0.1447 0.456704
0.1494 0.458752
0.307 0.457728
0.1462 0.456704
0.2166 0.458752
0.1566 0.452608
0.1501 0.452608
0.153 0.456704
0.3341 0.4608
0.1796 0.456704
0.1496 0.45568
0.3414 0.458752
0.3332 0.459776
0.1444 0.4608
0.2108 0.457728
0.2156 0.45568
0.1492 0.457728
0.3529 0.456704
0.1502 0.456704
0.198 0.457728
0.1459 0.456704
0.347 0.456704
0.3556 0.456704
0.1611 0.458752
0.3297 0.459776
0.1482 0.457728
0.1496 0.459776
0.1933 0.4608
0.3234 0.458752
0.152 0.459776
0.3056 0.456704
0.2029 0.457728
0.1733 0.4608
0.1522 0.458752
0.1534 0.457728
0.2352 0.457728
0.1499 0.458752
0.144 0.458752
0.3275 0.457728
0.2678 0.458752
0.3245 0.458752
0.1487 0.458752
0.2008 0.457728
0.1482 0.459776
0.1484 0.456704
0.226 0.45568
0.1442 0.458752
0.1517 0.456704
0.242 0.459776
0.2646 0.458752
0.1494 0.459776
0.2333 0.457728
0.2397 0.461824
0.1781 0.4608
0.1726 0.4608
0.1457 0.457728
0.1453 0.457728
0.1694 0.457728
0.1491 0.459776
0.1549 0.458752
0.266 0.457728
0.1586 0.454656
0.3389 0.45568
0.3059 0.454656
0.1475 0.457728
0.3657 0.454656
0.1639 0.456704
0.2253 0.454656
0.1471 0.45568
0.1592 0.452608
0.3291 0.45568
0.3256 0.45568
0.1545 0.456704
0.1589 0.453632
0.1441 0.456704
0.2382 0.456704
0.1766 0.456704
0.3461 0.454656
0.1574 0.454656
0.1536 0.456704
0.2273 0.45568
0.2917 0.451584
0.3246 0.456704
0.1576 0.454656
0.1576 0.456704
0.147 0.453632
0.1684 0.457728
0.1811 0.457728
0.2314 0.458752
0.3212 0.459776
0.2963 0.45568
0.1556 0.454656
0.1506 0.454656
0.1538 0.458752
0.164 0.45568
0.1479 0.45056
0.1596 0.456704
0.1845 0.453632
0.1476 0.454656
0.1572 0.45568
0.1531 0.454656
0.1487 0.457728
0.1799 0.456704
0.1657 0.456704
0.1703 0.45568
0.1519 0.453632
0.1481 0.453632
0.1484 0.451584
0.1471 0.453632
0.1614 0.456704
0.1777 0.458752
0.338 0.45568
0.3596 0.456704
0.2621 0.45568
0.2571 0.454656
0.2101 0.454656
0.1506 0.454656
0.1559 0.456704
0.1536 0.456704
0.1707 0.456704
0.2645 0.454656
0.175 0.456704
0.2704 0.456704
0.16 0.454656
0.2721 0.456704
0.2679 0.459776
0.2618 0.45568
0.1725 0.454656
0.2562 0.456704
0.1763 0.457728
0.357 0.452608
0.3462 0.454656
0.1653 0.45568
0.1525 0.453632
0.1852 0.457728
0.1488 0.45568
0.1483 0.45568
0.256 0.454656
0.3237 0.456704
0.2355 0.45568
0.2122 0.45568
0.3502 0.456704
0.2454 0.452608
0.2536 0.457728
0.2224 0.45568
0.1511 0.452608
0.1627 0.454656
0.227 0.452608
0.1459 0.454656
0.2443 0.45568
0.2351 0.456704
0.2347 0.453632
0.1508 0.451584
0.1604 0.452608
0.1455 0.456704
0.2409 0.454656
0.1574 0.454656
0.1893 0.454656
0.1554 0.453632
0.1667 0.456704
0.1607 0.456704
0.1962 0.454656
0.2703 0.451584
0.3229 0.45568
0.1483 0.451584
0.3384 0.452608
0.3281 0.457728
0.1501 0.458752
0.1806 0.454656
0.2685 0.45568
0.2231 0.45568
0.3295 0.453632
0.1531 0.452608
0.2331 0.454656
0.1693 0.453632
0.2943 0.457728
0.1502 0.45568
0.1951 0.453632
0.1684 0.452608
0.1478 0.454656
0.2402 0.45568
0.1545 0.454656
0.3259 0.451584
0.148 0.451584
0.1525 0.458752
0.1629 0.453632
0.2353 0.454656
0.327 0.453632
0.3308 0.454656
0.3368 0.453632
0.1553 0.453632
0.2377 0.45568
0.1551 0.454656
0.3253 0.457728
0.1527 0.452608
0.1953 0.45568
0.3265 0.454656
0.1524 0.456704
0.1717 0.45568
0.2133 0.45056
0.1493 0.45568
0.1716 0.454656
0.3377 0.454656
0.27 0.454656
0.3352 0.454656
0.2415 0.45568
0.1466 0.45568
0.1668 0.454656
0.2121 0.453632
0.252 0.454656
0.3027 0.456704
0.2597 0.458752
0.1472 0.45568
0.147 0.452608
0.1503 0.45568
0.2934 0.454656
0.1523 0.453632
0.1771 0.45568
0.206 0.454656
0.148 0.454656
0.165 0.45568
0.1472 0.454656
0.1488 0.454656
0.2849 0.453632
0.146 0.45568
0.1704 0.454656
0.1452 0.456704
0.1768 0.456704
0.1518 0.456704
0.1518 0.453632
0.1485 0.45568
0.16 0.453632
0.1519 0.45568
0.1734 0.453632
0.1496 0.454656
0.1732 0.452608
0.1549 0.454656
0.1583 0.456704
0.1477 0.454656
0.1467 0.456704
0.1502 0.45568
0.1469 0.45568
0.1548 0.45568
0.1792 0.454656
0.1446 0.454656
0.1522 0.454656
0.3339 0.45568
0.1997 0.449536
0.1628 0.453632
0.3361 0.454656
0.1868 0.45568
0.3365 0.454656
0.153 0.454656
0.1624 0.453632
0.1439 0.456704
0.1487 0.456704
0.1488 0.454656
0.1461 0.453632
0.1458 0.453632
0.1502 0.456704
0.2107 0.453632
0.2101 0.453632
0.1431 0.454656
0.1545 0.448512
0.1483 0.451584
0.1444 0.45568
0.1508 0.451584
0.1643 0.452608
0.1459 0.456704
0.1502 0.453632
0.156 0.453632
0.3324 0.45568
0.151 0.457728
0.3713 0.453632
0.1671 0.45568
0.1554 0.45568
0.1498 0.45568
0.1501 0.45568
0.1543 0.452608
0.1475 0.454656
0.1495 0.454656
0.3027 0.456704
0.3385 0.453632
0.1645 0.452608
0.1685 0.453632
0.1611 0.454656
0.146 0.456704
0.1502 0.454656
0.1475 0.454656
0.148 0.45568
0.1499 0.45568
0.1457 0.454656
0.1501 0.453632
0.2545 0.456704
0.1496 0.45568
0.1478 0.456704
0.191 0.456704
0.1506 0.45568
0.1513 0.453632
0.1493 0.453632
0.1508 0.454656
0.1876 0.453632
0.147 0.453632
0.1528 0.45568
0.1435 0.452608
0.1476 0.454656
0.3306 0.451584
0.1495 0.451584
0.3252 0.453632
0.3386 0.45568
0.1495 0.454656
0.1452 0.45568
0.147 0.454656
0.1495 0.452608
0.1481 0.456704
0.1555 0.454656
0.1464 0.454656
0.27 0.454656
0.1505 0.456704
0.1491 0.454656
0.1478 0.452608
0.1628 0.454656
0.1539 0.452608
0.1472 0.452608
0.151 0.454656
0.1517 0.456704
0.1454 0.454656
0.151 0.453632
0.1464 0.4608
0.1447 0.451584
0.1529 0.453632
0.1768 0.453632
0.1465 0.45568
0.153 0.45056
0.1484 0.454656
0.3422 0.452608
0.3169 0.452608
0.1466 0.453632
0.1477 0.452608
0.1636 0.452608
0.1474 0.454656
0.3316 0.453632
0.1504 0.452608
0.1447 0.452608
0.3458 0.45568
0.1732 0.454656
0.1525 0.45568
0.1469 0.454656
0.1704 0.453632
0.3098 0.453632
0.1453 0.452608
0.1596 0.454656
0.3391 0.454656
0.3273 0.452608
0.1491 0.453632
0.1453 0.454656
0.3312 0.45568
0.156 0.454656
0.3255 0.456704
0.263 0.452608
0.2547 0.45568
0.1494 0.453632
0.1444 0.453632
0.1482 0.451584
0.1634 0.45568
0.1513 0.453632
0.3302 0.453632
0.1487 0.454656
0.1441 0.453632
0.1743 0.454656
0.1465 0.453632
0.15 0.452608
0.2044 0.453632
0.1469 0.453632
0.1537 0.45568
0.1516 0.456704
0.1802 0.453632
0.1513 0.453632
0.146 0.452608
0.1468 0.454656
0.1448 0.45568
0.2234 0.45568
0.1658 0.454656
0.2214 0.454656
0.149 0.454656
0.1503 0.45568
0.1479 0.453632
0.1493 0.453632
0.1495 0.45056
0.1443 0.453632
0.1796 0.451584
0.1492 0.45568
0.2223 0.454656
0.1554 0.453632
0.1521 0.453632
0.1961 0.456704
0.1505 0.451584
0.1468 0.454656
0.1504 0.45568
0.1533 0.453632
0.1456 0.452608
0.148 0.454656
0.1502 0.454656
0.1447 0.456704
0.1458 0.454656
0.1616 0.451584
0.1639 0.454656
0.3381 0.454656
0.2138 0.45568
0.2562 0.451584
0.1487 0.456704
0.1731 0.453632
0.1472 0.456704
0.1544 0.458752
0.1511 0.456704
0.1436 0.45568
0.1465 0.45568
0.1545 0.454656
0.3341 0.45568
0.1507 0.453632
0.2037 0.454656
0.1447 0.454656
0.1462 0.454656
0.3251 0.45568
0.1791 0.45568
0.1491 0.456704
0.1556 0.456704
0.153 0.452608
0.1493 0.456704
0.1563 0.457728
0.278 0.45568
0.1524 0.456704
0.1459 0.456704
0.1448 0.451584
0.1532 0.457728
0.1523 0.457728
0.147 0.45568
0.1456 0.45568
0.4601 0.458752
0.1848 0.45568
0.1476 0.456704
0.3417 0.457728
0.208 0.45568
0.2922 0.457728
0.1481 0.45568
0.1469 0.449536
0.1467 0.459776
0.1536 0.458752
0.1508 0.456704
0.146 0.45568
0.2537 0.456704
0.1443 0.458752
0.1493 0.4608
0.152 0.458752
0.1544 0.456704
0.203 0.458752
0.1584 0.456704
0.1475 0.456704
0.1473 0.457728
0.1605 0.456704
0.1445 0.45568
0.1465 0.456704
0.1626 0.453632
0.1469 0.45568
0.1498 0.45568
0.1514 0.457728
0.1493 0.457728
0.1476 0.456704
0.1508 0.453632
0.1818 0.456704
0.1453 0.458752
0.1524 0.456704
0.2939 0.457728
0.1536 0.45568
0.1533 0.456704
0.1458 0.45568
0.1876 0.457728
0.1583 0.456704
0.1476 0.458752
0.1465 0.4608
0.1603 0.452608
0.1489 0.45568
0.1516 0.458752
0.1529 0.456704
0.1452 0.454656
0.145 0.45568
0.1612 0.457728
0.1738 0.45568
0.1477 0.456704
0.1988 0.454656
0.3271 0.45568
0.2993 0.457728
0.1948 0.45568
0.2294 0.454656
0.1458 0.456704
0.1556 0.456704
0.1475 0.456704
0.1498 0.456704
0.1668 0.453632
0.1484 0.456704
0.2151 0.45568
0.1667 0.457728
0.1458 0.45568
0.2972 0.456704
0.2622 0.458752
0.263 0.456704
0.1458 0.456704
0.1551 0.45568
0.1481 0.456704
0.1457 0.45568
0.201 0.45568
0.147 0.456704
0.1487 0.45568
0.1512 0.454656
0.1499 0.458752
0.466 0.456704
0.319 0.454656
0.3049 0.454656
0.1721 0.454656
0.1509 0.45568
0.286 0.454656
0.165 0.45568
0.1553 0.453632
0.1458 0.45568
0.153 0.456704
0.1624 0.456704
0.146 0.45568
0.1453 0.45568
0.1627 0.454656
0.1621 0.45568
0.3274 0.45568
0.1482 0.459776
0.2231 0.456704
0.1996 0.456704
0.1528 0.456704
0.1595 0.458752
0.1474 0.457728
0.1482 0.454656
0.1472 0.453632
0.1468 0.457728
0.3265 0.458752
0.1448 0.456704
0.3247 0.457728
0.1534 0.456704
0.1462 0.456704
0.1521 0.454656
0.2131 0.457728
0.1505 0.454656
0.1487 0.457728
0.2165 0.456704
0.1467 0.453632
0.1456 0.45568
0.1484 0.456704
0.1695 0.45568
0.154 0.456704
0.1486 0.456704
0.147 0.457728
0.1463 0.456704
0.1492 0.458752
0.1454 0.456704
0.1482 0.456704
0.1502 0.456704
0.1436 0.457728
0.1521 0.454656
0.1658 0.454656
0.1526 0.45568
0.1723 0.454656
0.1484 0.456704
0.1473 0.45568
0.1499 0.456704
0.2263 0.45568
0.164 0.45568
0.1439 0.458752
0.1525 0.454656
0.1679 0.456704
0.1476 0.458752
0.156 0.456704
0.1771 0.456704
0.2147 0.454656
0.1504 0.456704
0.1513 0.45568
0.1508 0.452608
0.1536 0.454656
0.1464 0.45568
0.1493 0.457728
0.149 0.457728
0.1492 0.462848
0.3233 0.457728
0.1706 0.45568
0.4685 0.45568
0.1461 0.459776
0.1494 0.457728
0.1456 0.456704
0.1541 0.45568
0.2926 0.45568
0.1501 0.45568
0.1497 0.45568
0.1527 0.45568
0.171 0.45568
0.1604 0.45568
0.3374 0.457728
0.3269 0.45568
0.2665 0.454656
0.1525 0.456704
0.1429 0.454656
0.1513 0.456704
0.1513 0.45568
0.3251 0.45568
0.1482 0.454656
0.3367 0.458752
0.1598 0.457728
0.1468 0.459776
0.1521 0.459776
0.1431 0.45568
0.1446 0.456704
0.1747 0.458752
0.212 0.458752
0.147 0.456704
0.1522 0.456704
0.1502 0.45568
0.1504 0.458752
0.1469 0.456704
0.1562 0.45568
0.1619 0.458752
0.3286 0.456704
0.2437 0.457728
0.1514 0.45568
0.1534 0.456704
0.1526 0.45568
0.1468 0.458752
0.1492 0.456704
0.1473 0.458752
0.1493 0.457728
0.15 0.45568
0.1447 0.456704
0.1532 0.4608
0.1554 0.456704
0.1491 0.456704
0.1767 0.457728
0.2078 0.457728
0.1484 0.45568
0.1473 0.456704
0.1561 0.458752
0.1505 0.458752
0.1457 0.459776
0.1466 0.457728
0.1466 0.457728
0.1442 0.456704
0.1457 0.457728
0.1477 0.456704
0.1499 0.456704
0.1521 0.457728
0.1834 0.457728
0.2567 0.457728
0.2471 0.457728
0.1501 0.456704
0.1488 0.456704
0.1516 0.456704
0.1434 0.456704
0.1443 0.458752
0.1487 0.456704
0.1482 0.457728
0.1584 0.456704
0.2717 0.457728
0.1793 0.458752
0.2126 0.459776
0.2284 0.456704
0.1464 0.457728
0.1478 0.457728
0.1571 0.457728
0.1567 0.456704
0.1592 0.458752
0.1595 0.458752
0.1492 0.458752
0.1461 0.4608
0.1472 0.461824
0.1477 0.457728
0.1682 0.458752
0.1642 0.458752
0.146 0.458752
0.1482 0.456704
0.1453 0.457728
0.1436 0.457728
0.1726 0.457728
0.1519 0.456704
0.1478 0.457728
0.1437 0.456704
0.201 0.457728
0.1464 0.458752
0.1427 0.4608
0.1516 0.45568
0.1435 0.459776
0.1441 0.457728
0.1762 0.457728
0.1461 0.457728
0.1443 0.457728
0.2056 0.457728
0.1479 0.4608
0.1444 0.459776
0.1652 0.457728
0.2054 0.459776
0.1627 0.45568
0.1478 0.4608
0.1473 0.459776
0.1434 0.459776
0.1513 0.457728
0.1477 0.458752
0.1669 0.458752
0.1521 0.456704
0.1491 0.458752
0.191 0.457728
0.1527 0.458752
0.1939 0.456704
0.2879 0.457728
0.1596 0.459776
0.141 0.457728
0.1716 0.458752
0.1456 0.45568
0.148 0.457728
0.1558 0.456704
0.2129 0.459776
0.1463 0.458752
0.1508 0.458752
0.1496 0.45568
0.1769 0.458752
0.2176 0.459776
0.1898 0.458752
0.1484 0.458752
0.2267 0.457728
0.1494 0.453632
0.1523 0.459776
0.1589 0.457728
0.227 0.457728
0.1473 0.459776
0.1483 0.458752
0.1517 0.45568
0.3223 0.457728
0.2402 0.457728
0.2424 0.456704
0.3292 0.458752
0.1498 0.457728
0.1845 0.454656
0.1866 0.457728
0.1611 0.458752
0.1492 0.456704
0.1568 0.458752
0.1471 0.456704
0.1488 0.459776
0.1482 0.458752
0.1462 0.456704
0.1877 0.458752
0.1538 0.459776
0.1546 0.456704
0.1513 0.456704
0.1547 0.456704
0.1465 0.458752
0.1446 0.456704
0.147 0.457728
0.1503 0.457728
0.1513 0.458752
0.328 0.457728
0.144 0.456704
0.3043 0.457728
0.1458 0.456704
0.1505 0.456704
0.332 0.456704
0.1502 0.457728
0.1441 0.45568
0.1491 0.457728
0.2918 0.459776
0.148 0.456704
0.1533 0.457728
0.1578 0.457728
0.1574 0.457728
0.3589 0.457728
0.1457 0.457728
0.1456 0.458752
0.154 0.457728
0.1509 0.45568
0.1475 0.458752
0.1454 0.456704
0.1498 0.456704
0.1495 0.454656
0.149 0.456704
0.1464 0.456704
0.1468 0.461824
0.1509 0.45568
0.1432 0.457728
0.1503 0.456704
0.1503 0.458752
0.1508 0.458752
0.1499 0.457728
0.1493 0.458752
0.1492 0.459776
0.1465 0.453632
0.1477 0.457728
0.1477 0.458752
0.1497 0.457728
0.1813 0.457728
0.1613 0.45568
0.3246 0.457728
0.1506 0.454656
0.1889 0.458752
0.2385 0.456704
0.148 0.45568
0.1445 0.459776
0.1444 0.461824
0.1446 0.458752
0.1466 0.458752
0.1463 0.45568
0.1915 0.456704
0.1713 0.459776
0.1446 0.452608
0.1543 0.459776
0.1469 0.459776
0.1494 0.457728
0.1566 0.456704
0.3145 0.457728
0.1434 0.452608
0.147 0.461824
0.1523 0.457728
0.1467 0.459776
0.3515 0.458752
0.2659 0.457728
0.1663 0.457728
0.161 0.4608
0.1448 0.459776
0.1426 0.456704
0.1475 0.457728
0.1992 0.456704
0.188 0.456704
0.2003 0.456704
0.1492 0.456704
0.1561 0.4608
0.1512 0.457728
0.147 0.457728
0.2823 0.458752
0.2652 0.459776
0.1443 0.458752
0.1459 0.456704
0.1572 0.456704
0.1483 0.453632
0.1466 0.456704
0.1977 0.457728
0.2014 0.45568
0.1452 0.461824
0.1471 0.459776
0.204 0.45568
0.147 0.458752
0.1478 0.459776
0.3312 0.456704
0.1467 0.458752
0.1481 0.458752
0.1436 0.45568
0.1455 0.456704
0.3019 0.458752
0.3367 0.461824
0.1513 0.457728
0.1491 0.454656
0.3271 0.453632
0.1575 0.456704
0.2123 0.458752
0.1515 0.45568
0.1565 0.456704
0.1487 0.457728
0.1588 0.457728
0.1468 0.456704
0.1475 0.456704
0.1458 0.457728
0.1491 0.458752
0.1563 0.45568
0.1553 0.458752
0.2558 0.458752
0.2728 0.457728
0.1563 0.457728
0.1446 0.454656
0.1507 0.457728
0.3294 0.45568
0.1637 0.456704
0.2453 0.454656
0.1477 0.456704
0.1493 0.456704
0.1528 0.454656
0.1652 0.456704
0.2489 0.456704
0.1469 0.45568
0.1477 0.456704
0.3324 0.45568
0.1431 0.452608
0.1546 0.457728
0.2946 0.457728
0.1513 0.459776
0.1789 0.459776
0.1569 0.456704
0.1446 0.453632
0.1512 0.456704
0.2599 0.458752
0.1619 0.457728
0.1496 0.459776
0.1454 0.457728
0.1469 0.45568
0.3317 0.456704
0.1437 0.454656
0.1482 0.456704
0.1606 0.454656
0.146 0.458752
0.3628 0.45568
0.1864 0.459776
0.2435 0.457728
0.3478 0.456704
0.1536 0.457728
0.2826 0.453632
0.1432 0.457728
0.1701 0.456704
0.1492 0.456704
0.1499 0.456704
0.1456 0.459776
0.1483 0.456704
0.1471 0.456704
0.1509 0.457728
0.1541 0.456704
0.1651 0.458752
0.1978 0.45568
0.2164 0.454656
0.1591 0.458752
0.1609 0.456704
0.18 0.458752
0.1478 0.456704
0.1503 0.459776
0.1447 0.458752
0.1521 0.45568
0.1493 0.458752
0.1439 0.45568
0.1473 0.458752
0.1455 0.459776
0.1532 0.45568
0.1501 0.457728
0.1448 0.458752
0.1484 0.459776
0.1595 0.457728
0.1596 0.458752
0.3342 0.457728
0.336 0.459776
0.1543 0.458752
0.1502 0.456704
0.1482 0.458752
0.1518 0.45568
0.2404 0.45568
0.1499 0.458752
0.1497 0.45568
0.1473 0.457728
0.1481 0.45568
0.1446 0.45568
0.1841 0.458752
0.1442 0.454656
0.1452 0.457728
0.151 0.457728
0.1584 0.45568
0.2507 0.45568
0.1504 0.456704
0.1467 0.458752
0.1451 0.458752
0.1506 0.45568
0.1491 0.458752
0.1505 0.452608
0.148 0.457728
0.2676 0.458752
0.1488 0.454656
0.1448 0.458752
0.1747 0.45568
0.2829 0.453632
0.1679 0.457728
0.1469 0.45568
0.1865 0.457728
0.1457 0.456704
0.1453 0.45568
0.1445 0.456704
0.1595 0.458752
0.1492 0.457728
0.1457 0.458752
0.1537 0.456704
0.1465 0.453632
0.1471 0.4608
0.2224 0.456704
0.3501 0.458752
0.1433 0.457728
0.3368 0.454656
0.152 0.456704
0.1454 0.454656
0.2923 0.45568
0.1555 0.456704
0.1454 0.45568
0.1457 0.456704
0.1425 0.453632
0.1541 0.45568
0.1614 0.456704
0.1534 0.45568
0.3206 0.457728
0.1709 0.456704
0.1478 0.458752
0.1487 0.45568
0.1874 0.457728
0.148 0.458752
0.1556 0.454656
0.1549 0.45568
0.1506 0.456704
0.1578 0.459776
