0.1257 0
0.0838 0
0.0729 0
0.0667 0
0.0743 0
0.0765 0
0.0797 0.702464
0.0719 0.699392
0.0717 0.714752
0.0797 0.863232
0.0705 0.715776
0.0697 0.999424
0.0677 0.712704
0.141 0.7168
0.0694 0.712704
0.0755 0.707584
0.0687 0.70656
0.0685 0.710656
0.1097 0.70656
0.1372 0.708608
0.071 0.70656
0.07 0.707584
0.07 0.710656
0.0688 0.7168
0.0696 0.713728
0.1544 0.707584
0.072 0.703488
0.0727 0.70144
0.0717 0.704512
0.1297 0.702464
0.0774 0.70144
0.0766 0.704512
0.0676 0.703488
0.0698 0.704512
0.0685 0.704512
0.0681 0.703488
0.0772 0.703488
0.075 0.703488
0.0696 0.703488
0.0721 0.704512
0.0753 0.700416
0.0955 0.702464
0.126 0.70656
0.0721 0.703488
0.1127 0.70144
0.1381 0.705536
0.0723 0.703488
0.0694 0.704512
0.0723 0.703488
0.1362 0.70656
0.0687 0.702464
0.0748 0.70656
0.0691 0.710656
0.0678 0.705536
0.0787 0.708608
0.0791 0.705536
0.0793 0.705536
0.0841 0.704512
0.0764 0.70656
0.0707 0.703488
0.0683 0.70656
0.0769 0.70144
0.0763 0.700416
0.0727 0.708608
0.0692 0.703488
0.0687 0.707584
0.0704 0.703488
0.0966 0.70144
0.0777 0.700416
0.0699 0.703488
0.0759 0.704512
0.0749 0.704512
0.0704 0.70144
0.0695 0.703488
0.1269 0.702464
0.0764 0.70144
0.0879 0.70144
0.0751 0.704512
0.0731 0.705536
0.0755 0.70144
0.0724 0.704512
0.0684 0.699392
0.1289 0.703488
0.0755 0.70656
0.093 0.709632
0.0934 0.710656
0.075 0.710656
0.0728 0.707584
0.0808 0.710656
0.0689 0.708608
0.0686 0.71168
0.1068 0.708608
0.1256 0.708608
0.0729 0.710656
0.0701 0.713728
0.1362 0.71168
0.0801 0.705536
0.071 0.708608
0.11 0.702464
0.0683 0.702464
0.0724 0.705536
0.0808 0.704512
0.1524 0.70144
0.1046 0.70656
0.1321 0.704512
0.07 0.705536
0.072 0.704512
0.0689 0.70144
0.0719 0.704512
0.1175 0.704512
0.0748 0.703488
0.0704 0.718848
0.0753 0.714752
0.0719 0.71168
0.0764 0.710656
0.1953 0.709632
0.0757 0.700416
0.0934 0.704512
0.0756 0.704512
0.1285 0.702464
0.075 0.703488
0.0771 0.702464
0.0749 0.70656
0.0723 0.703488
0.0956 0.708608
0.0683 0.712704
0.1305 0.70656
0.0738 0.712704
0.0835 0.709632
0.0715 0.708608
0.1285 0.708608
0.071 0.707584
0.1299 0.704512
0.0707 0.71168
0.0886 0.935936
0.0704 0.708608
0.0705 0.707584
0.0748 0.710656
0.0695 0.709632
0.0875 0.708608
0.0702 0.705536
0.0673 0.708608
0.0756 0.708608
0.0693 0.709632
0.0754 0.70656
0.0761 0.709632
0.0801 0.698368
0.0753 0.699392
0.071 0.699392
0.0769 0.697344
0.0704 0.70144
0.1395 0.699392
0.1401 0.71168
0.1529 0.709632
0.0714 0.712704
0.0714 0.710656
0.074 0.705536
0.1086 0.705536
0.0736 0.708608
0.0696 0.708608
0.1452 0.704512
0.0786 0.710656
0.1525 0.705536
0.1128 0.708608
0.109 0.704512
0.0725 0.70656
0.068 0.705536
0.0698 0.703488
0.0761 0.703488
0.0782 0.705536
0.0895 0.70144
0.0819 0.702464
0.0715 0.704512
0.1842 0.699392
0.0709 0.707584
0.1325 0.708608
0.234 0.712704
0.0678 0.713728
0.0929 0.713728
0.0838 0.715776
0.0805 0.712704
0.0738 0.713728
0.1224 0.713728
0.0684 0.964608
0.0728 0.71168
0.0744 0.710656
0.0687 0.714752
0.0747 0.700416
0.1677 0.703488
0.0713 0.704512
0.0901 0.700416
0.0699 0.702464
0.0721 0.703488
0.0912 0.703488
0.0703 0.70144
0.0691 0.702464
0.0739 0.704512
0.0692 0.698368
0.0766 0.697344
0.0677 0.69632
0.0694 0.7168
0.1058 0.71168
0.0788 0.715776
0.0922 0.713728
0.0703 0.7168
0.0739 0.949248
0.0768 0.715776
0.0898 0.702464
0.0793 0.70144
0.1371 0.703488
0.1408 0.702464
0.1111 0.70144
0.1172 0.702464
0.0988 0.71168
0.0894 0.707584
0.0682 0.71168
0.1503 0.707584
0.07 0.703488
0.1376 0.70144
0.1385 0.704512
0.1788 0.710656
0.131 0.709632
0.1258 0.71168
0.0745 0.708608
0.0943 0.709632
0.1005 0.709632
0.0755 0.709632
0.0698 0.70144
0.0696 0.705536
0.069 0.709632
0.0724 0.710656
0.0804 0.713728
0.1121 0.71168
0.0685 0.713728
0.0781 0.71168
0.0984 0.712704
0.0858 0.714752
0.1323 0.702464
0.098 0.702464
0.0802 0.704512
0.0691 0.704512
0.0698 0.704512
0.0758 0.710656
0.0716 0.71168
0.0755 0.708608
0.0863 0.710656
0.0699 0.708608
0.0751 0.703488
0.0865 0.704512
0.0821 0.702464
0.1469 0.705536
0.0795 0.702464
0.1318 0.710656
0.0801 0.708608
0.0791 0.712704
0.0767 0.709632
0.0694 0.71168
0.0701 0.709632
0.0681 0.702464
0.1369 0.70144
0.0735 0.702464
0.071 0.712704
0.1394 0.71168
0.153 0.710656
0.0763 0.712704
0.0723 0.709632
0.069 0.710656
0.0763 0.700416
0.0727 0.702464
0.0897 0.70656
0.0775 0.703488
0.0698 0.707584
0.0709 0.709632
0.1493 0.707584
0.1331 0.709632
0.0741 0.712704
0.0848 0.704512
0.0747 0.705536
0.0787 0.699392
0.0717 0.702464
0.1367 0.700416
0.0681 0.705536
0.0689 0.705536
0.07 0.705536
0.0754 0.70656
0.1192 0.704512
0.0717 0.702464
0.0697 0.703488
0.0755 0.703488
0.0735 0.705536
0.0726 0.710656
0.0697 0.927744
0.068 0.70656
0.0688 0.709632
0.0702 0.707584
0.1286 0.708608
0.0705 0.709632
0.0674 0.714752
0.0721 0.70656
0.0724 0.704512
0.0715 0.698368
0.0698 0.70656
0.0742 0.700416
0.0752 0.70144
0.0689 0.707584
0.0766 0.705536
0.0796 0.70144
0.0682 0.70656
0.0772 0.707584
0.1659 0.699392
0.0837 0.70144
0.0768 0.703488
0.0724 0.712704
0.0678 0.71168
0.0698 0.709632
0.0771 0.709632
0.1436 0.707584
0.0689 0.705536
0.0686 0.704512
0.0674 0.704512
0.0705 0.704512
0.0719 0.705536
0.0808 0.705536
0.0697 0.704512
0.0694 0.712704
0.0694 0.710656
0.0765 0.710656
0.0722 0.704512
0.0691 0.700416
0.0761 0.70144
0.0683 0.70656
0.0675 0.71168
0.0685 0.709632
0.0697 0.71168
0.0774 0.712704
0.1263 0.713728
0.0721 0.71168
0.0727 0.715776
0.0798 0.70656
0.0698 0.704512
0.073 0.703488
0.0725 0.705536
0.1276 0.708608
0.07 0.70656
0.0703 0.71168
0.0695 0.708608
0.1372 0.710656
0.086 0.707584
0.0735 0.702464
0.0709 0.712704
0.1368 0.707584
0.0735 0.705536
0.0687 0.707584
0.0757 0.70656
0.0729 0.703488
0.0733 0.703488
0.08 0.704512
0.0799 0.704512
0.0692 0.702464
0.1053 0.705536
0.1149 0.70656
0.2469 0.700416
0.0688 0.704512
0.0715 0.703488
0.0738 0.708608
0.0678 0.708608
0.1436 0.70656
0.077 0.707584
0.069 0.709632
0.1415 0.70144
0.0807 0.709632
0.0719 0.699392
0.0746 0.70656
0.0701 0.707584
0.0867 0.702464
0.0764 0.704512
0.0885 0.704512
0.0969 0.705536
0.1309 0.70144
0.0757 0.699392
0.0689 0.704512
0.0676 0.704512
0.073 0.703488
0.0771 0.703488
0.0774 0.703488
0.0938 0.705536
0.0706 0.703488
0.0783 0.705536
0.0816 0.70144
0.0748 0.707584
0.0674 0.707584
0.0693 0.709632
0.0889 0.715776
0.0681 0.710656
0.0692 0.828416
0.1236 0.71168
0.105 0.717824
0.0697 0.7168
0.0721 0.710656
0.0736 0.700416
0.0998 0.702464
0.0688 0.700416
0.0792 0.698368
0.0756 0.698368
0.0759 0.697344
0.071 0.698368
0.0715 0.702464
0.076 0.705536
0.0756 0.70144
0.0748 0.699392
0.0705 0.700416
0.0695 0.702464
0.0789 0.703488
0.0684 0.70656
0.0712 0.710656
0.1431 0.70656
0.0732 0.708608
0.0701 0.713728
0.0694 0.709632
0.0717 0.702464
0.1532 0.703488
0.0683 0.703488
0.0728 0.70656
0.0711 0.704512
0.0774 0.705536
0.0897 0.704512
0.0684 0.704512
0.0715 0.707584
0.0721 0.703488
0.0701 0.698368
0.1475 0.70656
0.133 0.708608
0.0982 0.70656
0.1093 0.714752
0.1152 0.709632
0.0686 0.70656
0.0719 0.70656
0.0679 0.708608
0.0698 0.712704
0.0732 0.699392
0.068 0.69632
0.0692 0.69632
0.0775 0.705536
0.0765 0.703488
0.0925 0.704512
0.1183 0.702464
0.1185 0.710656
0.0718 0.709632
0.0743 0.704512
0.0704 1.30765
0.0872 1.26669
0.0768 1.26669
0.075 1.52986
0.0758 1.50733
0.0684 1.26054
0.0741 1.26259
0.0705 1.51347
0.0705 1.51347
0.0746 1.51859
0.0716 1.52986
0.0699 1.26771
0.0692 1.27488
0.0767 1.26362
0.0692 1.52576
0.0755 1.5657
0.1403 1.26976
0.1324 1.51142
0.0689 1.51859
0.0819 1.49709
0.0774 1.26669
0.1071 1.52064
0.1417 1.27181
0.0673 1.51962
0.0775 1.57798
0.0866 1.57184
0.0695 1.53702
0.1491 1.52166
0.0847 1.25747
0.0798 1.27078
0.0821 1.26157
0.0712 1.28307
0.0693 1.26464
0.0748 1.50733
0.0753 1.5104
0.0694 1.50733
0.0921 1.57696
0.0749 1.57594
0.0682 1.26566
0.0729 1.50938
0.0694 1.52166
0.0778 1.27078
0.0977 1.27283
0.0731 1.51552
0.1013 1.52166
0.0864 1.56979
0.0734 1.51245
0.0697 1.56877
0.0689 1.50426
0.0693 1.54419
0.0837 1.57082
0.0751 1.26464
0.0688 1.56262
0.1227 1.57082
0.0729 1.27078
0.0693 1.53805
0.1474 1.51654
0.0734 1.26259
0.0961 1.27898
0.1015 1.51552
0.0684 1.51757
0.0761 1.5401
0.0713 1.536
0.0724 1.5616
0.0732 1.5104
0.073 1.52166
0.071 1.57286
0.0922 1.27283
0.1419 1.25542
0.1172 1.51142
0.0797 1.58003
0.0783 1.54112
0.0712 1.51347
0.0784 1.5319
0.1186 1.49811
0.0717 1.26874
0.0722 1.50938
0.0782 1.5145
0.0741 1.26464
0.0712 1.26464
0.0779 1.27386
0.1368 1.52781
0.0713 1.26464
0.0724 1.26976
0.073 1.52371
0.0727 1.51552
0.0701 1.5063
0.078 1.26771
0.0924 1.5616
0.0728 1.26259
0.071 1.57389
0.0762 1.53805
0.0762 1.52371
0.1868 1.58106
0.0808 1.52474
0.094 1.50426
0.0704 1.54522
0.074 1.5319
0.0761 1.50528
0.0679 1.50426
0.0703 1.2585
0.0732 1.5872
0.0749 1.25952
0.0762 1.51142
0.0783 1.50733
0.0716 1.58208
0.0759 1.50528
0.0704 1.55136
0.0737 1.26566
0.0696 1.26669
0.0695 1.49709
0.0755 1.49709
0.0763 1.26259
0.0741 1.5319
0.0744 1.5575
0.0765 1.50016
0.1335 1.57901
0.0753 1.5616
0.0687 1.26874
0.0681 1.51142
0.0686 1.53498
0.0698 1.27386
0.0734 1.27283
0.0692 1.52269
0.0746 1.56672
0.0696 1.54829
0.0744 1.56672
0.0923 1.26054
0.0689 1.5063
0.1108 1.50835
0.0701 1.5104
0.0701 1.57901
0.067 1.5063
0.0705 1.4889
0.1406 1.47763
0.0691 1.50221
0.0822 1.27181
0.0735 1.57082
0.0736 1.53702
0.0703 1.50118
0.0678 1.26259
0.0811 1.26771
0.1377 1.26362
0.0682 1.52474
0.0722 1.57491
0.0759 1.51552
0.0761 1.26054
0.0691 1.56979
0.0678 1.52166
0.076 1.26874
0.079 1.52474
0.0734 1.27181
0.1272 1.53702
0.0706 1.26157
0.077 1.56774
0.0694 1.50835
0.0723 1.54214
0.0759 1.51142
0.0737 1.26874
0.0797 1.50426
0.0698 1.26157
0.0791 1.27488
0.0737 1.52576
0.068 1.2759
0.0714 1.26566
0.0735 1.56467
0.1838 1.26669
0.1013 1.26874
0.0951 1.53395
0.07 1.51245
0.0715 1.5319
0.0721 1.55238
0.0777 1.52269
0.0681 1.26362
0.0679 1.27898
0.071 1.27078
0.0716 1.49811
0.0725 1.51552
0.0967 1.50528
0.085 1.52986
0.0699 1.51552
0.0828 1.50221
0.0728 1.5145
0.0723 1.56365
0.0717 1.52883
0.0704 1.56262
0.0684 1.25747
0.0791 1.53395
0.0696 1.50221
0.072 1.26362
0.0898 1.27283
0.078 1.54112
0.089 1.57491
0.0706 1.54624
0.0714 1.26259
0.0795 1.57286
0.0749 1.50938
0.0686 1.51245
0.0694 1.26976
0.0732 1.52781
0.0731 1.27181
0.0794 1.52986
0.1234 1.5104
0.1521 1.27488
0.0744 1.5657
0.0708 1.50016
0.0691 1.52371
0.1283 1.49914
0.074 1.27795
0.0683 1.52781
0.0728 1.26976
0.0702 1.56262
0.0686 1.56979
0.0755 1.54726
0.1388 1.50938
0.0754 1.54112
0.0705 1.50835
0.0749 1.26259
0.0689 1.5319
0.0708 1.51552
0.0835 1.5831
0.0696 1.27898
0.0824 1.51654
0.0698 1.51347
0.0706 1.50938
0.0784 1.57184
0.0747 1.26054
0.0729 1.57184
0.0718 1.51962
0.0746 1.53088
0.0698 1.2585
0.075 1.52576
0.077 1.51859
0.0739 1.56467
0.0699 1.51654
0.0734 1.51757
0.076 1.52371
0.0785 1.5104
0.0686 1.51142
0.0785 1.51859
0.1101 1.26771
0.0708 1.5401
0.0669 1.51757
0.0709 1.27078
0.071 1.52166
0.0695 1.26566
0.0679 1.51962
0.0705 1.5872
0.0857 1.51142
0.0764 1.51757
0.0795 1.57901
0.0723 1.26054
0.1168 1.26259
0.0747 1.51347
0.0711 1.2759
0.0722 1.50528
0.0713 1.26566
0.1327 1.27078
0.0679 1.51654
0.0695 1.53395
0.1412 1.56262
0.0696 1.53395
0.0725 1.26566
0.0787 1.51245
0.0737 1.25952
0.0741 1.56979
0.1014 1.24826
0.1496 1.26362
0.1312 1.26157
0.0691 1.56877
0.082 1.47763
0.0781 1.27078
0.0683 1.57798
0.0696 1.51859
0.0758 1.51552
0.0737 1.51245
0.0711 1.49606
0.0734 1.25542
0.0718 1.26362
0.1315 1.25645
0.1353 1.52371
0.0688 1.50835
0.0735 1.5145
0.1388 1.52474
0.0775 1.47763
0.1554 1.5145
0.0686 1.51347
0.0727 1.5145
0.0752 1.26566
0.068 1.49299
0.0893 1.50118
0.0737 1.26874
0.0773 1.58003
0.0681 1.52781
0.0734 1.5145
0.0691 1.58515
0.0775 1.50221
0.0727 1.5319
0.0696 1.26157
0.0702 1.26054
0.0938 1.56058
0.1438 1.27283
0.103 1.52064
0.0699 1.50528
0.078 1.26464
0.067 1.57389
0.0763 1.51859
0.0741 1.51962
0.075 1.55546
0.0776 1.2585
0.0691 1.25952
0.0699 1.55955
0.0767 1.50016
0.1096 1.26157
0.0697 1.49402
0.0718 1.51757
0.0699 1.5575
0.0675 1.51962
0.0772 1.49811
0.07 1.52166
0.0711 1.53395
0.0788 1.5616
0.071 1.26874
0.0708 1.50835
0.2257 1.52371
0.0747 1.51962
0.0774 1.54419
0.0781 1.25952
0.083 1.26259
0.0726 1.53088
0.0752 1.56877
0.0713 1.54522
0.0737 1.26669
0.0752 1.26362
0.0725 1.26157
0.0684 1.25747
0.0744 1.49402
0.0759 1.54624
0.133 1.52269
0.0741 1.55136
0.0692 1.52576
0.0747 1.52883
0.0686 1.52269
0.0697 1.52576
0.0774 1.49709
0.0768 1.26566
0.0699 1.27181
0.0703 1.2544
0.0801 1.27181
0.0999 1.5319
0.0682 1.50733
0.0758 1.52678
0.0789 1.54931
0.0752 1.52576
0.0694 1.49914
0.1293 1.52269
0.0698 1.51552
0.0763 1.51347
0.0706 1.49606
0.0694 1.49606
0.0882 1.56467
0.1847 1.52064
0.1243 1.58003
0.0767 1.27078
0.0712 1.50221
0.0717 1.27078
0.07 1.27488
0.0689 1.25747
0.0764 1.51654
0.0791 1.25645
0.0707 1.52371
0.0865 1.25133
0.1367 1.52064
0.1578 1.26259
0.1031 1.5104
0.0781 1.51245
0.1467 1.53088
0.0676 1.55853
0.0688 1.26976
0.077 1.52474
0.0705 1.25645
0.0685 1.52269
0.0728 1.53395
0.0748 1.5319
0.0752 1.50733
0.0721 1.50016
0.0887 1.50938
0.1107 1.52474
0.0767 1.52064
0.0746 1.5575
0.1307 1.26669
0.0741 1.50938
0.0735 1.53498
0.0709 1.27283
0.1019 1.26054
0.131 1.50221
0.0688 1.51245
0.0759 1.51859
0.0753 1.50323
0.0743 1.26669
0.1358 1.54931
0.0704 1.53498
0.0692 1.49094
0.0701 1.55443
0.0729 1.52166
0.0797 1.51245
0.0732 1.25338
0.0765 1.27181
0.0753 1.5616
0.0713 1.2585
0.072 1.26259
0.0794 1.25645
0.0727 1.5616
0.0696 1.25645
0.0756 1.52064
0.0693 1.26566
0.0729 1.53395
0.072 1.56877
0.0697 1.5104
0.0736 1.49811
0.0736 1.56672
0.0718 1.51654
0.1424 1.5657
0.1075 1.56774
0.0679 1.5104
0.1321 1.26464
0.0746 1.51962
0.0772 1.57389
0.0749 1.26976
0.0843 1.26771
0.0751 1.26566
0.0713 1.51962
0.0692 1.58003
0.1649 1.25747
0.0706 1.56672
0.1016 1.52781
0.1318 1.26464
0.0912 1.51859
0.0743 1.51347
0.1217 1.50733
0.0765 1.26566
0.076 1.52678
0.1308 1.52166
0.0784 1.26054
0.0729 1.52474
0.0695 1.57491
0.0708 1.26464
0.1439 1.50323
0.0847 1.50733
0.0677 1.53805
0.0737 1.26566
0.0752 1.49094
0.0757 1.51859
0.0746 1.56877
0.071 1.51859
0.0703 1.50528
0.0914 1.2585
0.0863 1.50528
0.0683 1.25747
0.1042 1.50528
0.0756 1.50528
0.1206 1.5104
0.0985 1.51757
0.0681 1.25747
0.1082 1.25747
0.0899 1.26976
0.071 1.49914
0.1327 1.26157
0.1267 1.52883
0.0733 1.50118
0.0708 1.53702
0.0765 1.57389
0.1043 1.49811
0.1288 1.50835
0.0921 1.58515
0.0796 1.52883
0.0746 1.52371
0.083 1.49709
0.0872 1.50528
0.0695 1.56365
0.0969 1.50221
0.0986 1.57594
0.0714 1.2544
0.136 1.57696
0.0789 1.50221
0.0928 1.51142
0.1749 1.51142
0.0768 1.53907
0.0766 1.51654
0.128 1.52678
0.0736 1.50835
0.0912 1.56672
0.1031 1.52474
0.0932 1.52883
0.1252 1.52883
0.0769 1.53498
0.1307 1.57594
0.0695 1.51347
0.1324 1.50221
0.0711 1.52678
0.07 1.52064
0.0779 1.26054
0.157 1.5145
0.1024 1.26362
0.0743 1.27488
0.0774 1.26259
0.0708 1.52474
0.0783 1.2544
0.0752 1.26874
0.0773 1.50323
0.1439 1.26157
0.0726 1.26464
0.0736 1.26566
0.1108 1.26259
0.1359 1.56262
0.1403 1.5104
0.0818 1.50528
0.0887 1.26976
0.0783 1.54317
0.081 1.26771
0.211 1.26157
0.071 1.57286
0.0941 1.51757
0.0712 1.2585
0.0853 1.56262
0.074 1.51859
0.0704 1.55546
0.073 1.56365
0.0926 1.5145
0.0979 1.2585
0.0772 1.56467
0.0741 1.51654
0.1015 1.50938
0.0887 1.50016
0.0876 1.57082
0.0776 1.28
0.1544 1.52474
0.1434 1.51654
0.0949 1.56672
0.1041 1.50835
0.0967 1.53395
0.1025 1.51962
0.1885 1.52986
0.1361 1.5616
0.07 1.50528
0.0938 1.26464
0.0796 1.56058
0.0801 1.26259
0.0944 1.26566
0.0699 1.52883
0.0987 1.51757
0.1419 1.51245
0.0714 1.26874
0.1491 1.27078
0.1169 1.26464
0.1143 1.56467
0.1056 1.56979
0.1423 1.52883
0.0742 1.26566
0.1295 1.53805
0.0881 1.52678
0.1005 1.50426
0.1468 1.53805
0.1118 1.49606
0.1248 1.56058
0.0983 1.53805
0.0983 1.51859
0.107 1.53395
0.0707 1.53498
0.0723 1.50221
0.1056 1.53907
0.1083 1.52269
0.0747 1.52474
0.0751 1.52371
0.0699 1.55853
