0.0682 0.050176
0.0628 0.0512
0.061 0.050176
0.1018 0.050176
0.1049 0.050176
0.0938 0.050176
0.0631 0.050176
0.0666 0.050176
0.0723 0.050176
0.0604 0.050176
0.1453 0.0512
0.0616 0.050176
0.0739 0.050176
0.0755 0.0512
0.0746 0.0512
0.0735 0.0512
0.0829 0.0512
0.0725 0.050176
0.0698 0.0512
0.0665 0.050176
0.0697 0.0512
0.0757 0.0512
0.0659 0.0512
0.0707 0.0512
0.075 0.0512
0.0795 0.0512
0.0746 0.0512
0.0744 0.050176
0.0762 0.050176
0.0709 0.0512
0.0673 0.0512
0.0684 0.050176
0.1265 0.0512
0.0723 0.050176
0.0742 0.050176
0.0686 0.0512
0.068 0.0512
0.0675 0.050176
0.2118 0.0512
0.0778 0.0512
0.0676 0.0512
0.067 0.0512
0.0692 0.0512
0.0676 0.050176
0.068 0.050176
0.0735 0.050176
0.0679 0.0512
0.0717 0.0512
0.0666 0.052224
0.0739 0.0512
0.0685 0.0512
0.1188 0.0512
0.0747 0.052224
0.0672 0.052224
0.0827 0.0512
0.07 0.050176
0.0668 0.0512
0.0734 0.0512
0.0671 0.0512
0.0658 0.0512
0.0667 0.0512
0.0693 0.0512
0.07 0.052224
0.0718 0.0512
0.0882 0.0512
0.0741 0.053248
0.0736 0.0512
0.0664 0.0512
0.0683 0.0512
0.0807 0.0512
0.067 0.050176
0.0674 0.0512
0.0728 0.0512
0.0778 0.050176
0.0783 0.0512
0.0682 0.0512
0.0717 0.0512
0.0671 0.050176
0.072 0.0512
0.0676 0.0512
0.1135 0.0512
0.0705 0.0512
0.0725 0.0512
0.073 0.0512
0.0671 0.0512
0.0801 0.0512
0.0847 0.0512
0.0964 0.0512
0.0728 0.0512
0.076 0.0512
0.0697 0.052224
0.1552 0.0512
0.1108 0.0512
0.0691 0.0512
0.0795 0.050176
0.0735 0.0512
0.0706 0.052224
0.0689 0.050176
0.0711 0.050176
0.1039 0.0512
0.1293 0.0512
0.069 0.0512
0.1188 0.052224
0.0672 0.0512
0.0686 0.0512
0.0673 0.0512
0.0673 0.050176
0.102 0.0512
0.0702 0.050176
0.0694 0.0512
0.0831 0.050176
0.0724 0.0512
0.1431 0.0512
0.0721 0.050176
0.0679 0.0512
0.0681 0.050176
0.118 0.0512
0.121 0.0512
0.0682 0.0512
0.0694 0.0512
0.0943 0.052224
0.0685 0.050176
0.1329 0.0512
0.1149 0.0512
0.0915 0.0512
0.0739 0.053248
0.0674 0.0512
0.1204 0.050176
0.0693 0.050176
0.0802 0.0512
0.0681 0.052224
0.1167 0.0512
0.0723 0.0512
0.068 0.050176
0.0761 0.0512
0.0757 0.0512
0.135 0.050176
0.0771 0.050176
0.0717 0.050176
0.0761 0.0512
0.0674 0.0512
0.0666 0.050176
0.0669 0.050176
0.0845 0.0512
0.085 0.0512
0.0698 0.0512
0.0711 0.0512
0.0667 0.0512
0.08 0.0512
0.0794 0.0512
0.103 0.050176
0.0772 0.0512
0.0821 0.0512
0.0742 0.050176
0.0794 0.0512
0.0716 0.0512
0.0735 0.050176
0.0832 0.0512
0.0742 0.0512
0.0706 0.050176
0.0863 0.050176
0.0845 0.0512
0.0693 0.050176
0.0702 0.052224
0.0931 0.0512
0.1259 0.0512
0.0742 0.0512
0.0926 0.050176
0.0687 0.0512
0.0687 0.050176
0.1216 0.0512
0.0679 0.050176
0.0914 0.0512
0.123 0.050176
0.1175 0.050176
0.0835 0.050176
0.0749 0.050176
0.0803 0.050176
0.0716 0.0512
0.071 0.0512
0.0724 0.050176
0.1381 0.052224
0.0771 0.0512
0.0741 0.0512
0.1287 0.050176
0.1015 0.0512
0.0765 0.0512
0.0732 0.050176
0.0667 0.050176
0.1221 0.050176
0.0768 0.050176
0.0678 0.0512
0.068 0.0512
0.1254 0.0512
0.0676 0.0512
0.0698 0.0512
0.0768 0.0512
0.0751 0.050176
0.1145 0.050176
0.0739 0.0512
0.0783 0.0512
0.1312 0.050176
0.0747 0.0512
0.0685 0.0512
0.0705 0.050176
0.0761 0.0512
0.0721 0.0512
0.068 0.050176
0.0645 0.0512
0.1315 0.050176
0.076 0.0512
0.0719 0.0512
0.0735 0.0512
0.1174 0.0512
0.0672 0.0512
0.0728 0.0512
0.0741 0.0512
0.0761 0.0512
0.0816 0.0512
0.0677 0.050176
0.1196 0.0512
0.121 0.050176
0.0723 0.0512
0.068 0.050176
0.0679 0.0512
0.0857 0.0512
0.0676 0.050176
0.1321 0.050176
0.0689 0.050176
0.0666 0.050176
0.0678 0.050176
0.0674 0.0512
0.0667 0.0512
0.0709 0.0512
0.0735 0.0512
0.0871 0.0512
0.066 0.0512
0.1185 0.0512
0.0677 0.050176
0.0677 0.0512
0.1103 0.050176
0.1033 0.050176
0.1236 0.0512
0.0739 0.0512
0.0726 0.0512
0.0691 0.0512
0.079 0.0512
0.08 0.0512
0.0717 0.0512
0.0828 0.0512
0.0758 0.050176
0.0727 0.0512
0.0737 0.0512
0.0776 0.0512
0.0797 0.0512
0.0698 0.0512
0.082 0.050176
0.0764 0.050176
0.1382 0.050176
0.1222 0.0512
0.0732 0.052224
0.1068 0.050176
0.0684 0.0512
0.09 0.050176
0.0738 0.0512
0.067 0.0512
0.0677 0.0512
0.0704 0.0512
0.0682 0.0512
0.0802 0.0512
0.0818 0.0512
0.0783 0.0512
0.0727 0.0512
0.0743 0.052224
0.0685 0.050176
0.1202 0.050176
0.1272 0.050176
0.1222 0.0512
0.1153 0.0512
0.1265 0.0512
0.0671 0.0512
0.0663 0.050176
0.0676 0.0512
0.1046 0.0512
0.0991 0.0512
0.0779 0.050176
0.0731 0.052224
0.077 0.050176
0.075 0.0512
0.0821 0.0512
0.0758 0.0512
0.0685 0.0512
0.0682 0.0512
0.0751 0.050176
0.0681 0.050176
0.0905 0.0512
0.0981 0.0512
0.1203 0.0512
0.0672 0.0512
0.0666 0.050176
0.0679 0.0512
0.0732 0.0512
0.069 0.0512
0.0683 0.0512
0.0658 0.0512
0.0671 0.0512
0.0779 0.0512
0.0749 0.0512
0.0782 0.050176
0.0804 0.0512
0.075 0.0512
0.0725 0.0512
0.0664 0.0512
0.0665 0.0512
0.0721 0.0512
0.0747 0.0512
0.0935 0.050176
0.0732 0.0512
0.0797 0.0512
0.0733 0.0512
0.0752 0.0512
0.088 0.0512
0.0847 0.050176
0.0769 0.052224
0.0743 0.0512
0.0775 0.050176
0.0796 0.0512
0.0673 0.050176
0.0699 0.0512
0.0678 0.050176
0.0811 0.0512
0.0701 0.050176
0.0898 0.050176
0.0711 0.0512
0.0794 0.0512
0.106 0.0512
0.0753 0.0512
0.0674 0.050176
0.0684 0.0512
0.0735 0.0512
0.0671 0.0512
0.0674 0.0512
0.0674 0.0512
0.075 0.053248
0.0686 0.052224
0.1213 0.0512
0.0765 0.050176
0.1455 0.0512
0.073 0.050176
0.0686 0.0512
0.12 0.0512
0.0675 0.052224
0.0773 0.0512
0.0733 0.0512
0.0683 0.0512
0.0687 0.050176
0.0832 0.0512
0.0817 0.0512
0.1104 0.054272
0.0825 0.0512
0.0796 0.050176
0.0765 0.0512
0.0682 0.0512
0.0671 0.050176
0.0672 0.0512
0.0722 0.0512
0.069 0.0512
0.0806 0.0512
0.0688 0.0512
0.0777 0.052224
0.0972 0.050176
0.0674 0.0512
0.0754 0.052224
0.0775 0.050176
0.0729 0.050176
0.0709 0.0512
0.1015 0.0512
0.0678 0.0512
0.0697 0.0512
0.0727 0.0512
0.0672 0.0512
0.0751 0.052224
0.0722 0.050176
0.0797 0.0512
0.0719 0.052224
0.1206 0.050176
0.0744 0.0512
0.0673 0.0512
0.0661 0.050176
0.0696 0.050176
0.069 0.0512
0.0714 0.050176
0.0792 0.0512
0.079 0.0512
0.1051 0.050176
0.1203 0.0512
0.0714 0.0512
0.0737 0.050176
0.0674 0.0512
0.0681 0.0512
0.0692 0.053248
0.0762 0.0512
0.0681 0.050176
0.1319 0.0512
0.0749 0.0512
0.0711 0.0512
0.1167 0.0512
0.0679 0.050176
0.068 0.0512
0.0883 0.0512
0.0918 0.050176
0.0815 0.0512
0.0758 0.0512
0.0714 0.0512
0.0805 0.0512
0.1054 0.0512
0.0805 0.0512
0.0741 0.0512
0.067 0.0512
0.0694 0.0512
0.0738 0.0512
0.0716 0.0512
0.0721 0.0512
0.0721 0.052224
0.0714 0.050176
0.073 0.050176
0.0677 0.050176
0.0661 0.0512
0.0883 0.0512
0.0695 0.050176
0.078 0.0512
0.1086 0.0512
0.1231 0.050176
0.0675 0.0512
0.1715 0.0512
0.0874 0.0512
0.0902 0.0512
0.07 0.0512
0.0666 0.0512
0.0721 0.050176
0.067 0.0512
0.0704 0.0512
0.0673 0.0512
0.1309 0.052224
0.0703 0.0512
0.0677 0.0512
0.0783 0.0512
0.0819 0.0512
0.067 0.050176
0.0685 0.050176
0.0787 0.0512
0.0675 0.050176
0.1245 0.0512
0.0803 0.050176
0.1095 0.0512
0.0756 0.050176
0.0875 0.0512
0.0822 0.0512
0.0719 0.0512
0.0859 0.0512
0.075 0.050176
0.0715 0.0512
0.0681 0.0512
0.0683 0.050176
0.0724 0.0512
0.0753 0.0512
0.0811 0.050176
0.0676 0.0512
0.1049 0.052224
0.1108 0.0512
0.1263 0.0512
0.1274 0.0512
0.0683 0.0512
0.0692 0.050176
0.0679 0.0512
0.0709 0.0512
0.0686 0.050176
0.0705 0.0512
0.0728 0.050176
0.0987 0.050176
0.0734 0.0512
0.0807 0.0512
0.0729 0.050176
0.0733 0.0512
0.0823 0.050176
0.0807 0.0512
0.0692 0.0512
0.0717 0.0512
0.0682 0.0512
0.0671 0.0512
0.074 0.0512
0.073 0.0512
0.0684 0.0512
0.1309 0.052224
0.1035 0.0512
0.0876 0.050176
0.0778 0.0512
0.076 0.0512
0.0863 0.052224
0.073 0.0512
0.0732 0.050176
0.1133 0.0512
0.0811 0.0512
0.1179 0.0512
0.0929 0.050176
0.0732 0.050176
0.1092 0.0512
0.0725 0.052224
0.0673 0.0512
0.067 0.050176
0.0741 0.050176
0.0838 0.0512
0.1021 0.0512
0.0731 0.050176
0.0741 0.0512
0.0752 0.050176
0.0741 0.0512
0.0692 0.0512
0.0771 0.050176
0.0765 0.050176
0.0774 0.0512
0.0675 0.0512
0.0693 0.0512
0.0739 0.0512
0.0725 0.0512
0.0805 0.0512
0.0698 0.0512
0.0741 0.0512
0.0765 0.0512
0.0911 0.050176
0.0807 0.050176
0.0984 0.0512
0.0815 0.050176
0.0733 0.0512
0.0828 0.0512
0.0813 0.0512
0.0676 0.0512
0.0859 0.0512
0.0682 0.0512
0.0671 0.050176
0.0797 0.0512
0.0669 0.0512
0.0685 0.0512
0.1277 0.0512
0.0717 0.052224
0.0739 0.053248
0.0726 0.0512
0.0689 0.0512
0.0715 0.0512
0.0743 0.0512
0.0772 0.0512
0.0722 0.0512
0.0732 0.0512
0.0781 0.050176
0.0765 0.0512
0.0674 0.0512
0.0756 0.053248
0.0759 0.050176
0.0764 0.0512
0.0734 0.050176
0.0686 0.0512
0.0873 0.0512
0.0766 0.0512
0.0777 0.050176
0.0758 0.0512
0.0727 0.0512
0.0779 0.0512
0.0694 0.050176
0.0716 0.0512
0.0675 0.0512
0.0771 0.050176
0.0744 0.0512
0.0771 0.0512
0.072 0.0512
0.0728 0.050176
0.1089 0.050176
0.0903 0.0512
0.0784 0.0512
0.0871 0.050176
0.0719 0.0512
0.0706 0.050176
0.0757 0.0512
0.0701 0.050176
0.0723 0.050176
0.0734 0.0512
0.078 0.0512
0.0741 0.050176
0.07 0.0512
0.0727 0.054272
0.1105 0.050176
0.1305 0.0512
0.1041 0.050176
0.0744 0.0512
0.0675 0.0512
0.0696 0.0512
0.0748 0.050176
0.0685 0.0512
0.0779 0.0512
0.0708 0.0512
0.068 0.0512
0.07 0.050176
0.0832 0.0512
0.1143 0.0512
0.0683 0.052224
0.0861 0.0512
0.0745 0.0512
0.0686 0.0512
0.0684 0.0512
0.0787 0.0512
0.0794 0.0512
0.0696 0.050176
0.0764 0.0512
0.1205 0.050176
0.0674 0.050176
0.0779 0.0512
0.0895 0.0512
0.0684 0.0512
0.09 0.0512
0.0734 0.050176
0.0757 0.052224
0.0747 0.0512
0.0805 0.0512
0.0673 0.0512
0.0723 0.0512
0.0828 0.0512
0.0668 0.0512
0.1426 0.052224
0.0694 0.0512
0.1233 0.049152
0.0707 0.0512
0.1106 0.0512
0.1042 0.0512
0.0759 0.0512
0.0775 0.0512
0.0761 0.050176
0.0735 0.0512
0.0697 0.0512
0.0934 0.050176
0.0753 0.0512
0.0704 0.0512
0.073 0.0512
0.0689 0.0512
0.0787 0.0512
0.0875 0.0512
0.0706 0.0512
0.0775 0.0512
0.1108 0.050176
0.0751 0.0512
0.1234 0.0512
0.0676 0.052224
0.1184 0.050176
0.0759 0.0512
0.0674 0.050176
0.0692 0.050176
0.0753 0.050176
0.0705 0.0512
0.073 0.0512
0.0715 0.052224
0.0692 0.050176
0.0734 0.050176
0.1201 0.0512
0.069 0.0512
0.1128 0.0512
0.1269 0.0512
0.0666 0.0512
0.1327 0.050176
0.1264 0.050176
0.0712 0.0512
0.0844 0.0512
0.1135 0.0512
0.1014 0.0512
0.0731 0.050176
0.0699 0.050176
0.0744 0.0512
0.0723 0.0512
0.0751 0.0512
0.0689 0.0512
0.0767 0.0512
0.1028 0.050176
0.0729 0.050176
0.0679 0.052224
0.0755 0.050176
0.073 0.0512
0.188 0.0512
0.0709 0.052224
0.0682 0.050176
0.0898 0.0512
0.0712 0.050176
0.0846 0.050176
0.0747 0.0512
0.0666 0.050176
0.0759 0.050176
0.1018 0.0512
0.0764 0.050176
0.0673 0.050176
0.1294 0.050176
0.0705 0.050176
0.067 0.0512
0.0695 0.052224
0.0719 0.0512
0.0676 0.050176
0.0782 0.0512
0.0723 0.050176
0.0752 0.0512
0.0675 0.0512
0.0739 0.0512
0.0941 0.0512
0.069 0.0512
0.0756 0.052224
0.0734 0.050176
0.0682 0.0512
0.0768 0.0512
0.071 0.0512
0.068 0.050176
0.1133 0.0512
0.129 0.0512
0.0871 0.0512
0.1375 0.0512
0.068 0.0512
0.0673 0.0512
0.0739 0.0512
0.0747 0.0512
0.0672 0.0512
0.0714 0.0512
0.0685 0.0512
0.0693 0.0512
0.0754 0.0512
0.0688 0.050176
0.0795 0.050176
0.0752 0.0512
0.0688 0.0512
0.0721 0.0512
0.0712 0.050176
0.067 0.0512
0.0674 0.0512
0.0755 0.0512
0.0707 0.0512
0.1445 0.0512
0.0682 0.052224
0.0685 0.0512
0.0741 0.050176
0.0716 0.050176
0.0698 0.052224
0.073 0.0512
0.0934 0.0512
0.0746 0.0512
0.1059 0.0512
0.0783 0.0512
0.076 0.050176
0.0717 0.0512
0.0779 0.0512
0.0902 0.050176
0.1222 0.0512
0.0715 0.0512
0.0726 0.0512
0.0909 0.050176
0.0753 0.050176
0.0673 0.050176
0.0684 0.0512
0.0882 0.0512
0.0685 0.050176
0.0717 0.050176
0.0744 0.0512
0.0677 0.0512
0.0701 0.050176
0.1437 0.054272
0.0805 0.0512
0.078 0.050176
0.0709 0.050176
0.0741 0.052224
0.0707 0.0512
0.1144 0.0512
0.1101 0.052224
0.1098 0.050176
0.0775 0.050176
0.0766 0.0512
0.0701 0.050176
0.079 0.050176
0.0678 0.0512
0.0668 0.0512
0.0755 0.0512
0.0684 0.0512
0.0691 0.0512
0.0726 0.052224
0.1387 0.0512
0.0678 0.0512
0.146 0.052224
0.0679 0.0512
0.0783 0.050176
0.0722 0.050176
0.0689 0.050176
0.0682 0.0512
0.0687 0.0512
0.0747 0.0512
0.0714 0.0512
0.0716 0.0512
0.1094 0.0512
0.0734 0.050176
0.1236 0.0512
0.0762 0.0512
0.0675 0.0512
0.0938 0.0512
0.0717 0.050176
0.068 0.054272
0.0734 0.0512
0.0679 0.0512
0.0751 0.0512
0.0677 0.050176
0.0725 0.0512
0.0691 0.0512
0.068 0.0512
0.0726 0.0512
0.0834 0.0512
0.0677 0.052224
0.0823 0.0512
0.0732 0.050176
0.0695 0.0512
0.0725 0.0512
0.0711 0.050176
0.0699 0.0512
0.0701 0.0512
0.0787 0.0512
0.0711 0.0512
0.0715 0.050176
0.1174 0.050176
0.0823 0.0512
0.0768 0.0512
0.072 0.050176
0.0669 0.0512
0.0795 0.0512
0.0735 0.050176
0.0747 0.0512
0.0678 0.050176
0.0965 0.0512
0.0659 0.0512
0.076 0.050176
0.0715 0.0512
0.069 0.0512
0.0668 0.0512
0.0798 0.0512
0.0656 0.0512
0.0719 0.0512
0.0744 0.050176
0.0672 0.050176
0.0706 0.0512
0.0859 0.0512
0.135 0.050176
0.0749 0.0512
0.1234 0.052224
0.0709 0.050176
0.0642 0.0512
0.0677 0.0512
0.0709 0.0512
0.0704 0.0512
0.0707 0.052224
0.0713 0.0512
0.0728 0.0512
0.0839 0.050176
0.0978 0.0512
0.075 0.0512
0.0685 0.0512
0.1409 0.0512
0.116 0.050176
0.0657 0.050176
0.1358 0.0512
0.0714 0.050176
0.1625 0.050176
0.086 0.050176
0.0679 0.052224
0.0772 0.0512
0.0701 0.0512
0.0719 0.0512
0.0949 0.050176
0.069 0.0512
0.0729 0.0512
0.0739 0.0512
0.0689 0.0512
0.1189 0.0512
0.1294 0.055296
0.0679 0.0512
0.0688 0.0512
0.098 0.050176
0.0718 0.0512
0.0673 0.050176
0.0687 0.052224
0.0683 0.0512
0.0664 0.050176
0.0824 0.0512
0.0667 0.0512
0.0735 0.0512
0.0734 0.050176
0.0679 0.0512
0.0749 0.0512
0.0677 0.0512
0.1028 0.050176
0.0678 0.0512
0.0682 0.050176
0.0668 0.0512
0.0679 0.052224
0.0654 0.050176
0.0672 0.0512
0.0679 0.0512
0.2026 0.0512
0.0766 0.050176
0.1002 0.0512
0.0833 0.050176
0.0827 0.0512
0.0668 0.0512
0.0676 0.0512
0.0667 0.0512
0.068 0.0512
0.0712 0.0512
0.068 0.0512
0.0674 0.0512
0.073 0.0512
0.0665 0.0512
0.0663 0.050176
0.1274 0.050176
0.1269 0.0512
0.0672 0.050176
0.073 0.0512
0.1502 0.0512
0.0666 0.052224
0.0669 0.0512
0.0667 0.0512
0.0739 0.0512
0.0674 0.052224
0.0735 0.0512
0.0758 0.050176
0.0675 0.0512
0.0678 0.0512
0.0804 0.052224
0.08 0.0512
0.0704 0.0512
0.071 0.0512
0.0687 0.050176
0.0673 0.0512
0.0674 0.0512
0.0684 0.0512
0.0674 0.050176
0.0732 0.050176
0.0699 0.0512
0.0783 0.0512
0.1044 0.050176
0.075 0.0512
0.0668 0.050176
0.0672 0.050176
0.0745 0.0512
0.1275 0.0512
0.069 0.050176
0.0742 0.050176
0.0742 0.0512
0.0696 0.0512
0.0729 0.050176
0.0724 0.0512
0.0729 0.0512
0.0706 0.0512
0.0682 0.0512
0.0678 0.052224
0.0798 0.0512
0.0673 0.050176
0.0685 0.0512
0.0683 0.0512
0.0693 0.0512
0.072 0.0512
0.0666 0.0512
0.0674 0.050176
0.073 0.0512
0.0742 0.0512
0.0685 0.0512
0.079 0.0512
0.0679 0.0512
0.0666 0.052224
0.0687 0.0512
0.0669 0.0512
0.067 0.0512
0.0754 0.0512
0.0722 0.050176
0.0733 0.0512
0.1013 0.050176
0.0777 0.0512
0.069 0.0512
0.0787 0.054272
0.0743 0.0512
0.0825 0.0512
0.0696 0.0512
0.0669 0.0512
0.0711 0.0512
0.0664 0.0512
0.0743 0.0512
0.0738 0.0512
0.0715 0.0512
0.0898 0.052224
0.0742 0.0512
0.0739 0.0512
0.0854 0.050176
0.0687 0.050176
0.0699 0.0512
0.0669 0.0512
0.0726 0.0512
0.0677 0.0512
0.0662 0.050176
0.0739 0.0512
0.086 0.0512
0.0759 0.050176
0.0743 0.050176
0.0738 0.0512
0.0745 0.0512
0.0674 0.0512
0.0687 0.0512
0.0753 0.053248
0.0799 0.0512
0.0664 0.0512
0.0676 0.0512
0.0708 0.050176
0.0737 0.0512
0.1293 0.0512
0.0705 0.050176
0.0665 0.0512
0.0708 0.0512
0.0714 0.0512
0.0693 0.0512
0.0683 0.0512
0.0723 0.0512
