0.7712 0
0.7968 0
0.3444 0
0.3449 0
0.3502 0
0.3928 0
0.3664 0
0.3429 1.44589
0.3618 1.33734
0.3765 1.24826
0.3571 1.47866
0.345 1.3824
0.3608 1.32813
0.7288 1.34554
0.3475 1.19194
0.3448 1.17146
0.3474 1.18682
0.3671 1.31584
0.4178 1.3097
0.4573 1.32301
0.3421 1.4633
0.3689 1.44998
0.3522 1.18989
0.3482 1.3097
0.3492 1.31482
0.7357 1.28512
0.3597 1.30048
0.3666 1.17555
0.3487 1.31277
0.6318 1.29331
0.367 1.44384
0.3825 1.30048
0.3401 1.28717
0.3528 1.3056
0.3614 1.29638
0.3431 1.29536
0.4654 1.47866
0.3508 1.28922
0.3808 1.29229
0.3724 1.4848
0.3476 1.28102
0.4658 1.28717
0.801 1.1776
0.36 1.29536
0.6057 1.43565
0.5997 1.43872
0.3665 1.44998
0.3478 1.28512
0.3341 1.29536
0.7077 1.30662
0.3419 1.30355
0.3713 1.29638
0.3515 1.17965
0.3466 1.29536
0.5029 1.31891
0.3676 1.31686
0.3655 1.44691
0.3659 1.17453
0.3437 1.29331
0.3499 1.45101
0.3382 1.4551
0.3473 1.28205
0.345 1.17658
0.3453 1.30765
0.3703 1.31174
0.3537 1.1776
0.3412 1.17248
0.3804 1.43974
0.3611 1.47763
0.3768 1.1735
0.3504 1.3271
0.3447 1.29024
0.3565 1.28614
0.3475 1.2841
0.606 1.29843
0.3736 1.46227
0.66 1.3097
0.3468 1.17555
0.3504 1.29638
0.3495 1.29024
0.3438 1.45715
0.3426 1.2759
0.7099 1.27181
0.3452 1.18272
0.4219 1.46637
0.4998 1.3056
0.3508 1.33325
0.3507 1.18477
0.366 1.45818
0.3387 1.32403
0.345 1.32096
0.6534 1.47046
0.5533 1.18477
0.343 1.3015
0.3503 1.3056
0.7014 1.29946
0.3638 1.3056
0.3505 1.30662
0.5515 1.1776
0.3397 1.44691
0.3585 1.29229
0.3633 1.28614
0.7075 1.28922
0.6368 1.30458
0.6232 1.29946
0.3472 1.17658
0.3514 1.30355
0.3466 1.45203
0.3688 1.1817
0.7265 1.16736
0.361 1.31482
0.3427 1.46227
0.3733 1.19501
0.3364 1.31789
0.3682 1.19296
0.6589 1.31789
0.3837 1.16634
0.5622 1.29946
0.3454 1.30458
0.6235 1.29536
0.354 1.31277
0.3839 1.31072
0.3445 1.4551
0.3715 1.28717
0.3834 1.29946
0.3494 1.30662
0.5908 1.31277
0.3649 1.31994
0.3771 1.31174
0.3715 1.18579
0.6585 1.45715
0.3445 1.32301
0.6292 1.29536
0.3604 1.46432
0.3856 1.31686
0.3399 1.46022
0.3484 1.18272
0.3457 1.31789
0.3626 1.29741
0.3897 1.31174
0.3417 1.3015
0.3482 1.30253
0.4651 1.46227
0.3475 1.30458
0.3465 1.45715
0.3655 1.30765
0.3719 1.28307
0.3465 1.16838
0.3652 1.28922
0.3489 1.30662
0.3524 1.28819
0.7175 1.46842
0.6706 1.45203
0.741 1.46842
0.3477 1.31277
0.3749 1.46432
0.3402 1.1776
0.5837 1.30867
0.4143 1.31686
0.3441 1.18272
0.7697 1.29946
0.4261 1.32608
0.8647 1.30662
0.5683 1.46842
0.4705 1.43872
0.3482 1.3097
0.3423 1.44691
0.3635 1.30765
0.3499 1.3056
0.3759 1.29229
0.4562 1.30765
0.3811 1.30765
0.3599 1.45203
0.6904 1.17248
0.4602 1.45101
0.7198 1.3056
0.9333 1.30765
0.452 1.47763
0.5484 1.19194
0.4147 1.3097
0.3644 1.34042
0.3796 1.33222
0.6013 1.33427
0.3436 1.34656
0.3639 1.31686
0.3813 1.31379
0.3752 1.47354
0.3534 1.3015
0.7999 1.17248
0.3575 1.30662
0.4401 1.29741
0.354 1.28102
0.3683 1.44896
0.542 1.29434
0.3584 1.17043
0.3694 1.30765
0.3408 1.28717
0.3395 1.30355
0.3471 1.29024
0.3748 1.30662
0.3456 1.20013
0.6078 1.18886
0.3705 1.32915
0.3844 1.34042
0.3458 1.33632
0.3615 1.3271
0.3517 1.34349
0.501 1.29946
0.3527 1.31174
0.7039 1.30458
0.7329 1.17248
0.6654 1.28307
0.6244 1.44794
0.3941 1.30867
0.5047 1.44998
0.3436 1.18784
0.8218 1.31789
0.3825 1.17248
0.5646 1.1735
0.7211 1.28717
0.8003 1.30048
0.6445 1.46739
0.7231 1.32301
0.3552 1.3312
0.5563 1.4592
0.4616 1.30867
0.3652 1.33632
0.3714 1.16531
0.3726 1.29331
0.3447 1.32301
0.3649 1.32403
0.4199 1.32608
0.6227 1.47149
0.3456 1.18989
0.4342 1.32813
0.525 1.31686
0.3969 1.32506
0.63 1.4551
0.4708 1.44486
0.4449 1.28819
0.3483 1.30355
0.3478 1.28205
0.5314 1.31584
0.3663 1.31482
0.3478 1.4592
0.3768 1.46227
0.3567 1.46125
0.3924 1.17555
0.406 1.4551
0.3556 1.45306
0.589 1.16941
0.394 1.28205
0.6812 1.30765
0.3911 1.4551
0.3927 1.46534
0.3461 1.18579
0.3503 1.19091
0.3513 1.46227
0.3394 1.17043
0.7048 1.48685
0.3452 1.29843
0.3539 1.33222
0.7371 1.4551
0.632 1.32403
0.3499 1.46534
0.3588 1.3097
0.3478 1.46125
0.3455 1.29741
0.3449 1.29024
0.3701 1.29843
0.3612 1.16941
0.3412 1.31277
0.338 1.30458
0.7312 1.18272
0.6008 1.18477
0.3403 1.31277
0.3808 1.30355
0.3574 1.43565
0.3595 1.17146
0.3556 1.31789
0.7581 1.44896
0.343 1.17248
0.3467 1.30458
0.3538 1.47354
0.344 1.17555
0.5471 1.2841
0.3561 1.31072
0.3486 1.1735
0.3477 1.29741
0.3603 1.1735
0.3715 1.31994
0.3471 1.30458
0.3456 1.31789
0.3511 1.31584
0.3439 1.18682
0.5823 1.18374
0.356 1.32198
0.3522 1.32506
0.4154 1.29229
0.3646 1.17043
0.361 1.43155
0.3478 1.28922
0.3403 1.48173
0.3403 1.29536
0.3422 1.30048
0.3446 1.29741
0.3504 1.29843
0.341 1.17862
0.3733 1.1776
0.8253 1.44896
0.3956 1.16941
0.3514 1.17453
0.3374 1.30253
0.3443 1.45715
0.3494 1.31379
0.3722 1.30458
0.7462 1.30867
0.3474 1.18067
0.3793 1.47763
0.3401 1.45306
0.3477 1.29229
0.3441 1.29638
0.4355 1.30253
0.3439 1.29843
0.3511 1.46022
0.3709 1.18579
0.3714 1.18682
0.3526 1.45203
0.3468 1.15917
0.3454 1.31891
0.3415 1.29638
0.3676 1.18886
0.3417 1.31789
0.3444 1.30765
0.3765 1.33632
0.6082 1.31994
0.3814 1.33632
0.3426 1.31379
0.3647 1.30355
0.3424 1.28717
0.3717 1.17453
0.3428 1.29843
0.6384 1.19091
0.3472 1.18579
0.3435 1.32403
0.342 1.31686
0.6577 1.32198
0.4173 1.29741
0.3711 1.29843
0.3472 1.18374
0.75 1.30765
0.3694 1.44794
0.346 1.29741
0.3485 1.45306
0.3528 1.1776
0.3622 1.44486
0.3762 1.1776
0.3524 1.28922
0.3456 1.3056
0.593 1.30662
0.4722 1.31277
0.8608 1.45203
0.3389 1.29843
0.3538 1.29843
0.3563 1.30867
0.3392 1.18272
0.7392 1.29741
0.3731 1.45818
0.3427 1.4377
0.7346 1.29331
0.4297 1.31174
0.4166 1.16838
0.3451 1.32198
0.3415 1.29843
0.3801 1.30765
0.3497 1.17965
0.395 1.30355
0.3965 1.29843
0.6944 1.1735
0.3404 1.16838
0.3494 1.45101
0.3491 1.29024
0.3713 1.3056
0.3464 1.29229
0.3466 1.44077
0.4406 1.29229
0.3676 1.17965
0.3617 1.29843
0.3696 1.16838
0.343 1.32403
0.3464 1.46125
0.3389 1.30867
0.5339 1.33837
0.3359 1.3271
0.3407 1.21139
0.6615 1.31584
0.5412 1.20218
0.3565 1.46432
0.3825 1.33632
0.3405 1.19808
0.4237 1.3097
0.3469 1.31994
0.4012 1.28307
0.3458 1.31686
0.3463 1.47354
0.3459 1.17043
0.3397 1.31379
0.456 1.17146
0.3503 1.17658
0.3641 1.16838
0.4153 1.1735
0.3486 1.30662
0.351 1.29229
0.3414 1.30458
0.3488 1.32096
0.7188 1.45715
0.3466 1.31994
0.3421 1.31789
0.3446 1.30765
0.3526 1.17043
0.8036 1.30867
0.3369 1.29229
0.3454 1.29331
0.353 1.17658
0.344 1.30355
0.3656 1.3015
0.3574 1.30253
0.3349 1.44691
0.3614 1.29434
0.3399 1.28819
0.7351 1.1776
0.6861 1.46125
0.5165 1.18067
0.5874 1.33018
0.5765 1.4592
0.3403 1.31584
0.3379 1.31277
0.3319 1.18067
0.3482 1.31891
0.3418 1.28922
0.346 1.45408
0.3387 1.31789
0.3522 1.45408
0.3457 1.29946
0.4084 1.17658
0.6986 1.29126
0.6356 1.29638
0.3841 1.44896
0.3456 1.3097
0.3486 1.76026
0.3916 1.72237
0.3855 1.7193
0.3393 1.98042
0.3486 1.96198
0.3809 1.71213
0.3408 1.72032
0.3609 1.96301
0.3594 1.96403
0.3543 1.96813
0.3589 1.98042
0.3471 1.71213
0.3441 1.72032
0.3491 1.70803
0.3438 1.97837
0.3806 2.0183
0.7371 1.72339
0.6782 1.95789
0.3479 1.96915
0.3857 1.95379
0.3511 1.72442
0.5305 1.96403
0.7155 1.72442
0.3447 1.96915
0.4033 2.02957
0.4026 2.02342
0.3451 1.98963
0.87 1.97325
0.3847 1.71008
0.3992 1.72032
0.361 1.70394
0.369 1.73466
0.3425 1.71008
0.35 1.95277
0.341 1.95482
0.3491 1.95482
0.3733 2.03264
0.3395 2.02035
0.3428 1.71622
0.4837 1.95891
0.3631 1.97734
0.3721 1.72442
0.4083 1.72646
0.3435 1.95686
0.6402 1.9712
0.3927 2.02035
0.3502 1.95686
0.382 2.0265
0.3419 1.94867
0.349 1.99373
0.3699 2.01933
0.3433 1.71725
0.3377 2.01318
0.6831 2.02035
0.3571 1.71418
0.3458 1.98758
0.9406 1.96301
0.3527 1.71213
0.3746 1.72442
0.5803 1.96198
0.3436 1.96096
0.3578 1.98656
0.3522 1.98246
0.3586 2.00704
0.3474 1.95891
0.3397 1.96915
0.3457 2.02445
0.3714 1.72032
0.6696 1.7111
0.6874 1.95686
0.3983 2.03366
0.3543 1.9927
0.3696 1.96096
0.3546 1.97939
0.4159 1.94253
0.354 1.72339
0.4561 1.95789
0.3777 1.9671
0.356 1.71725
0.3541 1.71622
0.3713 1.72442
0.7853 1.98042
0.3536 1.71315
0.3542 1.7193
0.3397 1.96813
0.3463 1.95994
0.3662 1.95584
0.3729 1.71622
0.483 2.00909
0.3405 1.71725
0.3381 2.01933
0.3487 1.98246
0.3449 1.98144
0.7895 2.03674
0.3596 1.97018
0.5338 1.95174
0.3377 1.99373
0.3436 1.97734
0.3525 1.95686
0.3484 1.95379
0.348 1.70496
0.3801 2.04186
0.4005 1.70598
0.3509 1.95994
0.357 1.95686
0.5973 2.02957
0.3885 1.95789
0.3438 1.99885
0.3375 1.7152
0.3474 1.72032
0.3391 1.94253
0.3411 1.95072
0.4548 1.7111
0.3394 1.98758
0.3479 2.00192
0.3516 1.95072
0.7099 2.02445
0.3699 2.00806
0.3409 1.72134
0.3862 1.96096
0.3452 1.98451
0.3453 1.72032
0.3489 1.71725
0.3426 1.97222
0.3421 2.01728
0.3661 1.99987
0.3444 2.0183
0.4697 1.71418
0.3535 1.95379
0.5923 1.95584
0.352 1.96198
0.3403 2.03162
0.3424 1.95686
0.382 1.9415
0.7179 1.92614
0.3496 1.95379
0.354 1.72442
0.3434 2.02138
0.3712 1.98451
0.3551 1.95482
0.3425 1.7193
0.4031 1.71315
0.7556 1.7152
0.3746 1.97939
0.3386 2.02445
0.3404 1.96506
0.3683 1.71315
0.3501 2.02035
0.3379 1.96506
0.3593 1.71418
0.3908 1.9753
0.3398 1.7193
0.6643 1.98349
0.3426 1.70598
0.3533 2.01626
0.347 1.95789
0.3596 1.99475
0.3568 1.95789
0.3449 1.7152
0.3896 1.95584
0.349 1.71008
0.3951 1.71827
0.361 1.97018
0.3466 1.72544
0.3433 1.71418
0.3642 2.01114
0.7248 1.71622
0.4839 1.7152
0.4181 1.98349
0.372 1.95789
0.3356 1.98349
0.3795 2.00602
0.3572 1.97632
0.339 1.71315
0.3483 1.72954
0.3447 1.72544
0.3705 1.94867
0.3664 1.96198
0.4153 1.95686
0.3971 1.97837
0.3568 1.96506
0.3883 1.95072
0.3415 1.96096
0.3636 2.00704
0.3552 1.97222
0.3455 2.00704
0.3417 1.7152
0.3723 1.98042
0.3484 1.95072
0.3627 1.7152
0.5802 1.72544
0.4168 1.98963
0.379 2.02138
0.3607 1.99066
0.3464 1.71213
0.4137 2.0224
0.3395 1.96096
0.3364 1.95686
0.3401 1.72032
0.3376 1.97222
0.3411 1.72339
0.3563 1.98451
0.6722 1.95789
0.9509 1.72237
0.343 2.01421
0.3831 1.94867
0.3477 1.97427
0.6492 1.95482
0.3474 1.72954
0.3407 1.97222
0.3696 1.71725
0.3478 2.01216
0.3477 2.0183
0.3456 1.99987
0.696 1.95686
0.3553 1.9927
0.3458 1.95994
0.3408 1.71418
0.3382 1.97837
0.3446 1.96198
0.385 2.03366
0.3601 1.73056
0.3589 1.96096
0.3459 1.96813
0.3643 1.95379
0.355 2.02445
0.3423 1.70701
0.3717 2.0224
0.3634 1.96506
0.3464 1.97837
0.347 1.7111
0.3428 1.9712
0.3447 1.97222
0.3435 2.01421
0.3433 1.97427
0.3425 1.96608
0.401 1.97325
0.3591 1.96096
0.3379 1.96506
0.3888 1.97222
0.5405 1.71725
0.3516 1.98451
0.3719 1.97222
0.35 1.72134
0.36 1.97018
0.3417 1.71622
0.3397 1.96403
0.3453 2.03674
0.3585 1.9712
0.3898 1.96915
0.356 2.02547
0.3808 1.71315
0.6142 1.70701
0.3752 1.95891
0.3453 1.72442
0.352 1.95174
0.3411 1.71418
0.7006 1.7193
0.3401 1.96403
0.3484 1.98451
0.7047 2.00909
0.3425 1.98451
0.3652 1.7111
0.3742 1.96096
0.3441 1.70701
0.3416 2.01933
0.4089 1.69779
0.7753 1.70701
0.6348 1.70803
0.3592 2.01421
0.5585 1.92512
0.3546 1.71725
0.3443 2.02342
0.4006 1.96813
0.3407 1.96608
0.342 1.9671
0.3532 1.93946
0.3414 1.70496
0.3448 1.71418
0.676 1.70598
0.6972 1.97222
0.342 1.96096
0.3448 1.95686
0.7206 1.97018
0.3629 1.92717
0.8065 1.96403
0.3497 1.96198
0.3347 1.96096
0.3455 1.71213
0.347 1.94253
0.3867 1.9497
0.3448 1.71622
0.3434 2.02854
0.3489 1.98246
0.3379 1.96608
0.3439 2.03366
0.4669 1.95174
0.3704 1.97939
0.3484 1.7111
0.348 1.70394
0.3698 2.00499
0.7653 1.72134
0.547 1.97018
0.3436 1.95379
0.3445 1.71315
0.3401 2.0183
0.3784 1.97325
0.3756 1.96915
0.3808 2.00499
0.3582 1.69984
0.3445 1.70803
0.3501 2.00909
0.389 1.94867
0.6226 1.70803
0.3363 1.94253
0.3495 1.9671
0.348 2.01421
0.3406 1.97018
0.3501 1.93946
0.3376 1.97018
0.351 1.98451
0.359 2.00602
0.3596 1.71418
0.3404 1.95994
0.7797 1.97018
0.3844 1.97325
0.3773 1.99168
0.3512 1.70803
0.3928 1.70701
0.4086 1.9753
0.3769 2.0224
0.3565 1.99578
0.3623 1.71418
0.3644 1.71315
0.344 1.70803
0.3864 1.70086
0.3456 1.9415
0.375 1.99578
0.7328 1.97734
0.3614 2.00602
0.3374 1.98144
0.3857 1.97018
0.3473 1.9671
0.3442 1.97222
0.351 1.9415
0.3529 1.70803
0.3396 1.72134
0.3457 1.69984
0.3461 1.72954
0.5392 1.98042
0.3381 1.95072
0.3549 1.97325
0.3433 1.99168
0.3686 1.97427
0.3759 1.9497
0.6527 1.97325
0.3368 1.96915
0.3768 1.95891
0.3492 1.94765
0.3471 1.9456
0.3625 2.01626
0.7191 1.9712
0.5988 2.02854
0.3508 1.72851
0.3483 1.95584
0.3365 1.72237
0.3763 1.7193
0.3402 1.70906
0.3444 1.96608
0.4144 1.70906
0.3891 1.9712
0.3915 1.70086
0.7453 1.96813
0.7288 1.71213
0.5151 1.95891
0.3845 1.96096
0.7073 1.98042
0.3442 2.00499
0.3601 1.72237
0.3416 1.97734
0.3487 1.70394
0.345 1.9712
0.3777 1.99168
0.3488 1.97632
0.3482 1.95277
0.3684 1.9497
0.3632 1.95174
0.633 1.97018
0.3478 1.9712
0.3495 2.00397
0.5911 1.72237
0.3679 1.95994
0.3625 1.98656
0.345 1.71827
0.4976 1.71213
0.651 1.94765
0.3535 1.95789
0.4438 1.96506
0.3467 1.94765
0.3435 1.71622
0.708 1.99782
0.3561 1.98246
0.3691 1.94355
0.3551 2.00294
0.5077 1.97325
0.3997 1.96301
0.3616 1.70906
0.3565 1.72237
0.3471 2.01114
0.3965 1.70803
0.3566 1.70906
0.4061 1.69779
0.3605 2.00909
0.4025 1.70086
0.3522 1.96915
0.3386 1.70803
0.3526 1.98144
0.3418 2.01728
0.3431 1.9671
0.3829 1.94253
0.343 2.01216
0.3647 1.9671
0.919 2.01933
0.5732 2.02138
0.3429 1.95277
0.7508 1.70701
0.3756 1.9712
0.3479 2.01933
0.3439 1.72442
0.3672 1.71622
0.3444 1.71622
0.3942 1.97325
0.4023 2.03059
0.7104 1.70496
0.3984 2.01318
0.5647 1.98349
0.5884 1.71315
0.3673 1.96608
0.3796 1.96096
0.6615 1.95482
0.3812 1.71213
0.343 1.97734
0.6576 1.96915
0.3454 1.70803
0.3541 1.98246
0.3368 2.02342
0.3719 1.71827
0.8088 1.94867
0.4232 1.94867
0.3418 1.99373
0.3655 1.7111
0.3512 1.93843
0.3509 1.96608
0.3457 2.01933
0.3828 1.9671
0.3473 1.95584
0.5134 1.70803
0.3814 1.95584
0.338 1.70906
0.463 1.95379
0.3554 1.95174
0.5933 1.96096
0.5035 1.95891
0.3372 1.70496
0.5527 1.70394
0.4174 1.7193
0.3518 1.94458
0.6093 1.71213
0.7003 1.98656
0.3448 1.9497
0.3518 1.98144
0.3494 2.02342
0.5478 1.9456
0.6858 1.95891
0.5161 2.03571
0.3599 1.98554
0.3511 1.9753
0.4175 1.94355
0.3728 1.94765
0.3534 2.01216
0.4035 1.95277
0.5367 2.02342
0.4101 1.70291
0.71 2.03059
0.3663 1.95277
0.4922 1.96301
0.853 1.95789
0.3888 1.98963
0.4015 1.96198
0.6201 1.97837
0.3466 1.96301
0.4923 2.01216
0.4921 1.97734
0.4869 1.97632
0.6622 1.9753
0.4042 1.98861
0.7081 2.03059
0.3564 1.9671
0.6571 1.95482
0.3535 1.9712
0.3446 1.96915
0.3624 1.7111
0.7818 1.9671
0.5125 1.71418
0.3554 1.72749
0.3555 1.71418
0.3496 1.97325
0.3557 1.70189
0.3561 1.72134
0.6523 1.9497
0.7183 1.71315
0.3552 1.71315
0.3674 1.71827
0.6538 1.70598
0.7172 2.01421
0.7143 1.95891
0.373 1.95482
0.4805 1.72237
0.3649 1.99782
0.356 1.7152
0.9597 1.70291
0.5208 2.02035
0.56 1.97325
0.3521 1.71315
0.3724 2.00909
0.4098 1.9712
0.3734 1.99987
0.3551 2.00909
0.4783 1.96301
0.5079 1.71622
0.355 2.00909
0.3447 1.96403
0.5008 1.96813
0.4846 1.94867
0.4761 2.01626
0.3631 1.73158
0.8128 1.9712
0.765 1.96403
0.4924 2.01421
0.5099 1.96608
0.5139 1.97734
0.555 1.96915
0.737 1.97734
0.7155 2.01114
0.3676 1.95584
0.4928 1.71008
0.4166 2.00909
0.3603 1.70803
0.4873 1.71315
0.3566 1.97632
0.3846 1.96506
0.7392 1.96096
0.3843 1.72032
0.8023 1.72442
0.4278 1.71827
0.595 2.01318
0.5355 2.01318
0.7305 1.9753
0.3501 1.72032
0.6639 1.98758
0.4562 1.97837
0.5072 1.95072
0.9683 1.98451
0.5541 1.94253
0.647 2.00499
0.5277 1.98963
0.4783 1.96608
0.6227 1.98861
0.3559 1.99168
0.3643 1.95686
0.6981 1.9927
0.5619 1.97018
0.4055 1.97325
0.3495 1.97222
0.3752 2.01114
