0.0432 0.186368
0.0387 0.186368
0.0366 0.186368
0.0615 0.185344
0.1311 0.185344
0.0608 0.185344
0.0408 0.185344
0.1149 0.185344
0.0394 0.185344
0.0353 0.185344
0.0379 0.185344
0.0406 0.185344
0.0471 0.185344
0.0639 0.185344
0.0447 0.185344
0.051 0.185344
0.0521 0.186368
0.0543 0.186368
0.0441 0.185344
0.0548 0.185344
0.0442 0.185344
0.0431 0.186368
0.0461 0.186368
0.047 0.186368
0.0425 0.185344
0.0633 0.186368
0.0421 0.186368
0.0543 0.186368
0.0433 0.185344
0.0491 0.185344
0.0539 0.185344
0.05 0.185344
0.0737 0.185344
0.054 0.186368
0.0459 0.186368
0.046 0.186368
0.0446 0.185344
0.0434 0.185344
0.0968 0.186368
0.0445 0.185344
0.0442 0.185344
0.0421 0.186368
0.0431 0.186368
0.0435 0.185344
0.044 0.185344
0.0497 0.185344
0.0427 0.186368
0.0582 0.185344
0.0432 0.185344
0.0503 0.185344
0.0562 0.185344
0.0743 0.185344
0.0426 0.186368
0.0479 0.186368
0.0457 0.186368
0.0455 0.185344
0.0424 0.186368
0.0435 0.185344
0.0433 0.186368
0.0431 0.185344
0.0506 0.185344
0.0576 0.186368
0.0434 0.185344
0.0446 0.186368
0.0454 0.186368
0.0431 0.186368
0.0433 0.186368
0.0436 0.186368
0.0426 0.18432
0.0493 0.186368
0.0426 0.186368
0.0496 0.186368
0.0493 0.186368
0.0431 0.186368
0.0444 0.185344
0.0498 0.186368
0.0438 0.186368
0.043 0.186368
0.0461 0.186368
0.0419 0.185344
0.0434 0.185344
0.0571 0.186368
0.043 0.186368
0.0441 0.185344
0.0442 0.186368
0.0437 0.185344
0.0565 0.186368
0.044 0.185344
0.0452 0.185344
0.0435 0.186368
0.0434 0.185344
0.05 0.186368
0.0487 0.186368
0.0443 0.186368
0.07 0.186368
0.0481 0.186368
0.0443 0.186368
0.042 0.185344
0.0426 0.185344
0.0592 0.186368
0.0808 0.186368
0.0427 0.186368
0.0823 0.185344
0.0494 0.185344
0.0429 0.18432
0.0427 0.186368
0.0429 0.185344
0.0667 0.186368
0.0437 0.186368
0.0496 0.186368
0.0422 0.185344
0.0518 0.186368
0.0429 0.186368
0.0486 0.185344
0.0445 0.186368
0.0502 0.185344
0.046 0.186368
0.0742 0.186368
0.044 0.186368
0.0423 0.185344
0.0751 0.185344
0.0423 0.185344
0.0489 0.185344
0.0736 0.185344
0.0519 0.185344
0.0434 0.185344
0.0437 0.185344
0.0777 0.186368
0.0428 0.185344
0.0455 0.186368
0.0513 0.185344
0.0737 0.185344
0.0488 0.185344
0.0424 0.185344
0.0438 0.186368
0.0905 0.185344
0.0758 0.185344
0.0659 0.185344
0.0495 0.185344
0.0485 0.185344
0.0432 0.186368
0.0515 0.186368
0.0422 0.186368
0.0556 0.185344
0.0473 0.185344
0.043 0.186368
0.0419 0.186368
0.0494 0.186368
0.0445 0.186368
0.0433 0.185344
0.052 0.185344
0.0428 0.186368
0.0509 0.186368
0.0432 0.186368
0.0441 0.186368
0.0433 0.186368
0.0444 0.186368
0.0431 0.18432
0.0434 0.185344
0.0504 0.185344
0.0535 0.185344
0.0442 0.185344
0.0434 0.186368
0.049 0.186368
0.0418 0.186368
0.0746 0.186368
0.0428 0.185344
0.049 0.185344
0.0698 0.185344
0.0431 0.185344
0.078 0.185344
0.0436 0.186368
0.0629 0.186368
0.0545 0.185344
0.0456 0.186368
0.0471 0.185344
0.044 0.185344
0.0523 0.186368
0.0502 0.186368
0.0432 0.185344
0.0437 0.185344
0.0473 0.185344
0.046 0.186368
0.0424 0.186368
0.0423 0.186368
0.0491 0.186368
0.0482 0.185344
0.0505 0.185344
0.0426 0.186368
0.0823 0.186368
0.0427 0.185344
0.0442 0.186368
0.047 0.186368
0.0754 0.186368
0.044 0.186368
0.0435 0.186368
0.0559 0.185344
0.0521 0.186368
0.073 0.186368
0.0493 0.185344
0.0455 0.185344
0.0759 0.185344
0.045 0.186368
0.0433 0.185344
0.0441 0.185344
0.0455 0.186368
0.0489 0.186368
0.0448 0.186368
0.0419 0.185344
0.1073 0.185344
0.1101 0.185344
0.0961 0.186368
0.0506 0.186368
0.0825 0.185344
0.0428 0.185344
0.044 0.186368
0.0639 0.185344
0.0434 0.185344
0.0426 0.186368
0.0442 0.185344
0.0763 0.186368
0.0433 0.185344
0.0511 0.185344
0.0435 0.186368
0.0437 0.185344
0.0434 0.186368
0.0442 0.186368
0.0434 0.185344
0.0443 0.185344
0.042 0.186368
0.0425 0.186368
0.0428 0.185344
0.0432 0.185344
0.0479 0.185344
0.0444 0.185344
0.0463 0.186368
0.0489 0.186368
0.0699 0.185344
0.0432 0.185344
0.0433 0.186368
0.0722 0.185344
0.0899 0.185344
0.0774 0.185344
0.044 0.186368
0.0433 0.185344
0.0423 0.186368
0.0759 0.185344
0.0425 0.185344
0.0431 0.186368
0.046 0.186368
0.0488 0.185344
0.0428 0.185344
0.0447 0.185344
0.0429 0.185344
0.0512 0.186368
0.0436 0.185344
0.0517 0.185344
0.0456 0.186368
0.0518 0.185344
0.0825 0.185344
0.088 0.185344
0.0628 0.186368
0.0432 0.185344
0.0731 0.185344
0.0462 0.186368
0.043 0.185344
0.0428 0.185344
0.044 0.186368
0.0422 0.185344
0.0429 0.185344
0.0691 0.185344
0.0488 0.186368
0.1371 0.185344
0.0457 0.185344
0.0483 0.185344
0.0806 0.186368
0.0732 0.185344
0.0718 0.185344
0.0707 0.186368
0.0907 0.185344
0.0496 0.185344
0.0496 0.185344
0.045 0.185344
0.059 0.185344
0.0492 0.185344
0.0431 0.185344
0.0449 0.185344
0.0422 0.186368
0.0477 0.186368
0.0431 0.185344
0.0442 0.185344
0.0486 0.185344
0.043 0.185344
0.0467 0.185344
0.0431 0.186368
0.0475 0.186368
0.0555 0.186368
0.0785 0.185344
0.0435 0.185344
0.0442 0.18432
0.0436 0.185344
0.0436 0.186368
0.0489 0.185344
0.0602 0.185344
0.0432 0.185344
0.0507 0.186368
0.0534 0.186368
0.0482 0.186368
0.0588 0.186368
0.0682 0.185344
0.048 0.186368
0.042 0.185344
0.0462 0.185344
0.0418 0.185344
0.0436 0.186368
0.0599 0.185344
0.046 0.186368
0.0431 0.186368
0.0464 0.186368
0.0429 0.186368
0.0479 0.185344
0.0435 0.186368
0.0439 0.185344
0.0452 0.186368
0.0436 0.185344
0.049 0.186368
0.0482 0.186368
0.0444 0.186368
0.0436 0.185344
0.048 0.186368
0.0507 0.186368
0.0432 0.186368
0.0527 0.186368
0.0529 0.186368
0.0675 0.185344
0.0418 0.185344
0.0506 0.186368
0.0432 0.185344
0.0426 0.185344
0.0504 0.186368
0.0428 0.185344
0.0419 0.186368
0.0442 0.185344
0.0432 0.185344
0.0421 0.185344
0.0793 0.186368
0.0431 0.186368
0.0755 0.185344
0.0691 0.185344
0.0419 0.185344
0.0789 0.185344
0.0659 0.185344
0.0429 0.185344
0.0421 0.185344
0.0449 0.185344
0.0431 0.186368
0.0534 0.185344
0.0542 0.185344
0.0527 0.185344
0.0444 0.185344
0.0442 0.186368
0.0428 0.186368
0.043 0.186368
0.0438 0.186368
0.0426 0.185344
0.0422 0.186368
0.046 0.18432
0.0433 0.185344
0.0424 0.186368
0.046 0.186368
0.0434 0.185344
0.0437 0.185344
0.0545 0.185344
0.0427 0.186368
0.051 0.185344
0.0442 0.186368
0.0452 0.186368
0.0494 0.186368
0.0462 0.186368
0.043 0.185344
0.0427 0.185344
0.0575 0.185344
0.0661 0.185344
0.0509 0.185344
0.0521 0.186368
0.0784 0.186368
0.0432 0.186368
0.0491 0.186368
0.0428 0.186368
0.0431 0.185344
0.0468 0.185344
0.0429 0.186368
0.0486 0.186368
0.0871 0.186368
0.0494 0.185344
0.052 0.186368
0.0464 0.185344
0.0504 0.186368
0.0446 0.185344
0.0443 0.186368
0.043 0.186368
0.0435 0.186368
0.0467 0.185344
0.111 0.186368
0.0477 0.185344
0.0499 0.186368
0.0751 0.185344
0.0494 0.185344
0.0467 0.186368
0.0526 0.185344
0.0452 0.185344
0.0445 0.186368
0.0421 0.186368
0.0432 0.185344
0.0442 0.185344
0.0434 0.186368
0.0433 0.186368
0.0447 0.185344
0.0428 0.185344
0.048 0.185344
0.047 0.186368
0.0441 0.185344
0.0451 0.185344
0.0455 0.185344
0.0618 0.185344
0.0436 0.186368
0.044 0.186368
0.0423 0.186368
0.043 0.186368
0.0502 0.186368
0.0553 0.186368
0.0732 0.186368
0.079 0.186368
0.0483 0.185344
0.044 0.186368
0.0543 0.185344
0.0505 0.186368
0.0503 0.185344
0.0435 0.186368
0.0511 0.185344
0.0426 0.185344
0.0448 0.186368
0.0678 0.185344
0.0581 0.185344
0.0439 0.185344
0.0437 0.186368
0.5358 0.185344
0.0453 0.186368
0.0446 0.186368
0.0485 0.185344
0.0474 0.186368
0.0441 0.185344
0.0796 0.185344
0.0522 0.185344
0.045 0.185344
0.0492 0.185344
0.054 0.185344
0.0466 0.186368
0.0425 0.186368
0.0454 0.185344
0.0434 0.185344
0.0474 0.185344
0.044 0.186368
0.043 0.185344
0.0434 0.185344
0.0434 0.186368
0.0425 0.185344
0.0424 0.18432
0.0437 0.186368
0.0427 0.185344
0.079 0.185344
0.0449 0.185344
0.0418 0.186368
0.0481 0.186368
0.0439 0.186368
0.0422 0.186368
0.0495 0.185344
0.0438 0.186368
0.0483 0.185344
0.0432 0.186368
0.047 0.185344
0.0446 0.185344
0.0433 0.185344
0.0447 0.186368
0.0522 0.186368
0.0457 0.185344
0.0441 0.186368
0.0453 0.185344
0.0442 0.186368
0.0455 0.185344
0.0434 0.185344
0.0462 0.185344
0.0441 0.185344
0.0859 0.186368
0.0483 0.185344
0.0505 0.185344
0.0442 0.18432
0.0605 0.186368
0.0453 0.186368
0.0432 0.186368
0.0502 0.185344
0.0515 0.185344
0.0424 0.186368
0.0462 0.185344
0.043 0.185344
0.0471 0.186368
0.0669 0.186368
0.0474 0.185344
0.0422 0.185344
0.0425 0.186368
0.0498 0.185344
0.0422 0.185344
0.0674 0.186368
0.0422 0.186368
0.0434 0.186368
0.0466 0.186368
0.0921 0.186368
0.0442 0.185344
0.0431 0.185344
0.0479 0.186368
0.0494 0.185344
0.0427 0.185344
0.0455 0.186368
0.057 0.186368
0.0423 0.186368
0.0438 0.185344
0.0492 0.186368
0.0532 0.186368
0.0555 0.185344
0.0466 0.185344
0.0441 0.186368
0.0694 0.185344
0.0448 0.185344
0.0483 0.186368
0.0508 0.185344
0.043 0.185344
0.0503 0.186368
0.075 0.186368
0.0425 0.185344
0.0433 0.186368
0.0429 0.186368
0.0437 0.186368
0.0534 0.186368
0.0466 0.185344
0.0493 0.186368
0.0442 0.185344
0.0456 0.185344
0.0433 0.185344
0.0427 0.185344
0.0449 0.186368
0.0436 0.186368
0.0436 0.185344
0.0434 0.185344
0.0446 0.186368
0.0489 0.186368
0.0453 0.185344
0.0443 0.186368
0.0542 0.185344
0.0585 0.186368
0.0432 0.186368
0.0427 0.186368
0.0442 0.186368
0.0481 0.186368
0.0427 0.185344
0.0442 0.186368
0.0522 0.185344
0.0425 0.186368
0.0449 0.186368
0.0433 0.186368
0.0426 0.185344
0.0434 0.185344
0.0442 0.185344
0.0441 0.185344
0.0456 0.186368
0.0433 0.185344
0.0599 0.185344
0.0462 0.186368
0.0426 0.186368
0.0465 0.185344
0.0464 0.186368
0.0456 0.186368
0.0559 0.185344
0.044 0.185344
0.0489 0.186368
0.0508 0.185344
0.0486 0.185344
0.0441 0.185344
0.079 0.185344
0.0435 0.186368
0.0706 0.186368
0.0514 0.185344
0.0761 0.185344
0.0752 0.185344
0.0495 0.185344
0.0438 0.185344
0.0433 0.185344
0.0432 0.186368
0.0419 0.185344
0.0459 0.186368
0.0427 0.185344
0.0453 0.186368
0.0776 0.185344
0.061 0.18432
0.0435 0.185344
0.0519 0.186368
0.047 0.185344
0.0517 0.186368
0.0428 0.186368
0.0474 0.185344
0.0514 0.185344
0.0431 0.186368
0.0429 0.185344
0.0495 0.185344
0.0423 0.185344
0.0509 0.185344
0.0443 0.186368
0.0435 0.185344
0.0426 0.186368
0.0505 0.185344
0.0419 0.185344
0.0435 0.186368
0.0468 0.186368
0.0565 0.185344
0.0425 0.186368
0.0485 0.185344
0.0426 0.186368
0.0471 0.186368
0.0426 0.186368
0.0434 0.185344
0.048 0.186368
0.0469 0.186368
0.0623 0.185344
0.0456 0.185344
0.0483 0.185344
0.045 0.186368
0.0475 0.186368
0.0441 0.185344
0.0477 0.186368
0.0456 0.185344
0.0437 0.186368
0.0476 0.186368
0.0492 0.185344
0.0431 0.185344
0.042 0.185344
0.0451 0.186368
0.0654 0.185344
0.0428 0.185344
0.0419 0.185344
0.0748 0.186368
0.0439 0.185344
0.0432 0.185344
0.0456 0.186368
0.043 0.185344
0.0483 0.185344
0.045 0.186368
0.0422 0.186368
0.0482 0.185344
0.0435 0.186368
0.0434 0.185344
0.0662 0.186368
0.0786 0.186368
0.044 0.185344
0.0498 0.185344
0.0449 0.186368
0.0434 0.186368
0.0729 0.186368
0.0703 0.185344
0.0586 0.185344
0.0466 0.185344
0.0611 0.185344
0.0594 0.185344
0.0461 0.185344
0.043 0.185344
0.0432 0.186368
0.0449 0.185344
0.0749 0.185344
0.0465 0.186368
0.0434 0.186368
0.0504 0.186368
0.0712 0.186368
0.0439 0.185344
0.0494 0.186368
0.0431 0.185344
0.09 0.186368
0.0431 0.185344
0.0444 0.185344
0.0432 0.186368
0.0456 0.185344
0.0436 0.185344
0.044 0.186368
0.0428 0.185344
0.0547 0.185344
0.0601 0.185344
0.0445 0.186368
0.0462 0.185344
0.0776 0.185344
0.0684 0.186368
0.046 0.186368
0.0453 0.185344
0.0585 0.185344
0.0437 0.185344
0.0528 0.185344
0.0478 0.185344
0.0487 0.185344
0.0521 0.185344
0.0496 0.185344
0.0435 0.185344
0.0433 0.185344
0.0438 0.185344
0.0512 0.185344
0.0437 0.185344
0.0652 0.185344
0.0504 0.185344
0.0484 0.185344
0.0738 0.185344
0.073 0.185344
0.0434 0.185344
0.079 0.185344
0.0428 0.18432
0.0433 0.185344
0.0487 0.18432
0.0432 0.185344
0.043 0.185344
0.0553 0.185344
0.0445 0.18432
0.0558 0.185344
0.0501 0.185344
0.0424 0.185344
0.0435 0.185344
0.0485 0.186368
0.0443 0.185344
0.0431 0.186368
0.043 0.186368
0.0419 0.185344
0.0425 0.185344
0.0502 0.185344
0.0463 0.186368
0.0723 0.186368
0.0536 0.553984
0.0444 0.185344
0.0428 0.18432
0.0487 0.185344
0.0425 0.185344
0.0421 0.185344
0.05 0.185344
0.0423 0.185344
0.0631 0.185344
0.0581 0.185344
0.0586 0.186368
0.0434 0.186368
0.0496 0.185344
0.0434 0.185344
0.0827 0.185344
0.0431 0.185344
0.0431 0.185344
0.0574 0.185344
0.0481 0.186368
0.0524 0.18432
0.0424 0.185344
0.045 0.185344
0.0508 0.186368
0.0439 0.186368
0.0434 0.185344
0.043 0.186368
0.0421 0.185344
0.0759 0.186368
0.0737 0.185344
0.0499 0.185344
0.0459 0.186368
0.0517 0.186368
0.0757 0.185344
0.0432 0.186368
0.0449 0.185344
0.0593 0.186368
0.0427 0.185344
0.0474 0.185344
0.0426 0.185344
0.0432 0.185344
0.0432 0.185344
0.0421 0.185344
0.0483 0.18432
0.048 0.185344
0.0436 0.186368
0.0443 0.185344
0.0547 0.185344
0.0428 0.185344
0.059 0.185344
0.0488 0.185344
0.051 0.185344
0.0493 0.186368
0.0438 0.185344
0.0439 0.185344
0.0441 0.526336
0.0432 0.18432
0.0434 0.186368
0.0467 0.185344
0.069 0.185344
0.0483 0.185344
0.0734 0.185344
0.0436 0.186368
0.0442 0.185344
0.0429 0.185344
0.051 0.185344
0.0431 0.185344
0.0506 0.185344
0.0491 0.185344
0.0439 0.185344
0.0428 0.185344
0.0474 0.185344
0.0422 0.185344
0.0427 0.185344
0.0479 0.185344
0.0431 0.185344
0.0453 0.185344
0.048 0.185344
0.0497 0.185344
0.042 0.186368
0.0664 0.185344
0.0425 0.185344
0.0428 0.185344
0.0601 0.185344
0.0717 0.185344
0.0437 0.185344
0.0482 0.185344
0.0446 0.185344
0.0441 0.185344
0.0464 0.18432
0.0498 0.185344
0.0544 0.185344
0.0421 0.185344
0.0489 0.185344
0.0478 0.185344
0.0487 0.186368
0.0423 0.185344
0.042 0.185344
0.047 0.185344
0.0432 0.186368
0.0458 0.185344
0.0504 0.18432
0.0418 0.185344
0.0436 0.185344
0.0516 0.186368
0.0661 0.185344
0.0458 0.185344
0.0483 0.18432
0.0468 0.185344
0.1019 0.185344
0.0432 0.185344
0.0702 0.185344
0.0434 0.185344
0.0434 0.185344
0.0562 0.185344
0.051 0.185344
0.0534 0.185344
0.0493 0.185344
0.0464 0.185344
0.0426 0.185344
0.0492 0.18432
0.0747 0.18432
0.0553 0.185344
0.0468 0.186368
0.0926 0.185344
0.0468 0.185344
0.0421 0.185344
0.0738 0.185344
0.0429 0.186368
0.0437 0.185344
0.0419 0.185344
0.0441 0.185344
0.0509 0.185344
0.044 0.185344
0.042 0.185344
0.0685 0.18432
0.0984 0.185344
0.0444 0.185344
0.058 0.18432
0.0427 0.185344
0.0801 0.185344
0.0766 0.185344
0.0461 0.185344
0.0498 0.185344
0.0455 0.185344
0.0511 0.185344
0.0515 0.185344
0.0437 0.185344
0.0465 0.18432
0.0433 0.185344
0.0427 0.185344
0.0449 0.185344
0.0463 0.185344
0.0469 0.185344
0.0431 0.185344
0.0436 0.185344
0.0429 0.185344
0.06 0.185344
0.0491 0.185344
0.0433 0.185344
0.0486 0.185344
0.0469 0.185344
0.0464 0.185344
0.0423 0.185344
0.0433 0.186368
0.0787 0.185344
0.0486 0.185344
0.06 0.186368
0.0517 0.185344
0.0742 0.185344
0.0434 0.185344
0.0514 0.185344
0.0452 0.185344
0.0431 0.185344
0.0494 0.185344
0.0431 0.185344
0.0432 0.185344
0.0489 0.185344
0.0424 0.185344
0.047 0.185344
0.0729 0.185344
0.0688 0.185344
0.0433 0.185344
0.0659 0.185344
0.0644 0.185344
0.0431 0.185344
0.0465 0.185344
0.0435 0.185344
0.0429 0.18432
0.043 0.185344
0.0504 0.185344
0.0428 0.185344
0.0428 0.185344
0.0441 0.18432
0.0443 0.185344
0.0448 0.185344
0.0546 0.185344
0.0478 0.185344
0.0448 0.185344
0.0493 0.185344
0.0433 0.185344
0.0437 0.185344
0.0436 0.18432
0.0468 0.185344
0.0431 0.18432
0.0456 0.185344
0.0661 0.185344
0.043 0.185344
0.044 0.185344
0.043 0.185344
0.0428 0.185344
0.0774 0.185344
0.0448 0.185344
0.0442 0.185344
0.0427 0.185344
0.0484 0.185344
0.043 0.185344
0.0432 0.185344
0.0508 0.185344
0.051 0.185344
0.0428 0.185344
0.0431 0.185344
0.043 0.186368
0.0432 0.185344
0.0434 0.185344
0.0428 0.18432
0.0472 0.185344
0.0449 0.185344
0.0426 0.185344
0.042 0.185344
0.0444 0.185344
0.0433 0.185344
0.0423 0.185344
0.0424 0.185344
0.0475 0.185344
0.0485 0.185344
0.0442 0.185344
0.0483 0.18432
0.0431 0.185344
0.0419 0.185344
0.0421 0.185344
0.0445 0.185344
0.0562 0.185344
0.0506 0.185344
0.0489 0.185344
0.045 0.185344
0.0489 0.185344
0.0497 0.185344
0.0486 0.185344
0.0431 0.185344
0.049 0.185344
0.052 0.18432
0.0429 0.18432
0.0438 0.185344
0.0499 0.185344
0.0437 0.185344
0.0456 0.18432
0.0436 0.18432
0.0467 0.185344
0.0433 0.185344
0.0467 0.185344
0.052 0.185344
0.0521 0.185344
0.0432 0.185344
0.0421 0.185344
0.0546 0.185344
0.0474 0.185344
0.0436 0.185344
0.0442 0.185344
0.0567 0.185344
0.043 0.185344
0.0476 0.185344
0.0446 0.185344
0.0446 0.185344
0.042 0.18432
0.0497 0.185344
0.0427 0.185344
0.0428 0.185344
0.0698 0.185344
0.074 0.185344
0.0471 0.185344
0.0424 0.185344
0.0569 0.185344
0.0476 0.185344
0.0508 0.185344
0.045 0.185344
0.0609 0.186368
