0.9723 8.52685
0.815 9.09005
0.6368 8.52685
0.8072 78.5777
0.6852 8.52685
0.5999 78.5777
0.4747 7.02669
1.2136 78.5777
0.5339 7.02669
0.532 0.031744
8.1899 0.032768
15.059 0.034816
14.7181 0.03584
15.0901 0.03584
20.2362 1.84934
8.4058 8.9385
15.1286 13.7953
15.1089 3.82874
15.3745 8.6231
14.769 8.76851
15.2692 8.45005
14.1867 8.8617
15.2359 8.89139
15.2279 8.34765
15.4151 8.69478
14.7863 8.72346
14.2081 8.94157
15.2019 8.76544
13.6869 8.6999
15.1032 8.64154
15.3882 8.62208
13.7313 8.46336
15.0935 8.81254
14.7342 8.69478
14.7792 9.10643
15.1265 8.61901
15.2222 8.50739
15.5133 8.88934
14.3511 8.704
13.5841 8.80742
15.3841 8.69376
14.155 8.58419
15.0409 8.77568
14.4062 8.54323
15.4003 9.02758
14.2714 8.6743
14.1326 8.83302
15.3241 8.66406
14.0854 8.85658
13.4595 9.02963
13.9573 8.7593
13.2396 8.59136
15.0435 8.7808
15.3039 8.64051
15.1872 8.65382
15.2887 8.832
15.2402 8.95693
15.1026 8.83712
15.3624 8.74189
14.5927 8.99686
15.1272 8.75622
15.2522 8.54016
15.1841 8.89446
15.2281 8.93645
14.776 8.76339
15.2143 8.62618
14.9879 9.0071
14.3041 8.85043
15.2281 8.88832
15.243 8.63949
15.2006 8.8617
14.5959 8.95898
14.9316 8.60672
15.3743 9.07674
15.3742 8.31693
14.6614 8.92314
15.0935 8.80026
15.0659 8.62618
15.4582 8.45414
14.9295 8.6016
15.4116 9.27744
13.5009 8.60058
15.1004 8.98765
15.1484 8.46029
15.1052 8.64051
15.4478 9.11258
14.4265 8.54118
15.204 9.18323
14.9571 8.52582
15.2469 9.02554
15.254 8.51866
15.1175 8.89242
15.3685 8.62515
15.1321 8.82586
14.5387 8.60365
15.2114 8.64358
15.1523 9.02246
15.2194 8.80845
15.0957 8.5801
15.0044 8.74598
13.6864 8.74803
15.1347 8.79104
15.0911 8.60672
15.0976 8.78592
15.2714 8.72448
14.8602 8.6743
14.3568 8.62925
14.9121 8.78899
15.4276 8.46746
14.2405 8.82995
15.2661 8.91802
14.8351 8.58522
15.2151 8.88115
14.2361 8.72243
15.3914 8.68864
14.8723 8.62515
15.2481 9.04294
15.0432 8.31181
15.3405 8.8361
15.0852 8.69786
15.1815 9.19962
15.3062 9.05421
15.4652 8.57805
13.2525 9.50579
14.4799 8.63027
15.3811 9.17299
14.9252 8.32205
15.2951 9.05011
14.7384 8.85146
15.1945 9.01837
15.1737 8.61389
15.2706 8.99994
14.998 8.7552
15.2101 9.07981
15.1706 8.90778
14.9584 9.27539
13.7082 8.6016
13.6885 9.20781
15.3717 8.87194
15.163 8.81664
14.8265 8.74291
15.1979 8.89958
13.8344 8.66406
15.0874 8.85862
15.2913 8.62003
14.4199 8.99994
15.6663 9.20781
13.3588 8.73267
13.2024 8.89139
15.1333 9.05216
14.4758 8.72448
13.123 9.06035
15.3044 8.79002
14.9321 9.11462
15.1559 8.60365
15.24 8.68454
14.3841 8.80742
15.305 8.80333
15.2169 8.65894
15.5676 9.13306
14.7695 8.87706
14.9114 8.9047
15.0103 8.67226
14.7681 8.99891
15.2769 8.45517
15.1123 9.0665
15.1747 9.13818
15.4644 8.45005
15.0983 8.74086
14.9019 9.04397
15.3159 8.68659
15.8083 8.83507
13.1571 8.94157
14.5387 9.45254
14.9563 8.4439
13.682 9.25901
15.1303 8.39475
15.284 8.95693
15.2315 8.59238
14.7579 9.06957
14.6993 8.72653
15.3934 8.54016
14.3201 8.89856
15.1813 9.02246
15.0733 8.57907
15.0462 8.95181
14.7483 8.72141
15.1725 9.1607
15.0988 8.59136
15.1179 8.72858
15.1155 9.09619
15.2861 8.64358
14.9968 9.08902
15.3518 8.86989
14.9756 8.68147
14.5219 9.05933
15.1996 9.11872
15.0116 8.86886
15.433 8.94054
14.3975 8.6825
14.3074 8.94362
14.8807 8.92621
15.1512 8.91802
15.0991 8.54118
15.1245 8.62822
15.2307 8.85862
15.0556 8.89651
15.2987 8.67021
15.1447 8.9303
14.8722 8.80435
15.2747 8.63642
15.0882 8.94771
14.8023 8.9129
15.2011 8.73574
15.0816 8.87296
15.3903 8.82688
15.1009 8.84429
15.2891 9.26003
14.7301 8.59341
14.969 9.10336
15.4094 8.45005
14.9131 8.91392
15.0818 8.97843
15.1989 8.64358
13.8092 8.80333
15.1347 8.93133
15.0145 9.17197
15.082 8.98355
14.7114 8.70298
14.8462 9.14944
15.2331 8.92211
15.2252 9.0665
15.4253 8.59341
14.6805 9.00813
15.0388 8.89242
14.9101 8.99789
14.6189 8.85965
15.057 9.0071
15.2603 8.86989
14.9885 8.83917
15.318 8.83302
15.288 8.67635
15.0217 9.2887
15.3016 8.6784
15.0627 8.84122
15.682 8.84941
13.6448 8.65178
14.4897 9.48531
15.0377 8.79411
15.2591 8.72858
15.2134 9.06752
15.0828 8.83098
15.2898 8.88525
15.3168 8.58522
14.8956 8.86477
15.193 8.8535
15.1352 8.81562
15.2211 8.98458
15.6236 9.11565
13.7382 8.46643
13.9219 9.30611
15.1961 9.17914
15.0976 8.58931
15.323 8.77363
15.1825 8.67021
15.2815 9.13306
15.095 9.22112
15.3021 8.71219
14.9537 8.91494
15.1766 8.80128
15.3581 9.11462
15.1033 8.76954
13.543 8.9088
15.122 8.74496
15.286 8.88115
15.2496 9.07162
15.1114 8.69478
14.3778 9.07878
15.3127 8.91187
15.1518 8.87603
14.5955 8.75008
14.8913 8.44493
15.1895 9.15149
15.2022 8.44493
15.1206 9.15149
15.4525 8.44493
15.3601 9.15149
14.6438 8.75213
14.53 9.20064
14.3238 8.89037
15.092 8.6784
15.1425 8.85146
14.0375 8.80128
15.1052 8.64358
15.3362 8.88525
15.2161 8.68659
15.1555 9.03168
15.3026 8.91904
15.4182 9.03987
13.2842 8.57498
14.3068 8.97843
15.2083 8.82381
15.1145 8.89958
15.2401 8.66918
14.7996 8.96512
15.3333 8.83814
13.7118 9.15251
15.2077 8.64051
15.1726 9.20678
15.5748 8.70605
14.4617 8.82074
15.4382 9.22214
15.1696 8.27187
13.6694 8.94362
14.6333 9.08595
15.2297 8.90163
15.2742 8.69786
15.2592 9.03066
15.1483 8.75008
13.9459 8.96307
15.1647 8.94566
14.665 8.77466
15.4275 8.78694
14.1867 8.80538
15.3007 8.94464
15.134 8.832
15.1727 8.59443
15.078 9.13715
15.2892 8.73472
15.1793 8.9088
15.2778 8.6231
15.0888 9.00301
15.3111 8.96
15.2871 8.82586
15.1811 8.74086
14.5615 9.09517
15.0086 9.14534
14.9191 8.72038
15.2111 8.68352
15.1925 8.64461
15.3129 9.08493
15.1373 8.60058
15.2434 8.85453
15.1696 8.74701
15.1797 9.22522
15.153 8.65075
15.3759 8.79104
15.1821 8.91904
15.0287 9.04602
14.9638 8.73882
15.2006 8.5033
15.1539 8.9559
15.1635 8.71014
15.0707 8.85965
15.3621 8.69376
15.171 8.93952
15.1284 9.1648
15.4058 8.66509
15.0513 8.77158
15.1126 8.93747
14.0031 8.67635
14.8143 8.68352
15.2567 8.92518
15.3095 8.89958
15.1452 8.81254
14.9552 8.78285
15.0216 9.0153
15.1464 8.59034
15.1011 8.88218
15.3527 8.86067
15.1747 8.8064
15.2328 8.96102
15.4237 8.34765
14.4813 8.82893
14.606 9.07469
14.7711 9.0071
15.3035 8.75827
15.0795 8.76442
15.2735 9.04602
15.0894 8.64666
15.399 8.72346
15.0852 8.6487
15.2234 9.33069
14.6584 8.6016
14.6177 9.35834
14.9409 8.31078
15.1847 9.08186
15.152 8.58419
15.3001 8.94669
15.3824 8.61901
13.7466 9.02861
14.7773 9.00096
15.3042 8.73472
15.1766 8.33434
14.5908 8.83405
15.3431 8.99174
14.7968 9.01325
14.4189 8.73677
14.3125 8.76237
15.2286 9.10234
15.2002 8.44186
15.0014 8.78592
15.2727 9.06035
15.1873 8.84634
15.1941 8.97024
15.3505 8.64768
15.0936 9.09312
15.4442 8.90982
15.0514 8.6999
15.309 8.87603
15.1802 8.4521
15.0876 8.87296
14.981 8.97843
14.0758 8.64768
14.0096 8.88832
15.0132 8.70093
15.2618 9.27027
15.2573 8.59955
15.1081 8.58726
15.2721 9.15251
15.2668 8.99891
15.2199 8.58317
15.2407 8.86989
15.3915 9.06138
14.8396 8.86886
15.0966 8.74496
14.5173 8.98355
15.1445 8.71834
15.2605 8.83098
15.3343 8.81766
15.0372 8.82074
15.3026 8.70195
15.1244 8.75008
15.2466 8.83098
15.2349 8.61286
15.1433 8.9129
14.9777 8.63642
15.1207 9.2969
15.159 8.35174
14.684 8.7808
14.4313 8.81971
14.2465 9.12896
15.4438 8.76134
14.1896 8.79616
15.318 9.10746
15.0819 8.66304
14.3323 8.72141
14.8984 9.06854
15.3352 8.79821
15.1506 8.67226
15.3231 8.74598
15.1035 8.6825
15.1338 8.9559
15.2509 8.79411
15.1755 9.13101
14.7491 8.87296
14.2651 8.84122
15.2258 8.66406
13.7911 8.84838
15.01 8.76442
14.4301 8.82176
15.097 8.65382
15.2734 8.74906
14.3401 8.87808
15.2376 9.24365
15.105 8.73062
14.9341 8.68454
15.4745 8.64358
14.7955 8.79002
13.5584 9.03885
15.0769 9.06445
15.1813 8.56474
14.9903 8.83302
15.0518 9.1945
15.3141 8.69683
15.3082 8.50432
15.022 9.13715
15.2128 8.79206
14.3198 9.1392
15.3319 8.75008
15.2258 8.72141
14.1296 8.88525
15.3075 8.64768
13.8899 8.50534
14.956 8.79923
15.1351 8.94054
15.2422 8.73267
14.1141 8.81152
15.0939 8.95795
15.4637 8.27392
15.0923 8.99686
14.8054 9.48736
15.1965 8.32102
15.3585 8.95693
15.0642 8.86272
15.4111 9.02246
15.0728 8.28314
15.164 9.32045
14.0137 8.80128
14.9446 8.56166
15.36 9.02554
14.997 8.70912
15.138 9.03066
15.3243 8.59034
15.1267 8.5719
14.3976 9.1351
13.746 8.7337
14.7516 8.65997
15.2429 8.96614
15.0463 9.04806
15.3672 8.79309
15.0337 8.69171
14.9468 8.70093
15.5058 8.66509
13.6348 8.73472
14.4051 9.2631
14.9393 8.43162
15.5831 9.24365
13.9489 8.50944
14.9586 8.80128
14.9202 8.92826
14.7948 8.96
15.2274 8.52378
15.0916 8.59648
14.3917 8.99277
15.347 8.89344
14.989 8.80333
15.356 9.02963
15.1111 8.67533
15.0441 8.58214
15.3468 8.58317
15.2099 8.72755
14.7352 8.71629
15.3109 9.22214
15.3579 8.68659
14.9563 8.64358
15.1921 9.1177
15.2418 8.38451
15.191 8.72038
15.3074 8.95898
15.3292 8.9047
15.0558 8.95488
15.4071 8.61798
15.3764 8.58419
15.2312 8.96
13.3936 9.22214
14.3378 8.8064
13.7749 8.4224
14.813 8.75725
13.6899 9.09107
15.1369 8.53094
15.145 9.09107
15.3415 8.53094
14.8575 9.09107
15.5071 8.53094
14.8742 8.6784
15.2073 9.02144
15.1187 8.61901
15.322 8.87296
15.2821 8.48179
15.4155 9.00198
14.7676 8.77773
14.9558 8.77363
15.541 8.64666
14.9473 8.56166
15.1034 9.0839
15.3459 8.74803
15.15 8.80333
13.2895 9.33274
15.2607 8.7337
15.0863 8.66611
15.4142 8.59853
14.9425 8.68352
15.1054 8.99277
14.9103 8.66406
14.6158 9.13306
15.0573 9.03987
15.1748 8.63846
15.262 9.09824
15.0953 8.59546
15.3931 9.16378
15.1795 8.71117
15.1931 8.74394
15.1197 8.62413
15.374 8.73779
14.9384 8.81664
15.1579 8.92826
15.332 8.43674
14.9252 9.17197
15.2611 9.08288
14.6626 8.46131
15.3511 8.79411
14.8996 9.02554
15.1278 8.78899
14.6927 9.04499
13.2393 9.09107
15.5667 8.53504
13.8638 8.41728
14.9397 9.0921
15.2051 8.70912
14.9882 8.75622
15.2215 8.79514
15.4081 8.46541
14.8527 8.76237
14.2303 9.43309
15.1786 8.58317
15.2187 8.83405
15.2655 8.45619
15.4728 9.05114
14.7933 9.09722
14.9807 9.08902
14.0374 8.9344
14.1512 8.67942
15.213 8.74701
14.1154 8.63334
14.2512 8.84838
15.0951 8.88218
15.2346 8.5545
15.1792 9.07059
15.379 8.85453
15.0752 8.48589
15.5939 9.09926
14.3459 8.56269
15.3068 9.05114
14.9651 8.34458
15.2333 9.0665
15.2462 8.51968
15.1606 8.71834
15.3041 8.97843
15.2167 8.6825
15.1362 9.08493
15.4799 8.9559
14.8281 8.67123
14.2026 8.98253
15.3353 9.00608
15.0206 8.44595
15.0535 8.99891
15.4078 8.45517
15.032 8.8361
15.2818 9.02861
13.793 8.40397
15.1227 9.15251
15.2515 8.91187
15.2207 8.55552
15.4125 8.78387
13.801 8.59136
15.0858 9.0112
15.2705 9.1351
15.0863 8.56269
15.0542 9.04397
15.3911 8.81664
15.1576 8.65587
13.8287 9.2119
15.324 8.76339
15.0895 8.69888
14.498 8.92416
15.2779 8.66611
15.3992 8.90778
14.2338 8.60058
15.419 8.94669
13.6296 8.47462
15.2208 8.99584
14.6174 8.5801
13.497 9.00813
14.2269 8.89754
14.6883 8.82995
14.7798 8.87808
15.2143 8.33331
15.15 8.93235
15.7329 8.69478
13.8222 9.02861
14.8325 8.99994
14.7949 8.7767
13.6029 8.81562
15.4954 8.95795
15.0579 8.38042
15.2772 9.54778
15.0602 8.66611
15.1419 8.69888
15.1973 8.80742
15.3501 9.04499
14.7723 9.08083
14.4758 9.15251
14.6141 8.83405
13.5186 8.92314
15.1328 9.23034
15.1884 8.79718
15.1359 8.88013
15.3021 9.16582
15.3336 8.77466
15.0659 9.14739
15.2244 8.84838
15.257 8.94362
14.8131 9.1904
15.6838 9.1607
14.2489 8.66611
14.7006 9.52218
15.1702 8.4951
15.3592 8.68762
14.8978 9.10234
15.2102 8.90778
15.0251 8.74291
15.1338 9.11258
15.1274 8.90266
15.3681 8.96717
13.797 9.03066
15.0998 9.50784
15.5707 8.84326
14.6943 8.92621
15.1172 9.41363
15.2156 8.73472
14.5095 9.07571
15.0375 9.43616
15.0865 9.16378
15.2531 9.3225
15.1606 9.05933
15.1893 9.15558
15.223 8.89037
15.2371 9.01632
15.2776 9.23238
14.9305 9.26413
15.187 9.3696
15.2944 9.12179
15.0738 8.98253
14.3332 9.1607
14.9539 9.32045
15.1622 8.84634
15.2416 8.9088
15.4875 9.14944
13.552 9.17197
15.3269 9.37574
14.8245 9.26003
14.9485 8.85658
15.077 9.14637
15.0522 8.84838
15.0132 9.12486
15.3548 8.90778
14.3416 8.80845
15.3749 9.28051
15.2389 8.76544
15.1881 9.52218
13.7679 8.96717
14.967 8.88525
15.531 9.11053
15.0419 8.82483
15.2105 9.728
15.0002 9.14125
15.1271 9.17914
15.6723 9.21907
14.7329 8.96205
14.1377 9.4505
15.3028 9.12486
15.3109 8.7337
14.8803 9.25696
15.1 9.38803
15.0819 9.12896
14.4535 9.26515
15.3499 9.1648
15.1403 9.16787
15.1352 9.44128
15.1613 9.05626
15.3555 9.21805
13.7699 8.99789
15.1812 9.45357
15.2831 9.34502
15.18 8.95693
15.127 9.37574
15.187 9.36038
14.5049 9.38291
14.9925 9.28973
15.1887 9.07878
15.079 9.1648
15.1887 9.63482
15.0688 8.94771
15.1282 9.09107
15.2694 9.31942
15.2803 9.42899
13.758 9.38291
15.2294 9.43718
15.4435 9.32454
14.2535 9.01427
13.573 9.60922
15.4396 9.18938
14.5438 9.10438
15.1579 9.76691
15.1157 8.77773
14.6073 9.472
14.6629 9.4167
15.2656 9.03782
14.6769 9.10746
15.0301 9.63379
14.9396 8.89344
13.9535 9.2969
13.4321 9.49965
14.7887 9.15046
14.8811 9.25389
14.8182 9.3911
14.98 9.40134
15.09 9.14432
15.146 9.26822
15.1746 9.2416
15.2323 9.60102
15.107 9.00301
15.2666 9.09926
15.3431 9.16685
13.9004 9.66042
15.3036 9.35936
13.6764 8.85555
15.3614 9.25798
15.2693 9.31942
13.7601 9.38291
15.2436 9.04192
15.0803 9.18835
14.7253 9.24365
14.7098 9.31533
14.8917 9.17504
15.4949 9.0839
13.2089 9.12179
15.1942 9.44947
15.0017 9.1136
14.8801 9.32147
15.0463 8.95386
15.1773 9.09517
15.0103 9.43718
15.1961 9.34093
13.9637 8.85965
15.2183 9.35936
15.4967 9.11872
14.4061 9.25491
15.0322 9.34093
15.0075 8.95181
15.0787 9.46688
15.1556 9.14534
15.0718 9.16275
15.0692 9.17811
15.2747 9.25082
15.1394 9.23341
15.3214 9.28154
15.0049 9.20371
15.2999 9.2713
15.1516 9.344
14.0633 9.38496
15.56 9.17094
14.5082 9.15661
15.3383 9.56723
12.7957 8.74394
13.6998 10.0956
15.1672 9.13203
15.3462 9.16582
13.6826 9.19757
15.1228 9.23955
15.073 8.97331
15.7401 9.29382
14.9783 9.19962
15.4634 9.61741
13.1666 9.24774
15.1726 9.10643
14.8175 9.26822
14.3923 9.43206
15.3419 9.27539
14.2998 9.28461
15.2273 9.32045
14.9867 9.12794
15.1549 9.30918
15.3813 9.41978
13.5163 9.03578
14.5448 9.2631
15.1354 9.41875
15.2651 9.10029
15.1909 9.19552
13.7425 9.26925
15.2769 9.38086
15.2787 9.08186
15.032 9.67885
15.2858 8.97741
13.7591 9.14125
15.3639 9.344
15.2093 8.99174
15.2646 9.45869
13.5027 9.26003
13.9559 9.17197
15.2055 9.04294
15.1781 9.37062
13.7257 9.33478
15.1891 8.90061
15.3292 9.31533
15.0257 9.37472
15.4727 9.24262
14.441 9.23136
13.6953 9.18323
14.387 9.25184
14.9297 9.10541
15.2447 9.61946
14.8801 9.28666
15.1532 9.21702
15.2248 9.08595
15.1458 8.97126
15.3076 9.28563
15.1105 9.56109
15.2553 9.07571
15.0338 9.30816
15.2976 9.1863
15.59 9.09414
13.2836 9.25901
15.3324 9.58054
14.5617 8.91392
14.6459 9.40134
14.3145 9.07264
15.416 9.00608
14.9116 9.3399
15.2864 9.22829
15.3849 9.22419
15.0432 9.43206
15.4849 9.08493
13.8505 9.43821
14.441 9.08902
15.1936 9.29382
15.0821 9.12077
15.2672 9.1607
15.1494 9.36653
15.0271 9.03475
15.1888 9.23955
14.8965 9.22624
15.3814 9.38291
14.951 8.8576
15.5069 9.4208
13.4948 9.11155
14.916 9.53651
15.2088 9.05318
14.9643 9.33888
15.1585 9.23034
15.3433 9.51194
15.2782 9.01939
15.0265 9.38906
15.3496 9.37984
13.924 9.22419
14.5564 8.96
15.2269 9.23341
15.7138 9.3481
14.1965 9.00301
14.7496 9.86931
15.3273 9.16173
15.2119 8.76134
14.9185 9.28154
15.336 9.38394
15.2848 9.37574
15.1257 9.18528
15.3266 9.27334
14.9989 8.85965
15.2397 9.26618
14.2462 9.09619
14.2862 9.40134
14.4854 9.82118
14.0851 9.22419
15.2361 9.31533
15.1741 8.9385
15.3986 9.41158
14.7228 9.32454
15.097 9.14842
15.2885 9.49248
14.9814 8.74906
15.2099 9.45459
15.4581 8.94874
14.8845 9.20371
14.9115 9.62458
14.8345 9.37984
14.9819 9.40646
14.0044 9.31021
15.2352 9.04909
14.8899 9.27744
14.7819 9.46483
15.2093 9.48941
14.7199 9.29075
15.104 9.74438
15.4661 9.19245
14.1242 9.04294
14.9136 9.49965
15.0367 9.17094
15.1298 9.35322
14.9323 9.41773
14.6267 9.57645
14.9191 9.01018
14.8776 9.1351
14.5158 9.22522
14.8409 9.48122
14.8912 9.07981
15.5152 9.41158
14.005 9.58874
14.9523 9.56826
14.9619 8.90368
14.2751 9.32557
14.8872 9.15251
15.2288 9.62662
14.9902 9.20166
14.9827 8.96307
15.2079 9.4761
15.201 9.48634
14.9651 9.37267
15.2107 8.92826
15.1718 9.44128
14.9394 9.63379
15.0906 9.22112
14.6918 9.23341
14.654 9.46995
15.1456 9.20474
14.8878 9.49965
15.0593 9.24467
14.6346 9.39008
14.7336 9.07366
14.9827 9.65018
14.1249 9.25594
15.1854 9.28256
13.6353 9.18016
14.7436 9.46381
15.1379 8.9344
15.1793 8.90163
14.748 9.56109
15.2239 9.18221
15.1871 9.06752
15.2944 9.22214
13.6261 9.40442
1.4251 9.09312
0.5771 9.30406
0.5473 9.09312
