1.6931 9.0327
0.9234 8.9047
1.2542 9.0327
0.9423 72.2002
0.5438 2.47808
0.6912 72.2002
0.6031 2.47808
0.4624 72.2002
0.5859 2.47808
1.7711 0.036864
14.5322 0.03584
14.9507 0.03072
14.2343 0.029696
13.112 2.9737
15.1821 8.30362
15.1927 8.67123
15.1777 8.74701
15.1187 8.9897
15.1689 8.65075
15.0274 8.74291
14.7176 8.61082
15.162 8.45722
15.3095 8.51046
14.7355 8.67533
14.4343 8.86374
14.9855 8.67635
15.3249 8.57805
14.9347 8.81254
14.8653 8.63642
15.1591 8.60672
14.4061 8.48384
15.1054 8.72243
15.1855 8.68352
13.52 8.60979
15.3578 8.67635
15.3676 8.4521
13.6852 9.23034
15.2266 8.93747
14.6455 8.59546
15.1842 8.74906
15.1677 8.96
15.2651 8.5504
15.118 8.50944
15.3253 8.81971
15.1477 8.44186
15.3289 8.76646
15.1617 8.80435
15.2897 8.68147
13.739 8.46541
15.1471 8.79309
15.1027 9.0327
15.2938 8.75008
14.6458 8.53299
15.5151 8.97229
13.7049 8.76339
15.0505 9.1863
15.205 8.704
14.7268 8.55757
15.1726 8.92211
15.3747 8.35072
15.1892 9.10438
13.8004 8.78182
15.3177 8.74394
14.9798 8.4439
15.1995 9.05216
15.5039 8.81766
14.8628 8.54118
15.2561 8.83098
15.3689 8.60262
15.006 8.6743
15.2617 8.81766
15.3346 8.2729
14.9896 9.18733
15.0368 8.86682
14.5426 8.61594
14.3408 8.41728
15.1576 8.56166
15.3742 8.52378
15.0406 8.52787
15.197 8.76134
15.1894 8.52685
15.0593 8.71322
15.5571 9.02246
15.0407 8.23398
14.6753 8.96205
13.8181 9.216
14.9757 8.3241
15.1919 8.32717
15.2321 8.84224
15.2696 8.53709
15.1068 8.74598
15.3161 8.62515
15.181 8.58214
15.0441 8.79718
15.3735 8.41114
15.3299 8.63334
14.913 8.83917
15.1087 8.47974
14.2966 8.73882
15.1919 8.91187
15.5999 8.3753
15.1199 8.67738
13.9076 9.08186
15.2848 8.7296
15.1217 8.11418
15.3135 8.59136
15.1309 8.55654
15.3177 8.77773
15.0961 8.4777
15.3344 9.15866
15.1636 8.32307
15.1044 8.64256
15.0287 8.86784
13.8328 8.86579
15.0474 8.49203
14.9458 8.71834
19.5268 8.56781
11.7893 8.83405
12.6709 12.9567
15.1248 7.30931
15.2416 6.20442
15.2441 8.66509
15.4022 8.83405
14.8999 8.56269
15.2122 8.87296
15.3388 8.64666
13.822 8.52275
15.0601 8.79923
15.2763 8.3968
15.3437 8.6528
15.0094 8.96512
14.2343 8.91085
13.8286 8.48077
13.7817 9.07878
15.4598 8.81971
14.8694 8.53299
15.1203 8.73472
15.5322 8.75827
14.9781 8.55757
15.2539 9.01632
15.2124 8.43366
15.1337 9.00096
15.4113 8.6999
15.2145 9.02144
15.2165 8.72346
13.4441 9.23443
15.3493 8.64358
14.9621 8.68966
15.3302 8.7808
15.1589 8.85043
15.2001 8.8023
15.3149 8.91187
15.2399 8.93747
14.3475 8.71014
15.229 8.88422
15.6692 8.64563
12.9532 8.90982
15.3705 8.96102
14.638 8.50534
13.4065 8.77875
13.83 8.96205
13.7892 8.3456
14.8439 9.00403
15.2272 8.50227
15.2126 8.8279
15.1459 8.8535
15.2739 8.94362
15.2795 8.49613
15.0997 8.70707
15.6929 8.86272
14.5384 8.51046
14.6319 9.27744
15.2711 8.6057
15.0945 8.94566
14.9024 9.17197
15.2934 9.34298
15.359 8.58931
15.0345 8.57805
15.1378 9.06445
15.0986 8.99789
15.3515 8.77466
15.1733 9.27744
15.5442 9.00506
14.8126 8.63642
14.4686 9.4679
15.3376 8.70502
14.6889 8.81562
15.2676 9.11974
15.2393 8.8832
15.0779 8.85248
15.2547 8.98662
15.4035 8.48077
14.9929 9.17402
15.2989 8.75622
15.2707 9.02349
14.3892 8.76237
15.015 9.07776
15.3666 8.86682
13.4702 8.75315
15.2973 9.13101
15.2511 8.98253
15.1221 9.088
13.9079 9.2416
14.8909 8.79514
13.9508 9.2887
15.3955 9.17402
15.2883 8.3159
14.9182 9.4167
15.0685 9.344
14.9579 8.79923
15.0885 9.10131
14.3739 9.43002
14.3096 9.0624
15.1101 8.95181
15.296 8.86374
15.3771 9.37984
14.0107 9.20269
15.2156 9.16787
15.7187 8.63027
14.1256 9.17299
14.9922 9.64813
15.4912 8.59853
14.3033 9.07571
15.1992 9.5191
15.2151 8.65587
15.2004 9.2969
14.2298 8.98867
15.3203 9.12486
15.1347 9.22522
15.1532 8.98355
14.7866 9.23136
15.3185 8.91904
15.0715 9.16685
15.4066 9.15354
14.7147 8.96205
15.2743 9.15558
15.4349 8.9129
15.0122 9.32762
15.2383 9.12691
15.2928 9.24365
15.1983 9.0112
15.1908 8.86477
15.6128 9.11565
14.8243 9.14227
15.0593 9.21805
15.3981 8.60467
14.457 9.10336
15.1288 9.79661
15.3499 8.82483
15.2537 8.81664
13.7858 8.81664
15.2661 9.17606
15.2181 9.53958
15.1218 9.00301
15.4444 8.83507
14.5699 8.99891
15.202 9.20474
15.2727 8.77568
15.0098 8.96819
15.1278 9.02861
15.2192 9.36755
15.1865 8.79616
15.5875 8.96102
14.9687 9.41056
14.7338 9.20781
15.2637 9.03066
15.7171 8.64768
14.487 8.94566
15.2158 9.58464
14.3879 8.51968
15.1058 9.17197
15.2654 9.0327
15.1963 8.88115
13.6808 9.27846
13.9615 9.24262
15.336 9.10438
14.2677 8.97638
15.1829 9.3993
15.3299 8.95283
15.2164 8.96205
14.5783 9.47507
15.3214 8.64563
15.0142 8.98662
15.2923 9.10643
15.163 9.10746
15.1953 9.18733
15.2576 9.11155
14.5038 8.96922
14.6488 8.97024
14.9575 8.88422
13.4987 9.24467
15.1578 8.8617
13.9577 8.87501
15.3351 9.03475
14.028 8.99277
13.752 9.07981
14.1278 8.70707
13.5493 9.18221
13.9229 9.01939
14.0473 8.87706
14.906 9.10234
15.2196 8.92928
15.3846 8.6743
14.9916 9.09619
15.3756 9.17709
15.4256 9.14739
13.2108 8.9897
14.9648 9.02451
15.1993 8.93747
15.2429 9.01734
15.2248 9.30816
15.226 8.70707
15.24 9.07264
15.3713 8.95078
15.1205 9.02349
13.5298 8.91802
15.1678 9.44026
15.3909 8.7849
14.0907 9.10029
15.275 9.14534
15.2522 8.6528
15.1134 9.28563
14.2524 9.15558
15.1369 9.31942
14.7574 9.0921
15.0975 9.09312
15.4632 8.77978
15.1906 8.85862
15.4333 9.14842
14.8032 9.12794
14.8444 8.99686
15.2848 8.95181
15.173 9.09107
15.2856 9.00096
15.2024 8.96717
15.5344 9.01837
14.0033 8.98355
14.8425 9.45664
15.2981 8.6528
15.0659 9.07571
15.4041 8.96922
14.754 9.23955
14.417 9.09517
15.2834 9.25798
13.6745 8.84634
15.1924 9.02144
15.1082 8.75622
15.3852 9.16173
15.2283 8.7552
15.1876 9.48634
15.2611 9.07981
14.7745 8.6016
14.691 9.28563
14.2181 8.82074
15.017 9.39418
15.1415 9.05728
15.2974 9.00608
15.1124 9.10746
15.181 9.3225
15.3143 8.79821
15.1859 8.92109
15.2003 9.25491
15.3883 9.0409
14.8276 8.69376
15.3179 9.58976
15.1703 8.64051
13.1677 9.02963
14.4532 9.4208
15.2333 9.24262
14.5806 9.15456
15.2345 9.57338
15.2114 8.3927
13.9855 9.53344
15.0187 8.88525
14.6895 8.99277
14.197 9.00813
15.2822 8.96512
15.2281 8.95078
14.9439 8.77773
13.8336 9.5744
15.2344 8.64154
15.0236 8.94157
15.5373 8.87194
13.707 8.88627
13.2719 9.15456
14.0294 9.25082
15.3274 8.75315
14.1278 9.05011
14.1445 8.96
14.2482 8.97331
14.8638 9.20576
13.9889 9.08595
15.355 8.71834
14.6148 9.0153
13.6903 9.15866
14.8812 8.90675
13.4337 9.07674
15.115 9.24979
14.2276 8.94874
13.2899 8.76134
15.443 9.40646
14.4175 8.55757
15.006 9.5529
15.2909 8.99174
14.4421 8.94976
15.119 8.86886
15.1847 8.87091
14.9852 8.99277
14.8388 9.24877
15.22 8.89856
14.6848 8.73165
13.1979 9.36243
14.8547 9.27744
15.2939 8.87706
13.7378 9.16685
13.8067 9.28768
14.9639 8.79514
14.9202 8.9559
15.1382 9.19347
15.1807 8.7767
14.2962 9.35834
15.1064 8.94976
15.0959 8.92211
15.8451 9.13613
13.0559 9.0112
14.5211 9.93075
13.9867 8.33434
14.439 9.05626
14.6582 8.96614
15.3087 9.10336
15.0905 8.78387
15.2917 9.29792
15.2168 9.08186
15.117 9.12589
15.4185 9.34707
15.0044 8.75418
15.2181 9.24467
15.4955 8.66714
13.9791 9.12486
14.374 9.60922
15.2567 9.05728
15.2357 9.05421
15.3374 9.02656
14.2298 8.8873
13.791 9.22419
13.5454 9.24365
15.2478 8.65382
15.0763 9.02349
13.8394 8.98662
15.4477 8.87603
14.8603 9.14739
14.3885 9.02349
15.151 9.1095
13.8186 8.83098
15.3376 8.90163
15.2778 8.97126
13.2493 8.99277
15.1653 9.01018
15.3337 8.99072
13.2207 9.09926
14.1215 8.89242
15.0857 9.0327
15.1273 8.98253
15.3525 9.36038
15.1625 8.90163
15.1972 8.90163
15.1261 9.00096
15.2974 9.10438
15.3018 8.7552
13.7504 8.8791
15.1088 9.31942
15.0874 8.79411
15.3424 8.85658
15.2748 8.94054
14.4848 9.02656
14.2387 8.78285
15.3876 8.75622
14.2663 8.83917
15.4801 8.7255
15.0303 8.74598
15.2813 8.8023
13.6862 8.73677
15.306 8.65792
15.1269 8.70912
15.1209 9.1433
15.4187 8.68864
15.0432 8.74803
14.4377 8.68147
15.3021 8.7849
13.7102 8.78285
15.1392 8.82278
15.2382 8.7511
15.1101 8.86989
15.1653 8.74291
15.465 8.90573
13.5815 8.68966
15.2412 8.97126
15.3692 8.43264
13.8281 9.18528
15.4531 8.96512
12.8961 8.79821
14.3545 8.99482
15.2197 8.64768
13.7781 8.71936
15.005 8.94874
15.1884 8.74701
15.2861 8.61184
15.2081 9.20576
15.258 8.65587
15.1389 9.14227
15.1389 8.86989
15.215 8.54426
15.2279 9.17299
13.7983 8.97741
15.2201 8.65485
15.2708 8.79104
14.9028 8.92826
15.1583 8.96307
15.2983 8.63642
14.972 9.05933
15.4175 8.98765
15.1367 8.31078
15.4197 9.31123
14.6486 8.78592
13.8866 8.95693
14.4438 8.87603
15.2162 8.67123
15.5347 8.74496
14.5429 8.84326
15.2023 9.20678
15.4169 8.62925
14.3134 9.0921
15.2213 9.1136
15.0873 8.95283
13.5692 8.49101
15.2633 8.79104
15.2352 8.66304
14.5384 8.72653
15.0202 8.78285
15.2208 8.82381
14.8645 8.9303
15.1046 8.50739
14.6805 9.13101
15.0403 8.58112
15.1291 8.65178
15.5652 8.76544
14.0658 8.74701
15.3112 9.0112
15.321 8.73882
15.4386 8.89037
13.7174 8.93235
14.7518 8.95693
14.8674 8.53504
15.0293 8.69786
15.3434 8.82893
15.0693 8.35277
15.2126 8.73165
15.3923 8.74086
15.0156 8.94157
15.2444 8.62925
15.5818 8.94054
13.1495 8.60877
13.9311 8.68659
15.2521 8.58829
13.9562 8.80947
14.7208 8.8535
15.4079 8.98355
14.8345 8.69274
15.3936 8.86784
13.6313 8.32922
15.2151 8.6825
15.3639 8.832
13.8199 8.61594
15.063 9.14842
13.8129 8.38246
14.397 8.8791
14.9262 8.67123
15.2185 8.78694
15.222 8.52787
13.834 8.90778
15.219 8.54426
15.1471 8.9129
14.8578 8.65382
15.2509 8.84224
15.4169 8.46848
15.0586 9.36038
14.3914 8.84941
14.4813 8.84122
14.9423 8.84531
15.2955 8.90368
15.2193 8.74496
15.3653 8.87603
13.9837 8.79616
15.1004 9.06854
14.8532 8.96102
15.2427 9.08698
15.2508 8.58317
15.3414 8.86784
15.0198 9.1648
14.6518 9.07059
15.1334 9.23443
14.9786 8.72346
13.5874 9.09312
15.0249 8.93235
15.2269 8.8023
15.3806 9.1863
14.6189 8.82074
15.2528 8.84941
15.2735 9.0409
15.6038 9.10029
13.6585 9.02246
14.9681 9.12179
15.0443 9.14227
15.1222 8.84634
15.3451 9.45254
15.0843 9.23443
15.2414 9.31328
15.186 9.22829
14.2425 9.19347
15.2816 9.21293
15.2232 9.0665
15.1754 9.12794
15.3993 9.78227
14.1086 9.08186
14.276 9.25082
15.1952 9.21088
15.2827 8.94157
15.0919 8.97843
15.3472 9.3655
14.348 8.60672
15.123 9.23341
15.3252 8.68864
15.1715 8.97126
15.2508 9.20986
15.4825 9.10131
13.6897 9.07366
13.8194 9.16992
15.2371 8.83098
15.2834 8.72038
14.997 9.11872
15.3677 8.91494
15.1612 8.40704
15.1359 8.93235
15.2682 8.83507
15.3199 9.18016
15.3513 8.51456
14.8341 8.89242
14.7544 8.51046
13.6393 8.7296
14.4325 8.45722
15.2699 8.65792
15.0179 8.47258
15.3198 8.6569
14.0481 8.62618
14.2314 8.82074
15.0939 8.51763
15.0438 8.56883
14.2525 8.72858
15.4227 8.67738
14.9067 8.54221
15.1617 9.11155
15.0491 8.40397
15.3672 8.80128
14.2013 8.82176
15.2065 8.75213
15.2659 8.30976
14.8735 8.44288
15.3084 8.64256
15.046 8.72141
14.895 9.15763
15.1704 8.33536
15.5028 8.86067
14.2853 8.5207
14.5395 8.71731
15.3533 8.80333
15.0378 8.43878
15.302 8.94157
15.2869 8.37018
14.9493 8.92211
14.9771 8.65894
15.3365 8.93645
14.1471 8.74803
15.2135 8.77875
14.4734 8.27187
13.7103 9.19654
14.4408 8.77568
14.8491 8.50534
15.069 8.56166
15.3227 8.62925
15.1693 8.77773
15.2175 8.80026
15.2389 8.43878
15.3249 8.59443
14.9888 8.9088
15.3326 8.92109
15.2592 8.64768
13.8067 8.74906
14.0809 8.43469
15.2433 8.87501
13.6261 8.74701
15.2896 8.58931
15.1335 8.63949
13.8661 8.41216
15.2222 8.70605
15.2461 8.70298
13.8872 8.77056
15.3294 8.33536
15.1427 8.67738
15.2337 8.96614
15.1326 8.65485
15.2967 9.10643
14.7283 8.52582
15.3208 8.58522
15.2133 8.45005
14.9654 8.92314
15.3311 8.65792
14.9208 8.71014
15.2222 9.01325
15.1146 8.67328
15.1661 8.8279
15.3355 8.84122
15.1687 8.32819
15.2603 8.76749
13.454 8.77875
15.1608 8.77261
15.3303 8.94566
15.1944 8.5504
15.1341 8.59034
15.19 8.61696
15.2102 8.35584
15.2808 8.93133
15.3072 8.94874
13.7281 8.45619
15.2489 8.79821
14.3952 8.46541
14.9897 8.7849
15.1507 8.57907
15.2638 8.47462
14.4058 8.46746
15.1348 8.99072
15.2192 8.45722
15.1926 8.7081
15.4986 8.57702
15.0293 8.76032
13.9467 8.74701
14.4251 8.38451
14.7041 8.62208
15.0176 8.63846
15.0896 8.65894
15.1917 8.50842
15.1343 8.43878
14.4372 8.55654
14.5237 8.72858
14.9921 8.44595
15.0174 8.82278
15.1899 8.36301
15.5183 8.92928
14.2252 8.41728
13.7863 8.9385
14.2307 8.70093
15.1692 8.46848
14.8516 8.46541
15.0033 8.70093
15.3562 8.49613
15.1814 9.00301
15.1988 8.78387
15.2905 8.77773
15.1612 8.94259
15.3981 8.92928
12.9591 8.89754
14.4412 9.32557
14.7882 8.64358
15.1514 8.84326
15.1969 8.36608
15.1969 8.85862
15.2835 8.74598
15.1325 8.79206
15.2093 9.17402
15.3123 8.53504
15.1347 8.42138
15.4789 8.97638
14.3355 8.20019
14.458 8.85862
14.3428 8.57702
15.0367 8.71424
15.1993 8.61389
14.609 8.37427
15.0322 8.73574
15.1653 8.90573
15.1549 8.51456
15.2671 8.8023
15.2661 8.85555
15.3185 8.8873
14.9361 8.61184
15.0382 8.7511
13.6008 8.64973
15.2332 8.79309
15.3654 8.704
13.581 8.56269
15.296 8.84019
15.2103 8.48077
15.1636 9.1351
15.4074 8.39578
15.1115 8.7767
14.2489 8.99789
15.0224 8.65587
14.8848 8.69478
14.9881 8.8279
15.3673 8.99277
14.8302 8.3241
15.1599 8.81971
15.3583 8.66714
15.261 8.4695
14.9999 8.74086
15.2447 9.03885
15.2305 8.80538
13.2073 8.76851
15.1153 8.67123
15.148 8.79821
15.1753 8.69581
14.7154 8.79206
15.1428 8.87398
15.1436 8.84531
15.3328 8.94054
15.1371 8.81254
15.2748 9.16992
15.321 8.77466
15.161 8.80947
15.2807 8.832
15.1354 8.77568
14.4945 8.97638
14.2766 8.85043
15.4645 8.84634
15.0139 8.60979
13.3551 9.08186
14.9121 8.75827
14.8349 9.03475
14.2899 8.9385
15.1178 9.08288
15.3667 8.68864
15.0503 8.80947
15.3734 8.8105
14.878 8.48589
14.016 8.9559
14.8726 9.09722
15.2015 8.42035
15.0684 8.87296
14.402 8.69478
15.34 8.81869
15.2285 8.67635
15.081 9.16173
15.0333 9.11565
14.9389 8.73062
14.0645 9.10746
14.7374 8.63027
14.0457 9.00198
13.7262 8.8576
15.2919 8.21248
15.0337 8.65894
15.3119 8.97638
15.1758 8.4521
15.1683 9.14739
15.5883 8.8023
15.0221 8.85862
14.0357 8.96205
15.3993 8.58726
14.6308 8.39885
14.2197 9.18221
15.2294 8.92621
15.1693 8.49818
15.125 8.89958
15.3345 8.71834
15.2927 8.50534
15.1193 9.06752
15.2669 9.35117
15.4267 8.56986
14.0682 9.05318
15.2876 8.78387
14.2722 8.56678
14.1558 8.69274
14.6301 8.8832
14.8989 8.39373
15.0365 8.97126
15.1699 8.37222
15.1728 8.78592
15.0586 8.50739
15.323 8.43674
15.0742 8.75622
14.947 9.02042
15.1559 8.56474
15.3719 8.52992
14.8093 8.96717
15.0636 8.43264
15.1419 9.01325
14.8819 8.86374
15.1742 8.55245
15.3386 8.68762
15.1518 8.8576
15.1942 8.84224
15.1894 8.90061
15.0826 8.6487
15.1902 9.03168
15.4927 8.59034
13.6793 8.5975
13.6596 9.15866
15.1698 8.73574
15.2193 8.75418
15.1877 8.95078
15.1145 8.69786
15.0819 9.10848
15.0724 8.58829
15.3887 8.76544
15.0169 9.00301
15.1194 8.64973
15.3886 9.13101
13.9294 8.61184
15.3402 9.29894
15.2092 8.07834
15.2704 8.92109
15.0879 8.77261
15.2275 9.03578
14.707 8.84326
15.4093 8.95693
14.7187 8.53504
14.3425 9.04704
14.2372 8.90061
15.697 8.49203
13.3606 8.58317
14.6152 9.0921
14.9444 8.69888
14.796 8.77363
15.1972 8.73677
15.3415 8.68762
14.9823 8.70707
15.1315 8.73165
15.1991 8.65178
14.6107 8.95386
15.0119 8.75315
15.2309 8.88218
15.3211 8.51661
14.501 8.58624
14.2759 8.91187
15.2433 8.7255
15.173 8.79718
15.1435 8.99789
14.9823 8.99994
15.2741 8.78387
15.2464 9.00301
14.4404 8.75213
15.1703 8.99379
15.2787 8.6487
15.3978 8.82893
12.7774 8.81869
14.6477 9.20064
15.3113 8.84838
14.1266 8.74803
15.2606 9.12998
15.0833 8.5463
15.2206 9.04909
15.2209 8.72243
13.8817 8.76954
15.1092 8.76339
15.3732 8.576
14.7362 8.98458
15.1997 9.17914
15.3579 8.44698
15.0121 8.98253
15.2847 8.64358
14.9882 8.89549
15.2768 9.02554
15.0559 8.9088
15.1842 8.99686
13.8092 8.87501
15.2075 9.04294
15.3256 8.78592
15.1322 8.66406
15.175 8.64973
14.9291 8.79309
15.013 8.77158
15.2247 8.97843
15.1274 8.43366
15.0353 8.92211
15.5328 9.07878
13.3782 8.84634
15.0026 8.93952
14.9901 9.04192
15.1959 8.51354
15.5055 8.81459
14.8108 8.43674
15.0944 9.20883
14.4578 8.57293
15.0567 8.58829
13.8688 8.76544
15.0229 8.98048
15.3252 8.65075
15.0621 9.01222
13.6858 8.74189
15.3206 8.94054
15.2034 8.96205
15.1101 8.51763
15.4368 8.85965
14.661 8.81254
15.1196 8.8576
15.1071 8.5975
15.2834 8.79514
15.0869 8.4009
13.8241 9.03066
15.2401 8.58112
15.2531 8.63334
15.1915 8.9385
15.3133 8.93542
15.0333 8.86067
14.9328 8.96717
14.6611 8.40294
14.3146 8.88832
14.9445 9.25901
15.1936 8.64563
15.0545 9.17606
15.2407 8.51149
15.2725 8.43162
13.8476 8.78285
15.2124 8.59136
15.3183 9.0583
1.4031 9.09005
