0.4704 0.24064
0.3676 0.246784
0.3388 0.24064
0.2659 0.246784
0.2236 0.246784
0.2992 0.246784
0.2023 0.246784
0.1919 0.2304
0.207 0.246784
0.193 0.2304
0.2055 0.233472
0.2094 0.24064
0.2441 0.234496
0.2341 0.2304
0.2497 0.237568
0.6765 0.241664
0.2111 0.241664
0.2063 0.24576
0.2064 0.246784
0.2857 0.238592
0.2091 0.246784
0.2083 0.242688
0.2253 0.249856
0.2137 0.23552
0.2077 0.238592
0.241 0.236544
0.4222 0.244736
0.2122 0.243712
0.4611 0.239616
0.2173 0.238592
0.2164 0.237568
0.4369 0.24064
0.2417 0.239616
0.2177 0.242688
0.2092 0.241664
0.2462 0.244736
0.2121 0.234496
0.2309 0.239616
0.3952 0.242688
0.4857 0.238592
0.2134 0.231424
0.3555 0.232448
0.206 0.243712
0.4321 0.238592
0.213 0.236544
0.3707 0.247808
0.3653 0.24064
0.2115 0.238592
0.4612 0.239616
0.4971 0.242688
0.432 0.23552
0.4568 0.236544
0.2077 0.237568
0.2172 0.236544
0.2062 0.23552
0.2049 0.23552
0.2421 0.237568
0.214 0.24576
0.2064 0.236544
0.3673 0.24064
0.2119 0.24064
0.2059 0.237568
0.2219 0.237568
0.2162 0.246784
0.3318 0.23552
0.2153 0.234496
0.2185 0.239616
0.4155 0.241664
0.2056 0.244736
0.2211 0.234496
0.2377 0.242688
0.2431 0.238592
0.2424 0.234496
0.2071 0.244736
0.2403 0.237568
0.2397 0.241664
0.2107 0.239616
0.2319 0.246784
0.2159 0.237568
0.2106 0.241664
0.2296 0.24064
0.4663 0.234496
0.2057 0.239616
0.2246 0.23552
0.2487 0.232448
0.2044 0.238592
0.4215 0.237568
0.2083 0.243712
0.2134 0.24576
0.2129 0.246784
0.2066 0.238592
0.21 0.243712
0.2223 0.236544
0.2052 0.232448
0.2247 0.237568
0.2109 0.238592
0.2121 0.242688
0.2201 0.231424
0.2413 0.241664
0.211 0.24064
0.474 0.241664
0.2213 0.238592
0.2111 0.241664
0.2088 0.233472
0.2104 0.244736
0.2085 0.244736
0.222 0.242688
0.2194 0.238592
0.2118 0.24064
0.4324 0.24576
0.2095 0.242688
0.2384 0.234496
0.2602 0.241664
0.4381 0.242688
0.2064 0.239616
0.2071 0.242688
0.209 0.236544
0.2088 0.256
0.2157 0.248832
0.2106 0.244736
0.2075 0.24576
0.2454 0.252928
0.2096 0.246784
0.4206 0.24064
0.2368 0.242688
0.2687 0.247808
0.2499 0.242688
0.209 0.246784
0.3714 0.246784
0.2078 0.246784
0.2122 0.241664
0.2147 0.239616
0.2361 0.249856
0.2057 0.239616
0.2091 0.246784
0.3166 0.241664
0.468 0.243712
0.475 0.243712
0.2177 0.247808
0.2174 0.24064
0.2249 0.246784
0.2088 0.242688
0.458 0.246784
0.2269 0.246784
0.2322 0.249856
0.2121 0.241664
0.2196 0.249856
0.5635 0.242688
0.5728 0.24064
0.2161 0.24576
0.307 0.246784
0.545 0.243712
0.2484 0.246784
0.2285 0.24576
0.2247 0.246784
0.2757 0.241664
0.2196 0.246784
0.2055 0.246784
0.2102 0.236544
0.226 0.247808
0.2256 0.247808
0.2165 0.244736
0.2102 0.241664
0.2095 0.241664
0.2034 0.243712
0.214 0.243712
0.2085 0.241664
0.2102 0.242688
0.2045 0.248832
0.2179 0.242688
0.2233 0.243712
0.211 0.24576
0.4721 0.24576
0.45 0.241664
0.2193 0.242688
0.4688 0.24064
0.2416 0.241664
0.2077 0.246784
0.2103 0.243712
0.211 0.247808
0.2201 0.252928
0.204 0.239616
0.3916 0.25088
0.2165 0.24064
0.2111 0.244736
0.2391 0.244736
0.2233 0.242688
0.2013 0.243712
0.2117 0.242688
0.2094 0.243712
0.2126 0.243712
0.2093 0.248832
0.2162 0.249856
0.2268 0.247808
0.2232 0.246784
0.2521 0.246784
0.2114 0.242688
0.2158 0.249856
0.2078 0.248832
0.3515 0.247808
0.4658 0.244736
0.293 0.247808
0.2154 0.246784
0.2174 0.248832
0.2112 0.249856
0.2056 0.24576
0.2102 0.24064
0.2076 0.246784
0.22 0.249856
0.3088 0.249856
0.2098 0.244736
0.2071 0.243712
0.2362 0.24576
0.2153 0.242688
0.2107 0.239616
0.2155 0.244736
0.2072 0.241664
0.2374 0.252928
0.2812 0.24064
0.209 0.24064
0.209 0.248832
0.2368 0.243712
0.2132 0.25088
0.2125 0.247808
0.4905 0.24576
0.2086 0.254976
0.2072 0.241664
0.2156 0.243712
0.2171 0.241664
0.2681 0.249856
0.2144 0.246784
0.2147 0.244736
0.2086 0.239616
0.3889 0.241664
0.2178 0.241664
0.2154 0.24576
0.3017 0.242688
0.2219 0.252928
0.2077 0.247808
0.2124 0.239616
0.2194 0.244736
0.2091 0.246784
0.2052 0.247808
0.2036 0.253952
0.213 0.242688
0.2123 0.24576
0.625 0.243712
0.2279 0.238592
0.2043 0.25088
0.2846 0.243712
0.2101 0.253952
0.2097 0.247808
0.2167 0.242688
0.214 0.24064
0.213 0.242688
0.2096 0.244736
0.2129 0.247808
0.2093 0.247808
0.2113 0.244736
0.2596 0.246784
0.379 0.237568
0.2103 0.242688
0.2071 0.253952
0.2182 0.242688
0.2058 0.25088
0.2108 0.242688
0.2083 0.25088
0.2069 0.239616
0.2084 0.246784
0.2058 0.248832
0.2061 0.237568
0.2058 0.239616
0.5949 0.246784
0.2113 0.243712
0.2101 0.247808
0.2088 0.25088
0.2192 0.24064
0.4506 0.238592
0.2135 0.24576
0.2335 0.239616
0.2561 0.239616
0.2199 0.242688
0.2465 0.243712
0.2095 0.248832
0.2093 0.243712
0.2036 0.248832
0.2077 0.243712
0.2063 0.248832
0.2189 0.246784
0.337 0.24064
0.2231 0.249856
0.2108 0.239616
0.3311 0.242688
0.4256 0.246784
0.2109 0.248832
0.213 0.243712
0.1997 0.257024
0.2108 0.243712
0.2051 0.252928
0.2078 0.248832
0.5946 0.24064
0.4289 0.242688
0.2096 0.244736
0.2119 0.24576
0.2073 0.243712
0.2137 0.241664
0.2425 0.239616
0.4566 0.238592
0.2089 0.24576
0.2189 0.243712
0.2079 0.253952
0.3087 0.243712
0.2114 0.253952
0.2238 0.243712
0.518 0.243712
0.2204 0.249856
0.2076 0.244736
0.2024 0.252928
0.2072 0.239616
0.2104 0.243712
0.5132 0.244736
0.2056 0.241664
0.2251 0.244736
0.2065 0.242688
0.3722 0.244736
0.2111 0.24576
0.2146 0.239616
0.2052 0.25088
0.2088 0.244736
0.2503 0.241664
0.2045 0.242688
0.2105 0.248832
0.2149 0.243712
0.2089 0.248832
0.2061 0.238592
0.2116 0.244736
0.241 0.247808
0.2019 0.243712
0.2094 0.248832
0.236 0.239616
0.2055 0.246784
0.2052 0.244736
0.2091 0.24064
0.2052 0.24576
0.2054 0.244736
0.2061 0.239616
0.2206 0.24576
0.212 0.236544
0.2041 0.241664
0.2085 0.236544
0.2223 0.238592
0.2127 0.231424
0.2099 0.243712
0.2131 0.23552
0.2064 0.241664
0.2175 0.23552
0.2086 0.244736
0.2068 0.237568
0.2109 0.237568
0.2097 0.241664
0.2162 0.238592
0.4881 0.244736
0.2071 0.236544
0.2036 0.237568
0.2114 0.237568
0.231 0.24064
0.2124 0.241664
0.2102 0.238592
0.2154 0.238592
0.2132 0.24064
0.2226 0.238592
0.2057 0.238592
0.2065 0.23552
0.2104 0.243712
0.3438 0.236544
0.3207 0.237568
0.2083 0.241664
0.2199 0.238592
0.2103 0.241664
0.2154 0.242688
0.2664 0.237568
0.2081 0.244736
0.2204 0.23552
0.2111 0.246784
0.2137 0.236544
0.3658 0.237568
0.2107 0.243712
0.2151 0.243712
0.207 0.239616
0.2096 0.236544
0.2087 0.243712
0.4687 0.23552
0.2467 0.23552
0.2117 0.239616
0.2111 0.246784
0.2237 0.237568
0.2164 0.242688
0.2679 0.244736
0.3699 0.236544
0.3553 0.238592
0.2081 0.246784
0.2135 0.242688
0.2177 0.236544
0.2052 0.244736
0.2053 0.238592
0.2187 0.239616
0.2141 0.239616
0.2077 0.238592
0.2252 0.239616
0.2348 0.24064
0.2091 0.24064
0.2395 0.244736
0.2117 0.237568
0.2132 0.238592
0.4201 0.239616
0.4734 0.234496
0.2406 0.242688
0.2071 0.247808
0.2047 0.24064
0.2314 0.24064
0.2097 0.24064
0.2066 0.239616
0.2117 0.244736
0.2318 0.243712
0.2 0.241664
0.2097 0.237568
0.2388 0.237568
0.2162 0.238592
0.2076 0.236544
0.2138 0.241664
0.209 0.241664
0.2068 0.233472
0.2118 0.236544
0.2745 0.238592
0.2022 0.238592
0.2155 0.23552
0.2147 0.23552
0.2166 0.24064
0.207 0.238592
0.2154 0.239616
0.2277 0.241664
0.2402 0.233472
0.4216 0.23552
0.2139 0.237568
0.4058 0.239616
0.2079 0.239616
0.2113 0.24064
0.2244 0.242688
0.2107 0.239616
0.2059 0.24064
0.234 0.236544
0.2044 0.239616
0.2062 0.23552
0.2143 0.239616
0.2072 0.239616
0.2429 0.23552
0.2239 0.242688
0.4127 0.234496
0.2255 0.246784
0.4358 0.233472
0.205 0.237568
0.3128 0.241664
0.2092 0.242688
0.2244 0.24064
0.4306 0.247808
0.2046 0.239616
0.2062 0.242688
0.2078 0.24064
0.2063 0.24064
0.2233 0.237568
0.522 0.239616
0.2085 0.241664
0.2155 0.239616
0.2088 0.238592
0.2229 0.239616
0.204 0.238592
0.2128 0.23552
0.2106 0.244736
0.209 0.239616
0.438 0.24064
0.2113 0.247808
0.2099 0.239616
0.3284 0.239616
0.2025 0.243712
0.4404 0.233472
0.2129 0.236544
0.2238 0.244736
0.2393 0.243712
0.4282 0.243712
0.2072 0.23552
0.2087 0.234496
0.2061 0.242688
0.2112 0.238592
0.2103 0.237568
0.2035 0.243712
0.2076 0.242688
0.2125 0.242688
0.2068 0.236544
0.2098 0.23552
0.4622 0.24064
0.2146 0.239616
0.2089 0.248832
0.2157 0.24064
0.2138 0.237568
0.2033 0.241664
0.2092 0.241664
0.4252 0.242688
0.4974 0.238592
0.2303 0.234496
0.2245 0.237568
0.2233 0.239616
0.2039 0.238592
0.2094 0.229376
0.2094 0.243712
0.2051 0.244736
0.4354 0.236544
0.4424 0.24064
0.2192 0.237568
0.2087 0.247808
0.428 0.238592
0.3132 0.234496
0.2185 0.236544
0.3219 0.238592
0.2153 0.242688
0.2045 0.237568
0.4269 0.238592
0.2094 0.244736
0.2057 0.239616
0.2485 0.239616
0.2398 0.233472
0.2088 0.238592
0.2065 0.237568
0.211 0.239616
0.2491 0.24576
0.2088 0.23552
0.2115 0.233472
0.2277 0.24576
0.2062 0.236544
0.2041 0.238592
0.2094 0.236544
0.2126 0.239616
0.2087 0.241664
0.2083 0.238592
0.2068 0.243712
0.2207 0.236544
0.223 0.239616
0.6544 0.24064
0.3835 0.237568
0.4911 0.242688
0.2204 0.234496
0.2181 0.246784
0.3346 0.244736
0.2154 0.236544
0.2071 0.244736
0.2146 0.236544
0.2038 0.244736
0.2159 0.236544
0.2092 0.239616
0.2066 0.23552
0.2127 0.237568
0.2212 0.249856
0.2078 0.23552
0.2073 0.238592
0.2277 0.24064
0.2192 0.238592
0.2111 0.242688
0.2076 0.234496
0.231 0.236544
0.204 0.236544
0.2108 0.238592
0.4875 0.233472
0.2115 0.24064
0.2091 0.249856
0.207 0.244736
0.2238 0.241664
0.2186 0.241664
0.2145 0.239616
0.2117 0.237568
0.2107 0.237568
0.2109 0.24064
0.2111 0.242688
0.2005 0.238592
0.2096 0.236544
0.2065 0.234496
0.2153 0.239616
0.2101 0.236544
0.2104 0.24064
0.2083 0.23552
0.2173 0.23552
0.2105 0.241664
0.203 0.242688
0.2117 0.237568
0.2336 0.24576
0.2075 0.236544
0.2155 0.242688
0.2155 0.239616
0.2178 0.24064
0.5418 0.23552
0.2056 0.244736
0.4877 0.23552
0.2971 0.234496
0.2063 0.239616
0.2049 0.242688
0.2013 0.238592
0.2038 0.236544
0.3069 0.24064
0.4117 0.237568
0.2073 0.23552
0.2043 0.243712
0.2243 0.249856
0.2101 0.238592
0.2398 0.237568
0.2117 0.239616
0.4651 0.239616
0.3473 0.242688
0.2071 0.236544
0.4719 0.237568
0.4041 0.239616
0.2115 0.24064
0.2095 0.241664
0.2141 0.239616
0.2145 0.234496
0.2134 0.236544
0.2093 0.241664
0.2168 0.244736
0.21 0.234496
0.2086 0.237568
0.2085 0.251904
0.205 0.236544
0.21 0.238592
0.2132 0.242688
0.2037 0.237568
0.203 0.23552
0.2445 0.24064
0.2108 0.238592
0.4331 0.237568
0.2106 0.243712
0.208 0.238592
0.2071 0.239616
0.205 0.24064
0.2091 0.234496
0.2099 0.239616
0.4689 0.238592
0.2052 0.234496
0.2068 0.244736
0.2077 0.24064
0.2048 0.238592
0.4675 0.238592
0.2076 0.231424
0.2136 0.242688
0.2049 0.241664
0.2319 0.236544
0.2171 0.241664
0.2035 0.236544
0.4647 0.238592
0.2041 0.238592
0.2098 0.237568
0.4209 0.242688
0.2135 0.233472
0.2106 0.241664
0.3342 0.24064
0.2091 0.239616
0.4629 0.23552
0.2091 0.241664
0.438 0.243712
0.5193 0.243712
0.3951 0.236544
0.2247 0.241664
0.2131 0.24064
0.2086 0.236544
0.2082 0.23552
0.204 0.239616
0.5031 0.24064
0.2194 0.233472
0.2111 0.234496
0.4492 0.237568
0.2043 0.24064
0.2059 0.23552
0.2101 0.24064
0.2153 0.241664
0.2053 0.241664
0.2056 0.246784
0.2149 0.241664
0.2166 0.24064
0.3881 0.241664
0.5097 0.242688
0.5049 0.247808
0.2085 0.254976
0.2093 0.252928
0.231 0.252928
0.2135 0.25088
0.2077 0.252928
0.212 0.248832
0.2087 0.251904
0.2049 0.246784
0.3358 0.247808
0.2131 0.244736
0.2319 0.252928
0.2205 0.251904
0.2582 0.252928
0.2105 0.254976
0.2105 0.252928
0.2055 0.249856
0.2097 0.247808
0.2033 0.251904
0.2038 0.256
0.2078 0.24576
0.4409 0.257024
0.2108 0.251904
0.2095 0.253952
0.2896 0.249856
0.2139 0.251904
0.2105 0.25088
0.2205 0.249856
0.2268 0.252928
0.2084 0.262144
0.2093 0.259072
0.2045 0.258048
0.2052 0.262144
0.2071 0.254976
0.2442 0.262144
0.2096 0.248832
0.2113 0.27136
0.2303 0.26112
0.2068 0.262144
0.2094 0.259072
0.3862 0.263168
0.2153 0.258048
0.2067 0.26112
0.2089 0.262144
0.2166 0.251904
0.4852 0.257024
0.2108 0.257024
0.3427 0.263168
0.2129 0.254976
0.21 0.259072
0.2029 0.257024
0.234 0.26112
0.2054 0.26112
0.4321 0.262144
0.2045 0.253952
0.2153 0.258048
0.2087 0.263168
0.4778 0.258048
0.242 0.256
0.2143 0.246784
0.2132 0.256
0.2095 0.247808
0.215 0.263168
0.2077 0.248832
0.2077 0.260096
0.2259 0.268288
0.3715 0.268288
0.2159 0.268288
0.2323 0.260096
0.2606 0.258048
0.2182 0.267264
0.2118 0.258048
0.2587 0.254976
0.2087 0.258048
0.2721 0.260096
0.205 0.26624
0.2097 0.260096
0.2087 0.26112
0.4649 0.270336
0.2045 0.260096
0.2201 0.262144
0.214 0.26112
0.2092 0.258048
0.2532 0.259072
0.3351 0.262144
0.2111 0.26112
0.2204 0.265216
0.2075 0.262144
0.2105 0.265216
0.2581 0.258048
0.2124 0.27136
0.2093 0.264192
0.2104 0.262144
0.4542 0.26624
0.2046 0.252928
0.2158 0.253952
0.3794 0.26112
0.48 0.264192
0.2048 0.260096
0.2321 0.254976
0.2107 0.262144
0.2184 0.263168
0.214 0.26112
0.2183 0.26624
0.2077 0.254976
0.2063 0.264192
0.2069 0.258048
0.2062 0.258048
0.4537 0.262144
0.4892 0.262144
0.2744 0.256
0.2156 0.26112
0.2168 0.26112
0.2146 0.26112
0.2163 0.252928
0.2256 0.264192
0.2138 0.263168
0.2068 0.264192
0.2095 0.262144
0.2078 0.260096
0.2604 0.256
0.5025 0.260096
0.2112 0.259072
0.461 0.257024
0.2089 0.259072
0.2088 0.264192
0.4527 0.256
0.218 0.272384
0.206 0.254976
0.2616 0.265216
0.209 0.263168
0.3008 0.26624
0.2104 0.260096
0.5094 0.267264
0.2093 0.272384
0.2118 0.258048
0.2085 0.262144
0.207 0.256
0.2049 0.264192
0.2037 0.257024
0.2156 0.267264
0.2936 0.258048
0.208 0.257024
0.2174 0.258048
0.3678 0.267264
0.2882 0.27136
0.2175 0.26112
0.2086 0.252928
0.2208 0.260096
0.2184 0.270336
0.2116 0.26624
0.2145 0.264192
0.2084 0.254976
0.2057 0.262144
0.2516 0.263168
0.2074 0.262144
0.2022 0.265216
0.4728 0.257024
0.2195 0.259072
0.2427 0.263168
0.2762 0.265216
0.5632 0.260096
0.4589 0.260096
0.2104 0.259072
0.2152 0.263168
0.4518 0.256
0.2088 0.267264
0.2244 0.256
0.2114 0.259072
0.2178 0.26112
0.2111 0.262144
0.585 0.260096
0.2166 0.259072
0.2678 0.256
0.4139 0.263168
0.2373 0.256
0.4038 0.263168
0.2116 0.257024
0.226 0.263168
0.2069 0.262144
0.2059 0.262144
0.5696 0.258048
0.3104 0.260096
0.2062 0.264192
0.2132 0.256
0.2069 0.262144
0.4504 0.269312
0.2069 0.257024
0.2097 0.26112
0.2252 0.265216
0.2158 0.260096
0.4925 0.265216
0.2474 0.252928
0.2514 0.258048
0.2076 0.259072
0.4662 0.269312
0.4591 0.262144
0.2102 0.270336
0.206 0.26112
0.459 0.259072
0.2117 0.262144
0.2187 0.263168
0.2114 0.263168
0.2033 0.263168
0.3997 0.259072
0.4731 0.260096
0.4037 0.264192
0.2141 0.253952
0.2111 0.264192
0.2116 0.268288
0.22 0.26112
0.2083 0.264192
0.2036 0.263168
0.2118 0.268288
0.2064 0.267264
0.2221 0.26112
0.2015 0.257024
0.2076 0.262144
0.2123 0.259072
0.5367 0.26112
0.2151 0.262144
0.266 0.254976
0.3804 0.259072
0.3719 0.258048
0.2073 0.257024
0.2047 0.262144
0.2246 0.254976
0.2044 0.257024
0.2076 0.272384
0.212 0.254976
0.4716 0.26112
0.405 0.262144
0.2071 0.260096
0.2787 0.257024
0.2069 0.26624
0.2122 0.262144
0.213 0.263168
0.212 0.260096
0.2065 0.268288
0.2272 0.258048
0.2851 0.251904
0.2025 0.256
0.4998 0.252928
0.2127 0.262144
0.2168 0.262144
0.2272 0.253952
0.2097 0.254976
0.2073 0.256
0.2356 0.26112
0.2078 0.260096
0.2059 0.26112
0.451 0.26112
0.2494 0.273408
0.2032 0.269312
0.2096 0.260096
0.3289 0.267264
0.2479 0.264192
0.2058 0.264192
0.212 0.258048
0.2057 0.26624
0.2035 0.267264
0.2052 0.264192
0.213 0.269312
0.2306 0.259072
0.2099 0.264192
0.2111 0.258048
0.4595 0.262144
0.31 0.262144
0.5399 0.264192
0.3459 0.262144
0.2053 0.262144
0.2204 0.257024
0.2083 0.26112
0.2276 0.26624
0.21 0.264192
0.212 0.265216
0.2096 0.258048
0.2206 0.256
0.2064 0.254976
0.2078 0.254976
0.2208 0.260096
0.2414 0.264192
0.2148 0.25088
0.2077 0.26112
0.2098 0.257024
0.2144 0.262144
0.212 0.260096
0.2057 0.256
0.204 0.264192
0.2063 0.259072
0.2108 0.26112
0.3337 0.259072
0.239 0.262144
0.2127 0.259072
0.2064 0.262144
0.2113 0.26624
0.2338 0.263168
0.2079 0.263168
0.2135 0.260096
0.3414 0.260096
0.2143 0.260096
0.2122 0.254976
0.2282 0.260096
0.338 0.26112
0.2236 0.257024
0.2133 0.258048
0.2012 0.252928
0.2085 0.260096
0.2135 0.270336
0.2246 0.264192
0.2085 0.259072
0.2204 0.265216
0.2222 0.257024
0.2073 0.260096
0.2116 0.265216
0.2191 0.254976
0.2552 0.256
0.2044 0.264192
0.2239 0.252928
0.2123 0.269312
0.2072 0.26112
0.2141 0.262144
0.2071 0.26112
0.216 0.254976
0.2655 0.26112
0.2122 0.265216
0.491 0.27136
0.3552 0.258048
0.3686 0.26112
0.2154 0.26112
0.2114 0.267264
0.2086 0.257024
0.2081 0.263168
0.2211 0.251904
0.2222 0.265216
0.2071 0.260096
0.4616 0.264192
0.2091 0.265216
