0.2159 0.256
0.2468 0.265216
0.1971 0.256
0.3434 0.265216
0.4609 0.259072
0.3287 0.265216
0.1997 0.259072
0.2428 0.263168
0.2146 0.259072
0.1996 0.263168
0.2464 0.264192
0.2284 0.263168
0.2091 0.251904
0.2662 0.259072
0.2431 0.258048
0.2054 0.256
0.3202 0.259072
0.2107 0.264192
0.2186 0.257024
0.2061 0.257024
0.2079 0.272384
0.2078 0.27136
0.2189 0.256
0.209 0.262144
0.2155 0.253952
0.2185 0.257024
0.2113 0.254976
0.2053 0.259072
0.208 0.258048
0.2098 0.254976
0.2144 0.26112
0.2174 0.254976
0.4638 0.259072
0.2123 0.265216
0.2053 0.256
0.2156 0.259072
0.2087 0.251904
0.2442 0.26112
0.4893 0.262144
0.2348 0.260096
0.2095 0.260096
0.2128 0.27136
0.2072 0.254976
0.2023 0.265216
0.2192 0.26112
0.2097 0.26112
0.2129 0.253952
0.2357 0.258048
0.24 0.263168
0.2024 0.265216
0.3082 0.257024
0.4724 0.257024
0.209 0.256
0.206 0.274432
0.2145 0.263168
0.2071 0.264192
0.2057 0.263168
0.2088 0.267264
0.228 0.260096
0.2034 0.268288
0.2063 0.267264
0.212 0.264192
0.2105 0.260096
0.2048 0.260096
0.2194 0.252928
0.2098 0.253952
0.2087 0.260096
0.2145 0.256
0.231 0.260096
0.2118 0.263168
0.2139 0.256
0.2117 0.263168
0.2298 0.26624
0.2069 0.265216
0.22 0.26112
0.2112 0.264192
0.275 0.253952
0.2123 0.257024
0.2189 0.264192
0.2192 0.26112
0.2331 0.259072
0.2152 0.260096
0.2099 0.260096
0.2104 0.26112
0.2104 0.258048
0.2018 0.264192
0.2132 0.26624
0.2999 0.272384
0.2207 0.257024
0.2092 0.257024
0.2152 0.272384
0.2425 0.268288
0.2168 0.259072
0.2047 0.260096
0.4175 0.260096
0.2099 0.259072
0.2099 0.265216
0.2206 0.258048
0.2152 0.259072
0.3328 0.256
0.4631 0.26112
0.2201 0.256
0.4649 0.258048
0.2037 0.26624
0.2164 0.263168
0.2186 0.268288
0.2055 0.256
0.4306 0.26112
0.2162 0.256
0.2052 0.258048
0.2097 0.259072
0.2308 0.259072
0.2031 0.267264
0.2083 0.262144
0.206 0.254976
0.2078 0.262144
0.3993 0.264192
0.4484 0.253952
0.2033 0.264192
0.207 0.259072
0.4431 0.258048
0.2266 0.259072
0.4535 0.251904
0.405 0.26624
0.3425 0.256
0.2317 0.253952
0.2111 0.256
0.4656 0.259072
0.2168 0.262144
0.2091 0.26624
0.2122 0.265216
0.4685 0.260096
0.2081 0.264192
0.2085 0.264192
0.2137 0.264192
0.2684 0.256
0.4688 0.268288
0.2949 0.254976
0.2111 0.256
0.2065 0.259072
0.2062 0.252928
0.2076 0.268288
0.2183 0.260096
0.2448 0.26112
0.2246 0.252928
0.2145 0.268288
0.2049 0.263168
0.2099 0.257024
0.2127 0.258048
0.214 0.257024
0.2218 0.263168
0.2139 0.26112
0.2298 0.256
0.2087 0.258048
0.2514 0.260096
0.2117 0.264192
0.2103 0.26624
0.2076 0.263168
0.2143 0.254976
0.2041 0.260096
0.2179 0.252928
0.231 0.262144
0.2085 0.268288
0.2093 0.26112
0.2034 0.263168
0.4415 0.260096
0.3239 0.263168
0.2277 0.256
0.2105 0.267264
0.2153 0.257024
0.4618 0.260096
0.21 0.258048
0.2887 0.26112
0.3794 0.26112
0.3139 0.260096
0.2258 0.260096
0.2682 0.26112
0.2144 0.270336
0.2074 0.258048
0.2093 0.270336
0.2088 0.26624
0.2158 0.258048
0.218 0.263168
0.2089 0.26624
0.2077 0.270336
0.2089 0.259072
0.2615 0.260096
0.2082 0.265216
0.2106 0.252928
0.4584 0.259072
0.2107 0.258048
0.2173 0.265216
0.2091 0.264192
0.4641 0.258048
0.2111 0.26624
0.2118 0.254976
0.3435 0.26624
0.2031 0.26112
0.4515 0.264192
0.2067 0.253952
0.3579 0.263168
0.5106 0.260096
0.2072 0.260096
0.2139 0.26112
0.2066 0.264192
0.2154 0.260096
0.2477 0.259072
0.2713 0.259072
0.2024 0.258048
0.505 0.260096
0.271 0.259072
0.494 0.273408
0.2221 0.26624
0.5546 0.267264
0.2081 0.260096
0.2241 0.269312
0.2163 0.258048
0.2174 0.258048
0.2095 0.260096
0.2669 0.259072
0.5352 0.268288
0.2096 0.275456
0.2113 0.257024
0.2084 0.254976
0.2276 0.258048
0.2114 0.260096
0.2043 0.267264
0.3079 0.26112
0.2092 0.260096
0.2036 0.256
0.2075 0.267264
0.2179 0.259072
0.2055 0.257024
0.208 0.264192
0.2995 0.253952
0.2074 0.265216
0.2035 0.263168
0.4487 0.264192
0.2058 0.256
0.203 0.260096
0.4911 0.277504
0.49 0.257024
0.4764 0.25088
0.2129 0.263168
0.2784 0.258048
0.2054 0.244736
0.3426 0.260096
0.2125 0.256
0.2183 0.257024
0.2258 0.257024
0.2033 0.262144
0.2147 0.259072
0.2786 0.263168
0.2059 0.26112
0.2065 0.263168
0.2104 0.264192
0.2194 0.26112
0.216 0.27648
0.4844 0.268288
0.4964 0.263168
0.3867 0.252928
0.3084 0.264192
0.205 0.258048
0.428 0.251904
0.2132 0.260096
0.2084 0.258048
0.2125 0.265216
0.2098 0.262144
0.2124 0.259072
0.2944 0.26112
0.4078 0.260096
0.2098 0.253952
0.2912 0.263168
0.2707 0.259072
0.2038 0.256
0.4963 0.259072
0.4698 0.262144
0.4728 0.269312
0.4044 0.263168
0.5107 0.260096
0.2007 0.254976
0.2039 0.258048
0.2674 0.259072
0.2472 0.263168
0.2222 0.260096
0.2226 0.258048
0.2114 0.256
0.2225 0.26112
0.2409 0.263168
0.309 0.262144
0.2101 0.260096
0.2849 0.256
0.2073 0.267264
0.2161 0.260096
0.2622 0.265216
0.2105 0.262144
0.3096 0.253952
0.4804 0.260096
0.2116 0.256
0.2095 0.264192
0.2111 0.260096
0.2425 0.258048
0.2077 0.256
0.2134 0.262144
0.2059 0.27136
0.204 0.264192
0.237 0.259072
0.2098 0.249856
0.3016 0.252928
0.2112 0.253952
0.21 0.265216
0.2085 0.262144
0.2088 0.253952
0.2187 0.251904
0.2095 0.263168
0.2165 0.272384
0.2319 0.257024
0.2101 0.259072
0.2154 0.257024
0.2504 0.262144
0.258 0.259072
0.2203 0.265216
0.2225 0.258048
0.2077 0.253952
0.2222 0.256
0.2062 0.263168
0.2054 0.260096
0.2754 0.254976
0.2038 0.251904
0.2096 0.268288
0.2242 0.263168
0.2214 0.262144
0.2294 0.264192
0.3255 0.269312
0.2237 0.270336
0.2062 0.268288
0.2137 0.264192
0.2392 0.252928
0.2031 0.254976
0.2144 0.26112
0.2045 0.259072
0.2135 0.257024
0.2594 0.265216
0.216 0.257024
0.2089 0.27136
0.4639 0.26112
0.2155 0.258048
0.5085 0.260096
0.3638 0.257024
0.2057 0.264192
0.4844 0.259072
0.2183 0.258048
0.2075 0.260096
0.2105 0.258048
0.2251 0.262144
0.209 0.256
0.2414 0.267264
0.2996 0.254976
0.4747 0.264192
0.2099 0.253952
0.208 0.262144
0.2327 0.257024
0.2079 0.253952
0.216 0.26624
0.2061 0.258048
0.2305 0.26112
0.2119 0.260096
0.2092 0.26624
0.2087 0.26624
0.2413 0.26624
0.2038 0.273408
0.2086 0.256
0.3041 0.273408
0.2026 0.265216
0.2101 0.252928
0.2538 0.270336
0.229 0.264192
0.2097 0.272384
0.2082 0.26112
0.2073 0.268288
0.2197 0.263168
0.3001 0.260096
0.3585 0.258048
0.2185 0.259072
0.2162 0.264192
0.4564 0.26624
0.2074 0.262144
0.2136 0.26112
0.2215 0.26112
0.2044 0.258048
0.2225 0.269312
0.24 0.260096
0.2505 0.258048
0.4244 0.260096
0.3409 0.256
0.416 0.247808
0.2201 0.262144
0.3649 0.26112
0.2052 0.272384
0.2202 0.26112
0.2495 0.259072
0.212 0.26624
0.2108 0.26112
0.4807 0.260096
0.2138 0.258048
0.208 0.259072
0.476 0.257024
0.2132 0.259072
0.2128 0.260096
0.2237 0.264192
0.2168 0.259072
0.2218 0.268288
0.2067 0.258048
0.2081 0.259072
0.216 0.259072
0.2806 0.253952
0.2078 0.267264
0.2205 0.258048
0.2115 0.264192
0.2084 0.262144
0.2156 0.256
0.2086 0.27136
0.2424 0.258048
0.2102 0.262144
0.2132 0.263168
0.2104 0.254976
0.2085 0.260096
0.2069 0.264192
0.2148 0.263168
0.2064 0.256
0.2298 0.267264
0.3889 0.258048
0.5428 0.260096
0.2108 0.264192
0.2299 0.256
0.217 0.263168
0.2376 0.264192
0.211 0.259072
0.2165 0.257024
0.2107 0.263168
0.203 0.253952
0.2621 0.269312
0.3854 0.257024
0.3474 0.26112
0.2124 0.259072
0.2092 0.270336
0.2338 0.253952
0.2243 0.254976
0.2128 0.265216
0.2086 0.264192
0.3087 0.26112
0.2103 0.263168
0.4815 0.27136
0.226 0.259072
0.2303 0.258048
0.2424 0.260096
0.302 0.252928
0.2274 0.267264
0.2033 0.274432
0.2117 0.258048
0.2093 0.257024
0.2151 0.263168
0.2077 0.260096
0.2044 0.254976
0.2051 0.249856
0.215 0.259072
0.2146 0.253952
0.2075 0.26112
0.2108 0.26624
0.2066 0.26112
0.4786 0.258048
0.2229 0.258048
0.2054 0.258048
0.2086 0.265216
0.2416 0.258048
0.2117 0.256
0.2057 0.272384
0.2183 0.264192
0.2065 0.256
0.2044 0.251904
0.3061 0.262144
0.218 0.254976
0.2076 0.267264
0.2179 0.254976
0.2247 0.265216
0.2194 0.256
0.2108 0.249856
0.209 0.264192
0.2038 0.26112
0.2367 0.259072
0.2178 0.259072
0.2084 0.259072
0.2146 0.258048
0.4742 0.267264
0.2098 0.26624
0.2108 0.264192
0.222 0.273408
0.2344 0.26112
0.3909 0.265216
0.2079 0.26624
0.2204 0.252928
0.2278 0.265216
0.2108 0.260096
0.2152 0.258048
0.2135 0.264192
0.2052 0.269312
0.4219 0.26624
0.2105 0.264192
0.2079 0.257024
0.2074 0.260096
0.2197 0.260096
0.2057 0.256
0.4339 0.267264
0.2059 0.263168
0.2119 0.26112
0.3131 0.26624
0.3583 0.259072
0.2118 0.257024
0.2942 0.258048
0.2718 0.267264
0.2094 0.273408
0.219 0.270336
0.2187 0.263168
0.2148 0.260096
0.2173 0.253952
0.2347 0.26112
0.2093 0.260096
0.2179 0.27648
0.3767 0.262144
0.218 0.254976
0.2568 0.264192
0.3282 0.260096
0.2164 0.26112
0.2111 0.268288
0.2097 0.247808
0.2026 0.260096
0.208 0.252928
0.4346 0.254976
0.2091 0.259072
0.2134 0.26112
0.2062 0.27648
0.2364 0.26624
0.2118 0.253952
0.2583 0.259072
0.2062 0.259072
0.233 0.263168
0.2237 0.262144
0.205 0.264192
0.2078 0.267264
0.2312 0.260096
0.2154 0.26624
0.208 0.257024
0.2307 0.258048
0.251 0.25088
0.2145 0.26112
0.2254 0.260096
0.2068 0.257024
0.2244 0.254976
0.2363 0.254976
0.2091 0.258048
0.2035 0.259072
0.2189 0.264192
0.2461 0.253952
0.2073 0.260096
0.2651 0.26624
0.2305 0.269312
0.2073 0.259072
0.213 0.259072
0.2053 0.262144
0.2101 0.254976
0.2164 0.26112
0.2068 0.267264
0.2602 0.273408
0.234 0.259072
0.2078 0.259072
0.2224 0.259072
0.2386 0.258048
0.2097 0.257024
0.2603 0.258048
0.2135 0.257024
0.2048 0.262144
0.2492 0.259072
0.2115 0.259072
0.2147 0.260096
0.2148 0.257024
0.2102 0.258048
0.2199 0.254976
0.2902 0.251904
0.3784 0.259072
0.5784 0.262144
0.2602 0.257024
0.3731 0.265216
0.4639 0.258048
0.2121 0.264192
0.2074 0.252928
0.2111 0.254976
0.2121 0.267264
0.2146 0.262144
0.2078 0.270336
0.2359 0.265216
0.2211 0.262144
0.3995 0.252928
0.4063 0.262144
0.2097 0.262144
0.2338 0.262144
0.2715 0.257024
0.2637 0.262144
0.2796 0.269312
0.2108 0.259072
0.2655 0.268288
0.2235 0.260096
0.2091 0.258048
0.2095 0.253952
0.2146 0.267264
0.2109 0.254976
0.2149 0.260096
0.2109 0.258048
0.2065 0.262144
0.2112 0.264192
0.2071 0.260096
0.2094 0.260096
0.2503 0.263168
0.2186 0.269312
0.2054 0.263168
0.2111 0.260096
0.2084 0.263168
0.2139 0.264192
0.205 0.256
0.209 0.256
0.2076 0.259072
0.2216 0.256
0.3876 0.267264
0.2228 0.265216
0.2147 0.270336
0.2104 0.258048
0.2182 0.265216
0.2144 0.260096
0.2192 0.264192
0.238 0.253952
0.2051 0.262144
0.2076 0.265216
0.2107 0.26624
0.2059 0.256
0.2102 0.262144
0.2126 0.265216
0.4221 0.265216
0.2109 0.265216
0.212 0.26624
0.444 0.260096
0.2097 0.251904
0.2218 0.259072
0.2518 0.260096
0.2044 0.264192
0.2091 0.256
0.2197 0.258048
0.2179 0.26112
0.2107 0.26112
0.2169 0.272384
0.2083 0.26112
0.4446 0.251904
0.5227 0.262144
0.2237 0.268288
0.2093 0.267264
0.2037 0.262144
0.2125 0.258048
0.4608 0.267264
0.4769 0.267264
0.2123 0.260096
0.2191 0.258048
0.3693 0.26112
0.3564 0.265216
0.2126 0.268288
0.2036 0.262144
0.215 0.26112
0.2129 0.260096
0.3877 0.260096
0.2086 0.265216
0.2062 0.263168
0.3218 0.258048
0.3572 0.258048
0.2029 0.257024
0.2355 0.257024
0.207 0.26112
0.5658 0.256
0.218 0.257024
0.2057 0.256
0.2149 0.262144
0.2345 0.260096
0.2403 0.262144
0.2097 0.259072
0.2145 0.258048
0.2177 0.258048
0.387 0.26112
0.2657 0.262144
0.2585 0.279552
0.4612 0.262144
0.213 0.264192
0.2046 0.257024
0.2195 0.26624
0.3261 0.259072
0.2127 0.267264
0.2651 0.273408
0.2105 0.268288
0.2055 0.259072
0.2065 0.26112
0.2157 0.263168
0.2111 0.269312
0.2092 0.26624
0.2222 0.269312
0.2367 0.267264
0.216 0.26112
0.2537 0.265216
0.2103 0.267264
0.2063 0.273408
0.4431 0.264192
0.4477 0.265216
0.2036 0.268288
0.464 0.267264
0.2256 0.27136
0.2103 0.269312
0.2072 0.26112
0.2131 0.268288
0.2072 0.26112
0.253 0.270336
0.2172 0.262144
0.2178 0.264192
0.2107 0.262144
0.2098 0.263168
0.2183 0.263168
0.2163 0.259072
0.2174 0.263168
0.2044 0.265216
0.2213 0.26112
0.2056 0.273408
0.211 0.263168
0.2133 0.257024
0.2641 0.264192
0.4956 0.26624
0.2107 0.268288
0.2632 0.264192
0.2117 0.265216
0.2113 0.259072
0.221 0.262144
0.2185 0.26624
0.2148 0.264192
0.2079 0.260096
0.3919 0.258048
0.4061 0.259072
0.2208 0.265216
0.202 0.262144
0.2096 0.256
0.2733 0.257024
0.4712 0.259072
0.2107 0.254976
0.2116 0.257024
0.2572 0.257024
0.2149 0.263168
0.2217 0.253952
0.2055 0.257024
0.284 0.256
0.21 0.256
0.2181 0.258048
0.2057 0.247808
0.212 0.248832
0.2042 0.249856
0.5355 0.257024
0.4323 0.25088
0.2081 0.246784
0.2186 0.25088
0.2178 0.258048
0.4281 0.251904
0.2145 0.258048
0.3395 0.249856
0.3553 0.256
0.2193 0.265216
0.209 0.254976
0.206 0.246784
0.2131 0.259072
0.2104 0.25088
0.2171 0.252928
0.2073 0.254976
0.2046 0.259072
0.2257 0.259072
0.2051 0.256
0.2913 0.264192
0.2063 0.262144
0.3703 0.265216
0.2145 0.260096
0.2128 0.26624
0.2098 0.263168
0.2166 0.270336
0.2109 0.267264
0.2135 0.273408
0.222 0.264192
0.2179 0.27136
0.2071 0.26624
0.4584 0.267264
0.3114 0.267264
0.4426 0.27136
0.2145 0.26112
0.2123 0.270336
0.2447 0.262144
0.2081 0.258048
0.2058 0.259072
0.2143 0.26112
0.2062 0.263168
0.2099 0.27136
0.2169 0.263168
0.2081 0.27136
0.2377 0.268288
0.2166 0.265216
0.223 0.26112
0.205 0.275456
0.2111 0.26624
0.2305 0.268288
0.2112 0.268288
0.2199 0.26112
0.4306 0.275456
0.2014 0.270336
0.2107 0.265216
0.2207 0.259072
0.4221 0.26624
0.2133 0.269312
0.2097 0.264192
0.2305 0.267264
0.2385 0.27648
0.2218 0.270336
0.207 0.273408
0.2755 0.268288
0.2096 0.265216
0.2204 0.272384
0.2249 0.265216
0.2086 0.27136
0.2106 0.27136
0.2085 0.274432
0.2087 0.265216
0.2032 0.277504
0.2141 0.27136
0.2093 0.274432
0.2059 0.274432
0.2091 0.26112
0.212 0.273408
0.3052 0.274432
0.2113 0.263168
0.2146 0.267264
0.4224 0.267264
0.4548 0.267264
0.2085 0.270336
0.4591 0.268288
0.2029 0.258048
0.2044 0.269312
0.2175 0.267264
0.2372 0.268288
0.2122 0.262144
0.2288 0.273408
0.2206 0.272384
0.1914 0.267264
0.1971 0.280576
0.3554 0.269312
0.2573 0.269312
0.1917 0.27136
0.2543 0.263168
0.2049 0.284672
0.2328 0.274432
0.4069 0.277504
0.1983 0.279552
0.192 0.289792
0.191 0.28672
0.1891 0.275456
0.1966 0.280576
0.2175 0.288768
0.1819 0.285696
0.3935 0.294912
0.2608 0.287744
0.248 0.293888
0.189 0.293888
0.1954 0.290816
0.4113 0.283648
0.4293 0.292864
0.1961 0.29184
0.187 0.292864
0.2702 0.299008
0.1932 0.702464
0.2047 0.649216
0.1929 0.728064
0.1937 0.408576
0.1883 0.417792
0.1925 0.718848
0.1951 0.720896
0.203 0.648192
0.1999 0.651264
0.196 0.293888
0.1921 0.294912
0.1886 0.297984
0.3072 0.288768
0.1899 0.29184
0.1906 0.29696
0.1897 0.29696
0.2055 0.301056
0.1909 0.29184
0.1854 0.28672
0.1967 0.293888
0.7683 0.289792
0.2 0.303104
0.3036 0.299008
0.1902 0.29184
0.3818 0.290816
0.1971 0.288768
0.1847 0.290816
0.1872 0.295936
0.2129 0.293888
0.1919 0.292864
0.1912 0.287744
0.1914 0.295936
0.1922 0.299008
0.1923 0.292864
0.2024 0.294912
0.4133 0.294912
0.5056 0.293888
0.1917 0.293888
0.3855 0.292864
0.3623 0.29696
0.1871 0.295936
0.1876 0.30208
0.1988 0.300032
0.1893 0.290816
0.1934 0.287744
0.2241 0.293888
0.1978 0.292864
0.1918 0.288768
0.1973 0.29696
0.2076 0.29696
0.1923 0.30208
0.1978 0.290816
0.2196 0.29184
0.1954 0.294912
0.1837 0.297984
0.272 0.29696
0.2266 0.295936
0.1885 0.295936
0.1964 0.293888
0.1972 0.290816
0.2673 0.292864
0.351 0.297984
0.1893 0.293888
0.2001 0.295936
0.1892 0.297984
0.1986 0.288768
0.419 0.288768
0.2571 0.295936
0.1975 0.297984
0.1883 0.289792
0.1859 0.29184
0.1919 0.29184
0.1988 0.299008
0.1996 0.293888
0.2085 0.294912
0.1911 0.29696
0.1976 0.29696
0.185 0.284672
0.1906 0.295936
0.1882 0.299008
0.186 0.299008
0.2017 0.292864
0.1982 0.285696
0.1972 0.29696
0.1953 0.284672
0.1961 0.297984
0.1952 0.293888
0.1966 0.290816
0.1905 0.297984
0.1888 0.29696
0.192 0.294912
0.1927 0.290816
0.1861 0.293888
0.1882 0.295936
0.1864 0.289792
0.2001 0.292864
0.1895 0.297984
0.3237 0.303104
0.202 0.297984
0.1959 0.300032
0.1892 0.295936
0.1984 0.292864
0.1931 0.289792
0.2103 0.292864
0.2096 0.29696
0.1977 0.293888
0.1918 0.289792
0.1963 0.285696
0.191 0.289792
0.1888 0.29696
0.2916 0.287744
0.265 0.293888
0.2331 0.290816
0.2081 0.293888
0.1887 0.290816
0.2286 0.299008
0.1848 0.300032
0.1898 0.29696
0.1919 0.289792
0.1868 0.297984
0.2664 0.297984
0.2121 0.30208
0.1955 0.293888
0.1898 0.292864
0.1929 0.297984
0.1903 0.290816
0.1956 0.30208
0.1937 0.297984
0.1958 0.30208
0.1905 0.301056
0.1912 0.309248
0.1986 0.29184
0.1938 0.301056
0.3897 0.303104
0.4261 0.304128
0.1874 0.293888
0.1964 0.3072
0.1971 0.301056
0.1883 0.294912
0.1943 0.305152
0.1993 0.311296
0.2434 0.294912
