0.0581 0.185344
0.0752 0.186368
0.0746 0.185344
0.0706 0.186368
0.0419 0.185344
0.0386 0.185344
0.0388 0.185344
0.0365 0.185344
0.0308 0.185344
0.041 0.185344
0.1089 0.305152
0.0437 0.185344
0.0748 0.607232
0.0816 0.186368
0.0467 0.185344
0.0484 0.186368
0.0505 0.185344
0.0432 0.185344
0.0425 0.185344
0.0432 0.185344
0.0494 0.185344
0.0453 0.187392
0.0423 0.186368
0.0434 0.185344
0.0439 0.185344
0.0429 0.186368
0.0426 0.185344
0.0468 0.185344
0.0529 0.186368
0.0434 0.186368
0.0654 0.185344
0.0436 0.185344
0.0427 0.186368
0.0778 0.185344
0.0422 0.185344
0.0775 0.186368
0.0627 0.185344
0.0436 0.185344
0.0624 0.185344
0.0428 0.185344
0.0509 0.186368
0.0431 0.185344
0.0477 0.185344
0.0425 0.185344
0.0497 0.185344
0.0434 0.186368
0.0479 0.185344
0.0461 0.185344
0.1002 0.185344
0.0425 0.186368
0.045 0.186368
0.0417 0.186368
0.0468 0.186368
0.0435 0.185344
0.0632 0.186368
0.0462 0.185344
0.044 0.185344
0.0454 0.185344
0.0433 0.185344
0.0431 0.186368
0.0422 0.186368
0.0784 0.185344
0.044 0.185344
0.0414 0.185344
0.0421 0.185344
0.043 0.185344
0.0445 0.186368
0.0423 0.186368
0.0446 0.185344
0.0433 0.185344
0.0429 0.186368
0.0447 0.185344
0.0423 0.186368
0.0441 0.185344
0.0574 0.186368
0.0705 0.185344
0.0505 0.185344
0.0427 0.186368
0.0431 0.185344
0.0423 0.185344
0.0428 0.185344
0.0427 0.185344
0.043 0.186368
0.0463 0.186368
0.0463 0.186368
0.0748 0.186368
0.062 0.185344
0.0422 0.185344
0.0495 0.186368
0.0469 0.186368
0.0483 0.185344
0.0423 0.185344
0.0442 0.186368
0.0428 0.185344
0.0431 0.185344
0.0477 0.185344
0.0483 0.185344
0.0499 0.186368
0.0582 0.185344
0.0488 0.185344
0.0479 0.185344
0.0455 0.185344
0.0697 0.185344
0.043 0.185344
0.0467 0.185344
0.0422 0.185344
0.0511 0.185344
0.0492 0.186368
0.0431 0.185344
0.0431 0.185344
0.043 0.185344
0.0437 0.186368
0.0493 0.186368
0.076 0.185344
0.0456 0.185344
0.0499 0.186368
0.0434 0.185344
0.0758 0.186368
0.0433 0.186368
0.046 0.186368
0.0525 0.186368
0.0512 0.185344
0.0433 0.185344
0.0438 0.185344
0.0423 0.185344
0.045 0.186368
0.0638 0.185344
0.0478 0.186368
0.0424 0.186368
0.0432 0.185344
0.0486 0.186368
0.0755 0.185344
0.0726 0.186368
0.0636 0.186368
0.0439 0.185344
0.0448 0.186368
0.0432 0.186368
0.0423 0.185344
0.0517 0.186368
0.0451 0.185344
0.0433 0.186368
0.0434 0.185344
0.0426 0.186368
0.0444 0.185344
0.0425 0.185344
0.0859 0.185344
0.0438 0.185344
0.0467 0.18432
0.0435 0.185344
0.0453 0.186368
0.0431 0.185344
0.0418 0.185344
0.0499 0.185344
0.0668 0.185344
0.0424 0.186368
0.0479 0.185344
0.0792 0.185344
0.0517 0.185344
0.0578 0.186368
0.0788 0.185344
0.0775 0.185344
0.0761 0.186368
0.0494 0.185344
0.0472 0.185344
0.0649 0.185344
0.048 0.18432
0.0429 0.185344
0.0462 0.186368
0.0433 0.185344
0.0477 0.185344
0.0537 0.185344
0.0461 0.186368
0.0413 0.185344
0.0458 0.186368
0.0429 0.186368
0.0415 0.186368
0.0429 0.186368
0.0506 0.185344
0.0493 0.185344
0.0436 0.186368
0.0421 0.185344
0.0433 0.185344
0.0425 0.185344
0.0454 0.186368
0.0686 0.185344
0.0437 0.186368
0.0476 0.185344
0.0423 0.185344
0.0438 0.186368
0.0434 0.186368
0.0452 0.185344
0.0475 0.186368
0.0611 0.186368
0.0472 0.186368
0.0439 0.185344
0.0496 0.185344
0.0425 0.185344
0.0446 0.185344
0.0735 0.185344
0.042 0.186368
0.0462 0.185344
0.0514 0.186368
0.0821 0.186368
0.0493 0.185344
0.0658 0.186368
0.0435 0.186368
0.0506 0.185344
0.0445 0.185344
0.0464 0.185344
0.0445 0.185344
0.0511 0.185344
0.0672 0.186368
0.0439 0.185344
0.0425 0.186368
0.0423 0.185344
0.0639 0.186368
0.0602 0.186368
0.0496 0.185344
0.0471 0.185344
0.0787 0.185344
0.0427 0.185344
0.0421 0.185344
0.0651 0.185344
0.0502 0.185344
0.0443 0.185344
0.0429 0.185344
0.0666 0.186368
0.045 0.185344
0.0439 0.185344
0.0481 0.185344
0.0536 0.185344
0.0424 0.185344
0.0422 0.186368
0.0465 0.185344
0.0467 0.186368
0.0446 0.186368
0.0592 0.185344
0.043 0.185344
0.0486 0.185344
0.0494 0.185344
0.0476 0.185344
0.0437 0.186368
0.0431 0.185344
0.0446 0.185344
0.0421 0.185344
0.0465 0.186368
0.05 0.186368
0.0441 0.185344
0.0433 0.186368
0.0492 0.185344
0.0736 0.185344
0.0475 0.185344
0.047 0.186368
0.0441 0.185344
0.0431 0.185344
0.0524 0.185344
0.043 0.185344
0.0565 0.185344
0.0423 0.185344
0.0503 0.185344
0.0434 0.185344
0.0417 0.185344
0.043 0.185344
0.0451 0.185344
0.0476 0.185344
0.0425 0.186368
0.0469 0.185344
0.065 0.185344
0.0484 0.185344
0.0773 0.185344
0.0429 0.186368
0.0416 0.185344
0.0469 0.185344
0.073 0.185344
0.0723 0.185344
0.0432 0.185344
0.0691 0.185344
0.0469 0.185344
0.0441 0.186368
0.0426 0.185344
0.054 0.185344
0.0457 0.185344
0.0426 0.186368
0.044 0.185344
0.0467 0.186368
0.0423 0.185344
0.042 0.185344
0.0654 0.186368
0.0672 0.185344
0.0449 0.185344
0.0684 0.185344
0.052 0.185344
0.0611 0.185344
0.0466 0.186368
0.0641 0.185344
0.0788 0.186368
0.0732 0.186368
0.0805 0.185344
0.0716 0.185344
0.0799 0.186368
0.0433 0.186368
0.0549 0.185344
0.0428 0.185344
0.0495 0.185344
0.0433 0.186368
0.0518 0.185344
0.0852 0.185344
0.0425 0.185344
0.0453 0.185344
0.0428 0.185344
0.0493 0.185344
0.047 0.185344
0.0485 0.185344
0.0419 0.185344
0.0436 0.185344
0.0774 0.186368
0.0507 0.185344
0.0473 0.185344
0.0724 0.185344
0.0423 0.185344
0.0459 0.185344
0.047 0.185344
0.0654 0.185344
0.0623 0.185344
0.0441 0.185344
0.0426 0.185344
0.0432 0.185344
0.0433 0.185344
0.0496 0.186368
0.0515 0.185344
0.0442 0.185344
0.043 0.185344
0.0508 0.186368
0.0432 0.185344
0.0459 0.185344
0.0441 0.185344
0.0716 0.185344
0.0506 0.185344
0.048 0.185344
0.0429 0.185344
0.0465 0.185344
0.0536 0.185344
0.0616 0.186368
0.0451 0.185344
0.0743 0.185344
0.0427 0.185344
0.0426 0.185344
0.0443 0.185344
0.0496 0.185344
0.0478 0.185344
0.0507 0.185344
0.0541 0.185344
0.0808 0.185344
0.0645 0.186368
0.0497 0.185344
0.042 0.185344
0.0437 0.185344
0.0422 0.186368
0.045 0.185344
0.043 0.186368
0.0483 0.186368
0.0432 0.185344
0.0422 0.186368
0.0441 0.185344
0.0431 0.185344
0.0425 0.185344
0.091 0.185344
0.0581 0.186368
0.0452 0.185344
0.0518 0.185344
0.0429 0.185344
0.043 0.185344
0.0694 0.185344
0.0422 0.186368
0.0661 0.185344
0.0518 0.185344
0.0421 0.185344
0.0441 0.185344
0.0512 0.186368
0.078 0.185344
0.0466 0.185344
0.0472 0.185344
0.0493 0.18432
0.087 0.185344
0.0849 0.185344
0.0778 0.185344
0.0475 0.186368
0.0806 0.186368
0.0796 0.185344
0.0613 0.186368
0.0473 0.185344
0.08 0.185344
0.0442 0.186368
0.044 0.185344
0.0781 0.185344
0.0436 0.185344
0.0876 0.185344
0.0429 0.185344
0.0684 0.185344
0.0731 0.185344
0.0431 0.185344
0.0576 0.185344
0.045 0.185344
0.0512 0.186368
0.0745 0.185344
0.0438 0.185344
0.0481 0.186368
0.0487 0.185344
0.0438 0.186368
0.0439 0.185344
0.0527 0.185344
0.0896 0.185344
0.0615 0.185344
0.0487 0.186368
0.0593 0.185344
0.075 0.185344
0.0461 0.186368
0.0441 0.185344
0.0461 0.185344
0.0476 0.185344
0.0659 0.185344
0.0424 0.185344
0.053 0.186368
0.0433 0.185344
0.0796 0.185344
0.0718 0.186368
0.0675 0.185344
0.0716 0.185344
0.0462 0.185344
0.0501 0.185344
0.0438 0.185344
0.0426 0.185344
0.0473 0.185344
0.0458 0.185344
0.0427 0.185344
0.0429 0.185344
0.0417 0.185344
0.0436 0.185344
0.0772 0.185344
0.0729 0.185344
0.0488 0.185344
0.0457 0.185344
0.0694 0.185344
0.0805 0.185344
0.0619 0.185344
0.0835 0.185344
0.0501 0.186368
0.0446 0.186368
0.0729 0.185344
0.0504 0.186368
0.0774 0.185344
0.0642 0.185344
0.0462 0.185344
0.0722 0.185344
0.0422 0.185344
0.0668 0.185344
0.0755 0.186368
0.0433 0.185344
0.0449 0.185344
0.077 0.185344
0.0657 0.186368
0.043 0.185344
0.0471 0.18432
0.0452 0.186368
0.0475 0.185344
0.0452 0.185344
0.0501 0.185344
0.0434 0.18432
0.0503 0.185344
0.0829 0.186368
0.0444 0.186368
0.0429 0.185344
0.0422 0.185344
0.0507 0.186368
0.0691 0.186368
0.054 0.185344
0.0466 0.185344
0.0702 0.186368
0.042 0.185344
0.0481 0.186368
0.0492 0.185344
0.0828 0.186368
0.0439 0.185344
0.0442 0.186368
0.0523 0.186368
0.0432 0.185344
0.0452 0.186368
0.0616 0.185344
0.0491 0.185344
0.0741 0.185344
0.0427 0.185344
0.058 0.185344
0.0432 0.185344
0.043 0.186368
0.0436 0.185344
0.0727 0.185344
0.042 0.186368
0.044 0.18432
0.0718 0.186368
0.0425 0.186368
0.0655 0.186368
0.0576 0.185344
0.0426 0.186368
0.0791 0.186368
0.0443 0.186368
0.0442 0.186368
0.0429 0.185344
0.0431 0.186368
0.0468 0.185344
0.0476 0.185344
0.0433 0.185344
0.0468 0.185344
0.0488 0.185344
0.0823 0.186368
0.0428 0.186368
0.0504 0.185344
0.0523 0.185344
0.0492 0.185344
0.0453 0.185344
0.0421 0.185344
0.0433 0.186368
0.0435 0.186368
0.0431 0.185344
0.069 0.186368
0.0717 0.185344
0.0625 0.186368
0.0495 0.186368
0.0439 0.186368
0.0453 0.186368
0.0435 0.185344
0.0435 0.186368
0.0703 0.186368
0.0556 0.186368
0.0479 0.186368
0.0863 0.186368
0.0457 0.186368
0.0534 0.185344
0.0454 0.185344
0.0438 0.186368
0.0432 0.186368
0.046 0.186368
0.0436 0.186368
0.0601 0.185344
0.0446 0.186368
0.0422 0.186368
0.044 0.186368
0.0611 0.186368
0.0426 0.185344
0.0488 0.185344
0.0503 0.185344
0.0539 0.185344
0.0432 0.185344
0.043 0.185344
0.0445 0.185344
0.0434 0.185344
0.0433 0.185344
0.0426 0.185344
0.0436 0.185344
0.0441 0.185344
0.0427 0.186368
0.0435 0.186368
0.0954 0.185344
0.0716 0.185344
0.0427 0.186368
0.0653 0.185344
0.0434 0.185344
0.043 0.185344
0.043 0.185344
0.0418 0.185344
0.0815 0.185344
0.0439 0.185344
0.0444 0.186368
0.0792 0.185344
0.0436 0.185344
0.0797 0.185344
0.0658 0.185344
0.0477 0.185344
0.0497 0.185344
0.0435 0.186368
0.0823 0.186368
0.0483 0.185344
0.0429 0.185344
0.0443 0.186368
0.0432 0.186368
0.0499 0.186368
0.0436 0.185344
0.0637 0.185344
0.0444 0.186368
0.0431 0.185344
0.0424 0.186368
0.0433 0.185344
0.0432 0.185344
0.0763 0.185344
0.0554 0.185344
0.0454 0.186368
0.0438 0.186368
0.0491 0.186368
0.0478 0.185344
0.0444 0.185344
0.0439 0.185344
0.0502 0.186368
0.045 0.186368
0.0751 0.186368
0.0427 0.186368
0.0429 0.185344
0.0424 0.186368
0.0567 0.185344
0.0419 0.186368
0.0495 0.185344
0.0462 0.185344
0.1972 0.185344
0.0435 0.18432
0.0422 0.185344
0.0419 0.186368
0.0438 0.185344
0.0438 0.186368
0.0421 0.185344
0.0437 0.185344
0.0679 0.186368
0.0429 0.185344
0.0439 0.185344
0.0429 0.185344
0.048 0.185344
0.0561 0.185344
0.0633 0.185344
0.0428 0.185344
0.0427 0.186368
0.0452 0.185344
0.0426 0.185344
0.0658 0.186368
0.044 0.185344
0.0449 0.185344
0.0438 0.185344
0.0434 0.186368
0.0448 0.185344
0.0746 0.185344
0.0923 0.186368
0.0432 0.186368
0.0442 0.185344
0.0431 0.185344
0.0434 0.185344
0.0427 0.185344
0.0506 0.186368
0.0513 0.186368
0.0429 0.186368
0.0433 0.18432
0.0588 0.186368
0.0465 0.186368
0.0807 0.185344
0.0704 0.185344
0.0466 0.185344
0.0423 0.185344
0.0506 0.186368
0.0476 0.186368
0.0604 0.186368
0.0422 0.186368
0.0426 0.185344
0.0705 0.185344
0.0434 0.186368
0.0438 0.186368
0.0476 0.185344
0.0474 0.185344
0.0431 0.185344
0.0665 0.185344
0.0431 0.185344
0.0431 0.186368
0.0471 0.186368
0.0473 0.185344
0.0429 0.186368
0.0434 0.18432
0.046 0.185344
0.0474 0.185344
0.0571 0.185344
0.0456 0.185344
0.0513 0.185344
0.0433 0.186368
0.0426 0.186368
0.0437 0.185344
0.0444 0.185344
0.0466 0.185344
0.0437 0.186368
0.0662 0.185344
0.0447 0.185344
0.0531 0.186368
0.0588 0.185344
0.066 0.185344
0.0489 0.185344
0.0437 0.186368
0.0437 0.186368
0.0433 0.185344
0.0449 0.185344
0.0457 0.186368
0.0441 0.186368
0.0431 0.186368
0.0441 0.186368
0.0448 0.185344
0.0775 0.186368
0.077 0.186368
0.0437 0.185344
0.0773 0.186368
0.0429 0.185344
0.0438 0.185344
0.0715 0.186368
0.0432 0.185344
0.0487 0.186368
0.0667 0.185344
0.0439 0.185344
0.0426 0.186368
0.0467 0.185344
0.0447 0.186368
0.0435 0.185344
0.0659 0.185344
0.0446 0.186368
0.0477 0.185344
0.0456 0.186368
0.0483 0.185344
0.0438 0.186368
0.0434 0.185344
0.0423 0.185344
0.0577 0.185344
0.0427 0.185344
0.0422 0.185344
0.0428 0.186368
0.0781 0.185344
0.0495 0.185344
0.0448 0.185344
0.048 0.185344
0.0428 0.185344
0.0442 0.186368
0.0446 0.185344
0.0491 0.185344
0.0456 0.185344
0.0807 0.185344
0.0526 0.186368
0.0583 0.185344
0.0429 0.185344
0.049 0.185344
0.0424 0.186368
0.0701 0.186368
0.0489 0.185344
0.0436 0.186368
0.0432 0.185344
0.051 0.185344
0.0434 0.186368
0.0963 0.186368
0.0605 0.185344
0.0508 0.186368
0.043 0.186368
0.0417 0.185344
0.051 0.185344
0.0495 0.185344
0.0662 0.185344
0.0662 0.185344
0.0498 0.186368
0.0424 0.185344
0.0486 0.185344
0.0554 0.185344
0.0526 0.186368
0.0816 0.186368
0.0619 0.186368
0.0469 0.186368
0.0434 0.186368
0.0441 0.185344
0.0428 0.186368
0.0431 0.185344
0.0466 0.186368
0.0474 0.185344
0.0467 0.185344
0.0436 0.185344
0.0855 0.185344
0.0683 0.186368
0.0552 0.186368
0.0451 0.186368
0.0619 0.185344
0.0434 0.186368
0.0437 0.186368
0.0462 0.186368
0.0425 0.186368
0.0422 0.185344
0.0427 0.186368
0.0441 0.186368
0.0659 0.186368
0.056 0.185344
0.0727 0.186368
0.0484 0.185344
0.048 0.186368
0.0428 0.185344
0.0512 0.185344
0.0423 0.186368
0.0498 0.185344
0.0509 0.185344
0.0444 0.185344
0.0493 0.186368
0.0554 0.186368
0.0469 0.185344
0.0801 0.185344
0.0428 0.185344
0.0468 0.185344
0.0784 0.185344
0.0432 0.186368
0.043 0.186368
0.045 0.186368
0.044 0.185344
0.0442 0.185344
0.066 0.185344
0.0511 0.186368
0.0498 0.185344
0.055 0.185344
0.044 0.185344
0.0428 0.185344
0.0454 0.185344
0.0429 0.185344
0.043 0.186368
0.0439 0.186368
0.0512 0.186368
0.0436 0.186368
0.0713 0.186368
0.0445 0.186368
0.0558 0.185344
0.0444 0.185344
0.0425 0.186368
0.0435 0.185344
0.0434 0.185344
0.0422 0.185344
0.0429 0.186368
0.0432 0.186368
0.047 0.185344
0.0473 0.185344
0.0444 0.185344
0.0465 0.185344
0.0662 0.185344
0.0569 0.186368
0.0516 0.186368
0.0435 0.185344
0.0943 0.186368
0.0449 0.186368
0.0454 0.186368
0.0584 0.185344
0.0471 0.185344
0.0432 0.185344
0.0538 0.185344
0.0422 0.185344
0.0564 0.185344
0.0719 0.185344
0.0431 0.185344
0.0492 0.185344
0.0462 0.185344
0.0668 0.186368
0.0439 0.186368
0.0436 0.185344
0.0458 0.185344
0.0433 0.186368
0.0427 0.186368
0.0785 0.185344
0.0559 0.186368
0.0719 0.186368
0.0812 0.186368
0.0426 0.185344
0.0535 0.186368
0.0429 0.186368
0.0487 0.186368
0.0554 0.186368
0.0423 0.185344
0.0484 0.185344
0.0734 0.185344
0.0416 0.186368
0.0761 0.185344
0.0463 0.185344
0.0474 0.185344
0.0473 0.186368
0.044 0.185344
0.0431 0.185344
0.0446 0.185344
0.053 0.185344
0.0429 0.186368
0.0541 0.185344
0.0601 0.186368
0.0439 0.18432
0.093 0.185344
0.0537 0.186368
0.0502 0.186368
0.0438 0.185344
0.0446 0.186368
0.0498 0.186368
0.0423 0.186368
0.0443 0.186368
0.0446 0.186368
0.0461 0.185344
0.043 0.186368
0.0484 0.185344
0.0423 0.185344
0.0435 0.185344
0.0485 0.185344
0.0483 0.186368
0.0452 0.186368
0.0442 0.186368
0.0424 0.186368
0.0475 0.185344
0.0542 0.186368
0.0564 0.186368
0.0519 0.186368
0.0429 0.185344
0.0427 0.185344
0.0788 0.185344
0.0798 0.186368
0.0425 0.185344
0.0445 0.186368
0.0429 0.185344
0.0478 0.185344
0.049 0.186368
0.0543 0.185344
0.0485 0.185344
0.0482 0.185344
0.0515 0.185344
0.0445 0.185344
0.0642 0.185344
0.0465 0.186368
0.042 0.186368
0.0445 0.185344
0.0481 0.185344
0.0423 0.185344
0.0591 0.185344
0.0455 0.185344
0.0546 0.186368
0.0728 0.185344
0.0439 0.186368
0.0426 0.186368
0.0901 0.185344
0.0622 0.186368
0.0475 0.185344
0.055 0.185344
0.0492 0.185344
0.0423 0.185344
0.0505 0.186368
0.0429 0.186368
0.0423 0.186368
0.0704 0.186368
0.068 0.186368
0.0432 0.185344
0.0462 0.185344
0.0473 0.185344
0.0583 0.186368
0.0458 0.185344
0.0492 0.185344
0.0418 0.186368
0.0571 0.185344
0.0431 0.185344
0.0422 0.186368
0.0679 0.18432
0.0479 0.185344
0.0431 0.185344
0.045 0.186368
0.0699 0.186368
0.0442 0.186368
0.0439 0.185344
0.0764 0.185344
0.0415 0.185344
0.05 0.185344
0.0433 0.185344
0.0461 0.186368
0.0756 0.185344
0.0491 0.186368
0.0434 0.185344
0.0445 0.185344
0.0485 0.186368
0.0418 0.185344
0.045 0.186368
0.0442 0.185344
0.0473 0.185344
0.0434 0.185344
0.0521 0.186368
0.043 0.185344
0.0814 0.185344
0.0485 0.185344
0.0434 0.185344
0.0462 0.186368
0.0516 0.186368
0.0452 0.186368
0.0484 0.186368
0.0487 0.185344
0.0428 0.185344
0.0434 0.186368
0.0421 0.186368
0.0907 0.185344
0.044 0.186368
0.0501 0.185344
0.0434 0.185344
0.0439 0.185344
0.0466 0.185344
0.0455 0.185344
0.0694 0.185344
0.0455 0.186368
0.087 0.185344
0.0441 0.185344
0.0427 0.185344
0.0421 0.185344
0.1028 0.186368
0.0423 0.18432
0.0462 0.185344
0.0521 0.186368
0.048 0.185344
0.06 0.185344
0.0477 0.186368
0.0426 0.185344
0.0442 0.186368
0.052 0.185344
0.0728 0.185344
0.0423 0.185344
0.0437 0.185344
0.0532 0.186368
0.0419 0.185344
0.0439 0.185344
0.0639 0.185344
0.0581 0.185344
0.0581 0.185344
0.0467 0.186368
0.0628 0.186368
0.0491 0.186368
0.0433 0.185344
0.0423 0.186368
0.0764 0.186368
0.0487 0.185344
0.0433 0.185344
0.051 0.186368
