0.3998 0
0.5557 0
0.1622 0
0.1572 0
0.1596 0
0.1667 0
0.1639 0
0.1601 0.551936
0.1605 0.832512
0.1687 0.688128
0.1711 0.560128
0.1765 0.826368
0.1587 0.82432
0.3385 0.831488
0.1544 0.683008
0.1606 0.666624
0.1634 0.67072
0.1584 0.83456
0.1677 0.832512
0.305 0.826368
0.1533 0.556032
0.1533 0.559104
0.1575 0.671744
0.159 0.838656
0.1621 0.825344
0.3363 0.822272
0.1917 0.826368
0.1632 0.678912
0.1596 0.823296
0.3396 0.833536
0.2372 0.555008
0.1574 0.830464
0.1526 0.821248
0.16 0.828416
0.1585 0.825344
0.1557 0.831488
0.164 0.556032
0.1577 0.831488
0.1588 0.83456
0.1575 0.553984
0.1579 0.830464
0.1792 0.832512
0.2631 0.674816
0.1693 0.833536
0.2701 0.55808
0.3671 0.55808
0.1593 0.559104
0.1569 0.82944
0.1557 0.827392
0.3423 0.830464
0.1573 0.827392
0.1667 0.831488
0.1563 0.661504
0.1586 0.835584
0.1673 0.82944
0.1609 0.825344
0.2087 0.55808
0.1632 0.669696
0.1563 0.832512
0.1554 0.556032
0.1598 0.555008
0.1568 0.835584
0.156 0.672768
0.1566 0.828416
0.1566 0.822272
0.1613 0.67072
0.1582 0.678912
0.1605 0.557056
0.1609 0.556032
0.1628 0.666624
0.1615 0.817152
0.1572 0.833536
0.1604 0.841728
0.1638 0.828416
0.2678 0.832512
0.1882 0.555008
0.2419 0.825344
0.1677 0.681984
0.158 0.831488
0.1639 0.831488
0.1579 0.556032
0.1973 0.838656
0.3546 0.836608
0.1573 0.6656
0.1616 0.560128
0.1659 0.82944
0.159 0.835584
0.157 0.68608
0.158 0.555008
0.1628 0.828416
0.1626 0.827392
0.2581 0.55808
0.3473 0.684032
0.1548 0.835584
0.1571 0.832512
0.3388 0.838656
0.1592 0.831488
0.157 0.833536
0.2672 0.672768
0.1544 0.557056
0.1578 0.830464
0.1571 0.831488
0.3533 0.841728
0.2669 0.832512
0.3381 0.831488
0.1651 0.674816
0.1545 0.828416
0.1555 0.557056
0.1584 0.685056
0.1831 0.664576
0.1568 0.823296
0.1638 0.550912
0.1547 0.668672
0.1642 0.83456
0.1564 0.690176
0.3553 0.837632
0.1561 0.674816
0.1641 0.830464
0.155 0.826368
0.341 0.835584
0.1635 0.82432
0.1547 0.826368
0.1839 0.555008
0.1642 0.833536
0.1607 0.837632
0.1592 0.825344
0.3338 0.83456
0.1622 0.826368
0.1789 0.831488
0.1564 0.687104
0.3355 0.561152
0.1538 0.827392
0.3396 0.835584
0.164 0.55808
0.1621 0.827392
0.1645 0.557056
0.1542 0.68608
0.1578 0.825344
0.1606 0.82944
0.1676 0.833536
0.1694 0.835584
0.1586 0.833536
0.1646 0.559104
0.179 0.832512
0.1578 0.55808
0.1558 0.82944
0.1699 0.825344
0.1612 0.661504
0.1578 0.828416
0.16 0.826368
0.2307 0.840704
0.3486 0.555008
0.3442 0.548864
0.3507 0.560128
0.1725 0.833536
0.1566 0.557056
0.1602 0.676864
0.265 0.82944
0.1573 0.825344
0.1569 0.67072
0.3443 0.82944
0.1909 0.832512
0.3492 0.828416
0.3264 0.556032
0.3731 0.556032
0.1532 0.828416
0.1586 0.55296
0.1546 0.832512
0.161 0.830464
0.1625 0.831488
0.236 0.827392
0.1561 0.825344
0.1662 0.556032
0.2711 0.669696
0.1595 0.553984
0.3507 0.83456
0.404 0.838656
0.1591 0.560128
0.4704 0.68096
0.1594 0.840704
0.1633 0.828416
0.1598 0.831488
0.3465 0.832512
0.155 0.833536
0.1617 0.838656
0.1672 0.828416
0.1601 0.561152
0.2106 0.82432
0.3709 0.671744
0.1793 0.820224
0.1563 0.83456
0.1594 0.830464
0.2144 0.560128
0.1637 0.828416
0.1603 0.678912
0.158 0.832512
0.1528 0.823296
0.1603 0.826368
0.1609 0.82944
0.1571 0.82944
0.1582 0.683008
0.358 0.679936
0.2082 0.830464
0.1654 0.828416
0.1667 0.832512
0.2086 0.833536
0.1586 0.83456
0.2269 0.82944
0.1647 0.828416
0.3358 0.82944
0.3657 0.663552
0.2406 0.836608
0.2682 0.557056
0.1715 0.822272
0.2186 0.55808
0.1685 0.672768
0.4568 0.827392
0.1622 0.674816
0.3506 0.68608
0.3651 0.835584
0.3742 0.83456
0.3369 0.551936
0.2964 0.828416
0.1538 0.821248
0.258 0.55808
0.2154 0.835584
0.1607 0.825344
0.1632 0.683008
0.1556 0.833536
0.1637 0.83968
0.1736 0.832512
0.2099 0.830464
0.3032 0.559104
0.1595 0.700416
0.1577 0.833536
0.3091 0.83456
0.1752 0.833536
0.2851 0.557056
0.233 0.555008
0.1585 0.821248
0.1598 0.832512
0.1631 0.833536
0.2501 0.832512
0.1634 0.83456
0.1603 0.556032
0.1644 0.553984
0.166 0.55808
0.1571 0.671744
0.1885 0.555008
0.1584 0.557056
0.3454 0.671744
0.2783 0.826368
0.3388 0.832512
0.1615 0.557056
0.1808 0.55808
0.1785 0.697344
0.1559 0.674816
0.1564 0.55296
0.1586 0.671744
0.3355 0.557056
0.154 0.825344
0.1632 0.831488
0.3236 0.559104
0.3345 0.828416
0.1608 0.55808
0.1997 0.832512
0.1596 0.559104
0.1609 0.827392
0.1596 0.82944
0.1635 0.831488
0.1608 0.667648
0.156 0.823296
0.157 0.831488
0.336 0.677888
0.3522 0.685056
0.1576 0.831488
0.1652 0.82944
0.1574 0.551936
0.1579 0.671744
0.1867 0.825344
0.3542 0.551936
0.1577 0.674816
0.1668 0.82944
0.1544 0.560128
0.1544 0.664576
0.2644 0.832512
0.1906 0.832512
0.1536 0.663552
0.1568 0.832512
0.1821 0.676864
0.158 0.828416
0.1588 0.83456
0.1507 0.82944
0.1547 0.833536
0.1546 0.687104
0.3369 0.679936
0.1613 0.832512
0.157 0.832512
0.1638 0.837632
0.1671 0.669696
0.1619 0.559104
0.164 0.833536
0.1594 0.557056
0.1545 0.837632
0.1552 0.831488
0.1604 0.832512
0.1571 0.833536
0.1555 0.673792
0.1664 0.678912
0.3594 0.559104
0.2146 0.681984
0.1686 0.669696
0.1602 0.836608
0.1555 0.560128
0.1635 0.830464
0.1682 0.827392
0.3468 0.83456
0.1758 0.67584
0.1572 0.557056
0.1572 0.560128
0.1812 0.840704
0.1547 0.82944
0.2362 0.831488
0.1689 0.835584
0.1537 0.559104
0.1555 0.672768
0.1936 0.678912
0.1677 0.560128
0.1549 0.661504
0.156 0.832512
0.1578 0.83968
0.1594 0.693248
0.1546 0.83456
0.1518 0.841728
0.1713 0.836608
0.3452 0.832512
0.1838 0.83968
0.1562 0.836608
0.2067 0.826368
0.1576 0.830464
0.1579 0.666624
0.1624 0.830464
0.355 0.67072
0.1846 0.671744
0.1696 0.825344
0.1538 0.83456
0.365 0.835584
0.1905 0.828416
0.1648 0.822272
0.1849 0.68608
0.3508 0.827392
0.1961 0.55808
0.1527 0.835584
0.1629 0.560128
0.1657 0.673792
0.1614 0.559104
0.1598 0.683008
0.16 0.833536
0.1593 0.835584
0.2327 0.833536
0.3033 0.827392
0.3419 0.561152
0.154 0.82944
0.1877 0.830464
0.1559 0.832512
0.162 0.674816
0.353 0.836608
0.1597 0.560128
0.1559 0.555008
0.3371 0.8448
0.2083 0.833536
0.1989 0.673792
0.1529 0.828416
0.1578 0.831488
0.1745 0.831488
0.1586 0.669696
0.1626 0.841728
0.1627 0.838656
0.3397 0.684032
0.1558 0.674816
0.1687 0.55808
0.1541 0.835584
0.1636 0.825344
0.1556 0.831488
0.1605 0.560128
0.2 0.830464
0.1644 0.667648
0.1616 0.826368
0.1612 0.672768
0.1582 0.830464
0.153 0.560128
0.1749 0.837632
0.1673 0.82944
0.1581 0.833536
0.1589 0.698368
0.3613 0.837632
0.2646 0.693248
0.1573 0.560128
0.1665 0.83456
0.1574 0.67584
0.2073 0.82944
0.1625 0.835584
0.1682 0.82944
0.1549 0.827392
0.1587 0.557056
0.1587 0.667648
0.1544 0.82944
0.1694 0.669696
0.1633 0.674816
0.1585 0.671744
0.1618 0.668672
0.1594 0.827392
0.156 0.831488
0.1584 0.837632
0.2502 0.82432
0.357 0.560128
0.1642 0.826368
0.1602 0.82944
0.163 0.832512
0.1767 0.669696
0.3493 0.828416
0.157 0.831488
0.1529 0.831488
0.2127 0.67072
0.1588 0.835584
0.1569 0.82944
0.1549 0.828416
0.1604 0.559104
0.1608 0.831488
0.1689 0.827392
0.3526 0.667648
0.3313 0.55808
0.2389 0.674816
0.2563 0.828416
0.2631 0.562176
0.1554 0.832512
0.1544 0.832512
0.1771 0.669696
0.1568 0.831488
0.1534 0.828416
0.1545 0.559104
0.1626 0.823296
0.1587 0.559104
0.1622 0.833536
0.1627 0.672768
0.1967 0.840704
0.1587 0.83456
0.1675 0.559104
0.1555 0.831488
0.1579 0.876544
0.1708 0.843776
0.1554 0.8192
0.162 0.889856
0.162 0.892928
0.1585 0.823296
0.1555 0.821248
0.1567 0.887808
0.2343 0.896
0.1622 0.892928
0.1595 0.894976
0.1581 0.820224
0.1593 0.816128
0.1581 0.821248
0.16 0.887808
0.1653 0.584704
0.3432 0.822272
0.3424 0.894976
0.1582 0.897024
0.2163 0.90112
0.1562 0.842752
0.1653 0.896
0.3377 0.821248
0.1546 0.896
0.1632 0.585728
0.1814 0.585728
0.1548 0.886784
0.4532 0.891904
0.168 0.805888
0.1581 0.818176
0.1621 0.8192
0.1593 0.843776
0.1663 0.813056
0.16 0.887808
0.156 0.88576
0.1693 0.897024
0.1601 0.584704
0.1595 0.584704
0.1613 0.83456
0.1611 0.900096
0.1622 0.888832
0.1611 0.820224
0.1636 0.837632
0.1554 0.888832
0.2129 0.897024
0.3195 0.586752
0.154 0.887808
0.159 0.58368
0.1599 0.90112
0.1712 0.893952
0.1597 0.58368
0.1576 0.8192
0.1565 0.582656
0.3532 0.584704
0.1724 0.826368
0.158 0.889856
0.4783 0.884736
0.1611 0.818176
0.1638 0.8192
0.2629 0.887808
0.1685 0.897024
0.1957 0.879616
0.1592 0.883712
0.1633 0.585728
0.164 0.888832
0.1529 0.896
0.1613 0.585728
0.1561 0.841728
0.2148 0.832512
0.3011 0.89088
0.1635 0.58368
0.1599 0.886784
0.1648 0.88576
0.1598 0.889856
0.1559 0.889856
0.1628 0.817152
0.1642 0.893952
0.2583 0.892928
0.2419 0.82432
0.1561 0.842752
0.1693 0.838656
0.2816 0.88064
0.1623 0.817152
0.1623 0.838656
0.1617 0.891904
0.1546 0.88576
0.153 0.899072
0.1684 0.828416
0.2505 0.581632
0.1555 0.80896
0.1666 0.58368
0.1791 0.889856
0.1551 0.89088
0.3427 0.582656
0.176 0.898048
0.1892 0.89088
0.1583 0.889856
0.1595 0.886784
0.1541 0.894976
0.1578 0.892928
0.1555 0.818176
0.1609 0.585728
0.175 0.81408
0.1583 0.891904
0.1636 0.888832
0.1803 0.579584
0.1611 0.881664
0.1573 0.58368
0.1596 0.813056
0.1582 0.825344
0.1586 0.892928
0.1529 0.886784
0.1566 0.835584
0.1567 0.877568
0.1741 0.58368
0.1621 0.881664
0.3484 0.584704
0.1632 0.580608
0.1603 0.820224
0.1581 0.892928
0.1577 0.889856
0.1593 0.812032
0.1568 0.823296
0.1544 0.898048
0.1539 0.58368
0.1632 0.879616
0.1599 0.582656
0.1539 0.817152
0.1602 0.893952
0.2595 0.88576
0.1629 0.887808
0.1635 0.582656
0.1633 0.892928
0.1571 0.887808
0.3394 0.898048
0.1587 0.905216
0.1609 0.846848
0.1531 0.582656
0.1684 0.882688
0.1643 0.900096
0.1558 0.820224
0.1706 0.820224
0.3502 0.825344
0.1558 0.884736
0.1613 0.58368
0.1569 0.89088
0.1615 0.8192
0.1586 0.58368
0.1563 0.883712
0.1579 0.841728
0.1621 0.887808
0.1584 0.815104
0.3392 0.88576
0.2203 0.831488
0.1615 0.584704
0.1618 0.884736
0.1554 0.881664
0.1589 0.89088
0.159 0.817152
0.1905 0.892928
0.1586 0.840704
0.1576 0.830464
0.164 0.888832
0.1604 0.816128
0.157 0.840704
0.1935 0.582656
0.3509 0.80896
0.2338 0.811008
0.2177 0.894976
0.1555 0.88576
0.1558 0.888832
0.1669 0.580608
0.1676 0.88576
0.1677 0.821248
0.1575 0.841728
0.1585 0.817152
0.163 0.88576
0.278 0.89088
0.176 0.886784
0.1937 0.889856
0.1718 0.893952
0.1588 0.89088
0.1573 0.899072
0.1622 0.581632
0.156 0.887808
0.158 0.580608
0.1555 0.81408
0.1603 0.883712
0.1591 0.886784
0.2142 0.830464
0.1618 0.821248
0.1612 0.877568
0.161 0.580608
0.1609 0.582656
0.1646 0.817152
0.1672 0.581632
0.1603 0.888832
0.1639 0.89088
0.1663 0.801792
0.1524 0.889856
0.1826 0.804864
0.1587 0.891904
0.295 0.882688
0.3454 0.821248
0.1591 0.582656
0.1573 0.898048
0.1563 0.881664
0.3112 0.89088
0.1661 0.837632
0.156 0.893952
0.1604 0.841728
0.1569 0.581632
0.1542 0.582656
0.1591 0.878592
0.3329 0.894976
0.156 0.88064
0.1639 0.88576
0.1609 0.816128
0.1588 0.88064
0.1649 0.897024
0.2928 0.581632
0.1539 0.826368
0.1561 0.88576
0.2074 0.889856
0.16 0.887808
0.1624 0.582656
0.1585 0.837632
0.1756 0.58368
0.1584 0.883712
0.1652 0.88576
0.1777 0.817152
0.1597 0.887808
0.1814 0.896
0.1607 0.58368
0.2151 0.882688
0.1532 0.889856
0.1658 0.88064
0.165 0.893952
0.1568 0.88576
0.1825 0.892928
0.2548 0.821248
0.1595 0.88064
0.1605 0.888832
0.1553 0.828416
0.1557 0.89088
0.156 0.831488
0.1543 0.883712
0.1657 0.581632
0.159 0.897024
0.1842 0.891904
0.1632 0.581632
0.2158 0.804864
0.3164 0.843776
0.1674 0.879616
0.1583 0.821248
0.1619 0.894976
0.1566 0.820224
0.3372 0.830464
0.1549 0.886784
0.1547 0.877568
0.3306 0.58368
0.1585 0.88576
0.1644 0.82432
0.1654 0.896
0.1614 0.812032
0.1538 0.575488
0.1561 0.820224
0.3581 0.82944
0.3379 0.822272
0.1586 0.581632
0.1585 0.896
0.1586 0.832512
0.1623 0.579584
0.1615 0.898048
0.1543 0.889856
0.1782 0.89088
0.1611 0.893952
0.155 0.820224
0.1562 0.81408
0.1609 0.81408
0.3428 0.87552
0.1551 0.879616
0.16 0.898048
0.3385 0.89088
0.1612 0.893952
0.3868 0.898048
0.1765 0.884736
0.161 0.881664
0.1578 0.8192
0.1647 0.90112
0.1544 0.89088
0.1555 0.832512
0.1569 0.582656
0.1576 0.878592
0.1527 0.881664
0.1541 0.580608
0.1609 0.886784
0.1597 0.884736
0.1591 0.840704
0.1588 0.8192
0.1546 0.585728
0.3434 0.805888
0.245 0.89088
0.1587 0.892928
0.156 0.817152
0.1601 0.579584
0.4083 0.89088
0.1777 0.88064
0.1593 0.581632
0.1608 0.809984
0.1875 0.822272
0.1565 0.577536
0.1784 0.891904
0.2959 0.816128
0.1577 0.887808
0.1607 0.88576
0.1625 0.581632
0.1612 0.882688
0.1677 0.892928
0.1932 0.882688
0.1659 0.88576
0.1672 0.582656
0.1657 0.817152
0.1633 0.897024
0.4264 0.893952
0.1659 0.882688
0.1739 0.884736
0.1634 0.821248
0.1619 0.826368
0.2049 0.878592
0.3362 0.580608
0.1598 0.88064
0.1623 0.823296
0.1556 0.831488
0.1956 0.821248
0.1534 0.816128
0.1552 0.898048
0.1883 0.88576
0.3437 0.883712
0.1581 0.582656
0.1593 0.89088
0.1589 0.879616
0.1574 0.887808
0.1568 0.89088
0.1632 0.894976
0.1592 0.83968
0.1536 0.812032
0.1563 0.8448
0.1532 0.8192
0.2359 0.883712
0.1579 0.888832
0.1777 0.882688
0.1604 0.893952
0.16 0.883712
0.1573 0.888832
0.337 0.88064
0.1793 0.893952
0.1576 0.888832
0.1757 0.898048
0.1542 0.889856
0.1609 0.582656
0.2761 0.879616
0.3463 0.58368
0.1748 0.820224
0.1567 0.891904
0.1653 0.825344
0.1618 0.818176
0.1604 0.815104
0.1563 0.89088
0.1767 0.835584
0.1666 0.888832
0.179 0.811008
0.341 0.888832
0.3596 0.8192
0.2497 0.889856
0.1567 0.888832
0.337 0.88064
0.1658 0.584704
0.156 0.823296
0.1556 0.883712
0.1554 0.826368
0.1564 0.887808
0.1623 0.878592
0.1584 0.891904
0.1637 0.884736
0.2449 0.899072
0.1518 0.898048
0.2741 0.89088
0.1799 0.888832
0.158 0.582656
0.3376 0.830464
0.1635 0.881664
0.157 0.88576
0.1556 0.8192
0.2449 0.838656
0.3493 0.88576
0.1631 0.893952
0.1589 0.887808
0.1563 0.896
0.1569 0.815104
0.3345 0.58368
0.1608 0.884736
0.1618 0.892928
0.1574 0.581632
0.1615 0.89088
0.1665 0.891904
0.1742 0.81408
0.167 0.832512
0.1587 0.580608
0.1596 0.8192
0.1724 0.836608
0.1669 0.830464
0.1778 0.575488
0.1594 0.840704
0.1612 0.894976
0.1591 0.841728
0.1622 0.88064
0.1567 0.581632
0.1585 0.883712
0.1562 0.899072
0.155 0.579584
0.1667 0.894976
0.2752 0.582656
0.2815 0.584704
0.1586 0.886784
0.3887 0.828416
0.1561 0.88064
0.1589 0.582656
0.1572 0.80896
0.1622 0.817152
0.1618 0.813056
0.1604 0.896
0.1628 0.582656
0.5422 0.816128
0.1582 0.582656
0.1951 0.887808
0.2566 0.817152
0.1576 0.884736
0.1664 0.882688
0.3187 0.887808
0.1578 0.802816
0.1535 0.881664
0.3441 0.894976
0.1553 0.820224
0.1651 0.887808
0.1594 0.581632
0.1628 0.821248
0.351 0.89088
0.1687 0.88576
0.1619 0.883712
0.1767 0.826368
0.1603 0.897024
0.2022 0.891904
0.1639 0.582656
0.156 0.889856
0.1574 0.891904
0.262 0.817152
0.1637 0.877568
0.1691 0.82944
0.2393 0.899072
0.2239 0.900096
0.1635 0.894976
0.2371 0.891904
0.1529 0.799744
0.171 0.83456
0.1694 0.78336
0.1697 0.892928
0.3505 0.818176
0.3595 0.881664
0.1695 0.899072
0.1604 0.88064
0.1588 0.582656
0.255 0.896
0.1701 0.884736
0.2302 0.582656
0.1578 0.889856
0.1606 0.88064
0.1596 0.898048
0.1639 0.883712
0.1562 0.585728
0.1555 0.894976
0.2568 0.581632
0.1626 0.822272
0.3595 0.581632
0.1906 0.898048
0.3445 0.887808
0.363 0.897024
0.1741 0.886784
0.1582 0.902144
0.2788 0.884736
0.1637 0.881664
0.2464 0.579584
0.1668 0.882688
0.25 0.874496
0.3358 0.886784
0.1629 0.873472
0.3407 0.581632
0.1569 0.888832
0.3389 0.888832
0.2117 0.886784
0.1626 0.888832
0.1592 0.830464
0.3561 0.888832
0.2377 0.812032
0.16 0.820224
0.1613 0.806912
0.1596 0.884736
0.1628 0.838656
0.1607 0.812032
0.2595 0.883712
0.4693 0.820224
0.1588 0.828416
0.1644 0.815104
0.2839 0.838656
0.3443 0.58368
0.335 0.893952
0.1634 0.896
0.2375 0.806912
0.1606 0.886784
0.1571 0.823296
0.3472 0.820224
0.1639 0.580608
0.232 0.896
0.1858 0.799744
0.1698 0.580608
0.2342 0.899072
0.1628 0.581632
0.1654 0.582656
0.2525 0.883712
0.261 0.818176
0.1604 0.582656
0.1591 0.892928
0.2538 0.88576
0.2173 0.902144
0.2263 0.58368
0.1565 0.817152
0.3515 0.898048
0.3497 0.887808
0.2595 0.584704
0.2308 0.899072
0.2477 0.88576
0.2699 0.902144
0.3348 0.896
0.3354 0.584704
0.1651 0.88576
0.2433 0.815104
0.1739 0.58368
0.1599 0.828416
0.2173 0.820224
0.1599 0.886784
0.1557 0.903168
0.3435 0.891904
0.1614 0.815104
0.3423 0.815104
0.1574 0.809984
0.2756 0.585728
0.2282 0.581632
0.3358 0.88576
0.1623 0.817152
0.3337 0.881664
0.2278 0.893952
0.2513 0.894976
0.4599 0.887808
0.2651 0.887808
0.3403 0.584704
0.2406 0.884736
0.2564 0.893952
0.2755 0.888832
0.1683 0.882688
0.1574 0.903168
0.2591 0.893952
0.2542 0.888832
0.1644 0.891904
0.1578 0.89088
0.172 0.894976
