0.3536 1.51347
0.3768 1.76538
0.3196 1.51347
0.5402 1.75821
0.9374 1.7705
0.5231 1.75821
0.3481 1.7705
0.5425 1.52166
0.3387 1.7705
0.3222 1.52166
0.3759 1.81555
0.3655 1.52166
0.353 1.85958
0.4628 1.70906
0.3841 1.8176
0.3468 1.52781
0.4907 1.52576
0.3741 1.78074
0.3541 1.83808
0.352 1.83091
0.3452 1.76947
0.3448 1.82067
0.3577 1.79917
0.3452 1.75821
0.3492 1.51654
0.3758 1.74182
0.3466 1.50835
0.3601 1.52269
0.3456 1.76333
0.3473 1.51962
0.3735 1.80531
0.3558 1.51552
0.705 1.7623
0.3657 1.51654
0.3449 1.74387
0.3591 1.77766
0.3475 1.50426
0.3777 1.75206
0.8215 1.77971
0.3777 1.7623
0.3515 1.52678
0.347 1.81043
0.3432 1.77357
0.3384 1.73363
0.3509 1.75002
0.351 1.74285
0.3439 1.76333
0.4294 1.77664
0.3725 1.73568
0.3412 1.75309
0.4803 1.80019
0.7188 1.78483
0.3393 1.75514
0.3428 1.78483
0.381 1.76333
0.3402 1.75514
0.3381 1.53088
0.3469 1.51142
0.3633 1.76742
0.3381 1.74694
0.3453 1.51757
0.3633 1.76026
0.3409 1.7664
0.3408 1.76026
0.359 1.80122
0.3514 1.73363
0.3472 1.77254
0.3475 1.76742
0.3619 1.76435
0.3495 1.76128
0.3466 1.77664
0.3596 1.792
0.3673 1.7623
0.3431 1.80122
0.3621 1.50221
0.3552 1.72646
0.4457 1.77357
0.3422 1.76742
0.3597 1.5063
0.3548 1.78688
0.3711 1.792
0.3666 1.73773
0.3459 1.7623
0.3511 1.77459
0.3478 1.75514
0.3378 1.77459
0.3904 1.51347
0.4372 1.52678
0.3736 1.74592
0.3459 1.75206
0.3522 1.53907
0.3836 1.51245
0.3895 1.51859
0.3467 1.52781
0.6444 1.7705
0.347 1.52064
0.3536 1.73978
0.3505 1.79712
0.3516 1.73466
0.5179 1.79405
0.732 1.78278
0.355 1.77254
0.7264 1.76435
0.3411 1.7961
0.3514 1.54931
0.3512 1.78074
0.3415 1.49606
0.661 1.77869
0.353 1.51347
0.3477 1.79302
0.341 1.50528
0.3932 1.79405
0.3409 1.50016
0.3466 1.51552
0.3402 1.52269
0.3464 1.52166
0.5801 1.75411
0.6916 1.75718
0.3397 1.80838
0.3444 1.77459
0.6938 1.73568
0.3611 1.78995
0.6413 1.73261
0.6225 1.78893
0.5155 1.72646
0.369 1.78278
0.3484 1.76435
0.7189 1.74797
0.3466 1.52474
0.354 1.75616
0.3532 1.51347
0.7222 1.52781
0.3454 1.77562
0.3391 1.5145
0.3506 1.50835
0.5338 1.74899
0.7258 1.78278
0.4962 1.80634
0.3481 1.74797
0.3435 1.52269
0.3433 1.76333
0.352 1.75821
0.3485 1.80326
0.4228 1.75821
0.3731 1.75718
0.3513 1.82374
0.3337 1.51859
0.3476 1.75206
0.3555 1.75002
0.3554 1.74694
0.3648 1.54931
0.3462 1.50528
0.3743 1.5104
0.3407 1.76947
0.3886 1.73773
0.345 1.5319
0.3522 1.53395
0.343 1.75104
0.3526 1.74797
0.3451 1.77766
0.3663 1.73773
0.3707 1.74797
0.3506 1.76538
0.3458 1.78176
0.3387 1.77766
0.6905 1.52883
0.4566 1.7664
0.4049 1.75309
0.3849 1.7664
0.3499 1.78483
0.7108 1.74285
0.35 1.81043
0.4646 1.75309
0.5582 1.77971
0.4553 1.76435
0.3683 1.74899
0.4122 1.52371
0.3582 1.77459
0.354 1.77357
0.3458 1.5145
0.3414 1.78483
0.3629 1.48685
0.3638 1.76026
0.3454 1.52781
0.3403 1.78278
0.3471 1.75411
0.4013 1.76742
0.349 1.77254
0.3448 1.7367
0.7182 1.80019
0.3472 1.73875
0.3489 1.81043
0.3508 1.80634
0.7185 1.74285
0.3514 1.52474
0.3424 1.74182
0.5242 1.7623
0.3681 1.75923
0.6933 1.79712
0.3462 1.75411
0.4982 1.792
0.7648 1.74694
0.3473 1.51347
0.3503 1.7449
0.3454 1.50221
0.3566 1.75411
0.3957 1.52576
0.4076 1.77869
0.3303 1.74285
0.8405 1.77459
0.4851 1.74797
0.7737 1.76026
0.3965 1.78586
0.8201 1.7705
0.3395 1.78074
0.3576 1.5401
0.3743 1.76333
0.3552 1.80736
0.3472 1.78893
0.4069 1.51347
0.8447 1.82272
0.3454 1.78995
0.3556 1.78074
0.3478 1.75002
0.3652 1.75411
0.3439 1.76947
0.3412 1.76333
0.4454 1.51142
0.3459 1.52781
0.3376 1.74694
0.3499 1.74182
0.3579 1.52371
0.3458 1.51859
0.3449 1.75923
0.4375 1.73466
0.3445 1.51347
0.3407 1.51962
0.6871 1.75309
0.3409 1.7623
0.3392 1.78995
0.725 1.77459
0.7794 1.75002
0.7295 1.50016
0.3549 1.80019
0.4167 1.81965
0.3458 1.50528
0.5968 1.75514
0.3443 1.72237
0.3592 1.76947
0.3661 1.77971
0.343 1.81146
0.3497 1.51859
0.4194 1.75309
0.3356 1.75309
0.3465 1.8135
0.348 1.5063
0.3656 1.76845
0.3776 1.82784
0.6886 1.77971
0.7664 1.51654
0.6468 1.75923
0.4905 1.80224
0.3402 1.76435
0.6586 1.77152
0.3511 1.77869
0.3448 1.75002
0.348 1.52269
0.3483 1.81248
0.3448 1.52576
0.431 1.53498
0.6674 1.72954
0.3469 1.73568
0.6048 1.77562
0.4147 1.72851
0.3403 1.8135
0.7588 1.76333
0.7383 1.76026
0.7258 1.79814
0.6135 1.78483
0.8007 1.75309
0.3375 1.76333
0.3428 1.51757
0.4138 1.77152
0.4351 1.80634
0.3597 1.76435
0.3639 1.52678
0.3539 1.74285
0.3538 1.52576
0.3899 1.51142
0.4438 1.53498
0.3518 1.78586
0.4244 1.52883
0.3448 1.5104
0.3594 1.75821
0.3941 1.52474
0.347 1.52474
0.4882 1.7705
0.7623 1.78688
0.3448 1.52371
0.3444 1.77459
0.3544 1.75821
0.383 1.74285
0.3448 1.77254
0.3796 1.75718
0.3523 1.76845
0.3441 1.74797
0.4076 1.75411
0.349 1.77664
0.481 1.78586
0.3781 1.50323
0.346 1.78176
0.3374 1.80326
0.3563 1.75309
0.3543 1.73978
0.3514 1.54829
0.3749 1.77562
0.3798 1.77357
0.3415 1.81658
0.3624 1.74285
0.3833 1.74899
0.4065 1.79507
0.3548 1.75514
0.3563 1.51552
0.3478 1.50733
0.3591 1.51347
0.3438 1.7367
0.3443 1.78381
0.415 1.76947
0.3435 1.5145
0.347 1.7705
0.3762 1.77254
0.3582 1.81043
0.4004 1.75411
0.4958 1.52678
0.4062 1.52474
0.3431 1.75616
0.3577 1.7408
0.3705 1.50835
0.3379 1.73466
0.3615 1.51962
0.3427 1.54214
0.3432 1.50016
0.4004 1.74592
0.3485 1.77254
0.3457 1.75309
0.7166 1.76128
0.3486 1.74285
0.7725 1.76128
0.563 1.51552
0.3339 1.52883
0.7608 1.76947
0.4041 1.76742
0.3445 1.7623
0.3479 1.76128
0.3998 1.78483
0.3473 1.50733
0.4113 1.77971
0.4499 1.75206
0.6232 1.78586
0.3508 1.51245
0.3399 1.53293
0.4007 1.79917
0.3535 1.49504
0.3538 1.75718
0.3439 1.77459
0.3684 1.52269
0.3556 1.7664
0.3418 1.77971
0.3554 1.79814
0.3872 1.77664
0.3364 1.53088
0.3509 1.72646
0.5123 1.51654
0.3373 1.79405
0.3493 1.76845
0.3956 1.52064
0.3785 1.81453
0.3474 1.81965
0.3543 1.7664
0.3448 1.78176
0.351 1.51347
0.4636 1.52166
0.5848 1.74797
0.3587 1.77459
0.3616 1.73978
0.7087 1.77869
0.3422 1.81248
0.3501 1.53293
0.3551 1.80224
0.3409 1.74387
0.3629 1.78483
0.4093 1.75309
0.3902 1.7623
0.7458 1.74899
0.509 1.80019
0.5706 1.74899
0.3589 1.81248
0.5173 1.77562
0.3479 1.77562
0.3523 1.75309
0.3826 1.76435
0.3444 1.536
0.3591 1.50221
0.7707 1.78688
0.3496 1.75821
0.3488 1.77869
0.7234 1.50323
0.351 1.75309
0.3529 1.74592
0.3704 1.51142
0.3524 1.7705
0.3547 1.76333
0.3385 1.77152
0.3424 1.80634
0.3627 1.76947
0.4191 1.78893
0.342 1.77459
0.3649 1.74592
0.3464 1.75616
0.3459 1.78176
0.3568 1.7879
0.3473 1.75514
0.3803 1.51859
0.346 1.78381
0.3697 1.81043
0.3488 1.50426
0.3484 1.51962
0.3686 1.76947
0.3471 1.75002
0.3498 1.75923
0.3843 1.52166
0.7016 1.5145
0.811 1.50528
0.3474 1.5319
0.3705 1.81043
0.3628 1.75206
0.4035 1.79712
0.3494 1.80838
0.3548 1.80531
0.3533 1.51757
0.3389 1.74592
0.4005 1.78176
0.6173 1.76947
0.5425 1.78893
0.3529 1.76026
0.3455 1.52986
0.8719 1.74182
0.3608 1.76026
0.3477 1.52166
0.3472 1.77459
0.5017 1.73568
0.3428 1.73875
0.7418 1.77562
0.3761 1.76742
0.3994 1.80019
0.5276 1.74182
0.4581 1.73261
0.3693 1.53293
0.3429 1.80736
0.3563 1.75309
0.3488 1.52064
0.38 1.52883
0.35 1.77152
0.3421 1.75923
0.3481 1.71418
0.3515 1.5145
0.3481 1.77152
0.3512 1.76128
0.3535 1.81146
0.3371 1.7408
0.7336 1.50733
0.4003 1.74182
0.3408 1.74592
0.3467 1.77766
0.3786 1.7408
0.348 1.49504
0.3474 1.75616
0.3571 1.78176
0.3457 1.78278
0.3446 1.72544
0.4469 1.78995
0.359 1.76538
0.3467 1.51757
0.3605 1.51347
0.3706 1.52678
0.3674 1.7879
0.3568 1.76333
0.3578 1.75821
0.3406 1.51552
0.3794 1.80224
0.3698 1.52986
0.3443 1.75821
0.3581 1.7664
0.7385 1.52371
0.3469 1.75206
0.3525 1.74592
0.3614 1.77971
0.4078 1.52781
0.5362 1.80326
0.3495 1.74899
0.3674 1.78074
0.3742 1.83296
0.3422 1.53498
0.3615 1.50426
0.3507 1.76845
0.3411 1.78074
0.6511 1.51245
0.352 1.5063
0.3493 1.81043
0.3426 1.86573
0.3583 1.78483
0.3364 1.76845
0.664 1.53498
0.3473 1.52269
0.3538 1.52883
0.4676 1.73568
0.6247 1.74592
0.3508 1.73158
0.4319 1.74899
0.4264 1.75718
0.3498 1.53907
0.3667 1.7879
0.3555 1.51347
0.3834 1.77664
0.3514 1.73875
0.3699 1.52064
0.3476 1.51245
0.3691 1.76435
0.5507 1.78074
0.3673 1.7705
0.3928 1.80634
0.5333 1.52883
0.3566 1.73875
0.3485 1.7623
0.3519 1.7408
0.3313 1.75821
0.3489 1.78278
0.6711 1.49811
0.3431 1.73978
0.3457 1.77459
0.3443 1.74285
0.3751 1.7961
0.3604 1.73466
0.3986 1.78074
0.3449 1.5401
0.3713 1.74387
0.3668 1.75923
0.3426 1.49811
0.3534 1.75514
0.3774 1.52269
0.3482 1.80531
0.3488 1.80122
0.3694 1.50118
0.3966 1.50733
0.3565 1.80122
0.3653 1.50016
0.3429 1.78483
0.3935 1.78483
0.4168 1.50426
0.3474 1.76947
0.3395 1.75002
0.3547 1.52269
0.3939 1.49709
0.3457 1.76538
0.4099 1.5401
0.3844 1.80634
0.344 1.5063
0.3537 1.74592
0.3389 1.77664
0.3463 1.79507
0.3546 1.5063
0.3474 1.74694
0.3998 1.53805
0.3789 1.51654
0.3462 1.7705
0.3894 1.5063
0.3882 1.7408
0.3459 1.78278
0.4075 1.536
0.3648 1.77971
0.3437 1.81658
0.4398 1.77357
0.3492 1.49299
0.3547 1.74899
0.3631 1.77459
0.3469 1.74694
0.3525 1.50221
0.5503 1.76435
0.5136 1.52064
0.8525 1.78381
0.4572 1.75309
0.606 1.75206
0.7016 1.81658
0.3511 1.50938
0.3457 1.76845
0.3512 1.76845
0.3685 1.51347
0.3439 1.51347
0.3456 1.75514
0.3656 1.74592
0.3653 1.50733
0.6505 1.73978
0.6095 1.75514
0.345 1.76026
0.3776 1.7705
0.4095 1.72032
0.4064 1.536
0.4169 1.7705
0.3472 1.74899
0.4105 1.77254
0.3579 1.79098
0.3465 1.50733
0.3494 1.50938
0.3501 1.76538
0.3521 1.5063
0.3525 1.73466
0.3464 1.74592
0.3418 1.78074
0.3713 1.7705
0.3424 1.76742
0.3459 1.74285
0.3961 1.75104
0.3705 1.78278
0.3449 1.72954
0.3542 1.52371
0.3417 1.77152
0.3625 1.5319
0.3425 1.75514
0.3487 1.79302
0.344 1.79814
0.3671 1.53088
0.5983 1.74797
0.3622 1.5104
0.3676 1.53395
0.353 1.73466
0.366 1.77869
0.3479 1.75821
0.3686 1.77562
0.3794 1.76333
0.3439 1.52474
0.3462 1.52269
0.3487 1.75616
0.3439 1.76538
0.341 1.73773
0.3747 1.74694
0.7125 1.72032
0.3461 1.73056
0.355 1.80941
0.689 1.50118
0.3497 1.77971
0.3617 1.77971
0.3979 1.76742
0.3413 1.76742
0.3469 1.74387
0.3689 1.74694
0.3505 1.80941
0.3525 1.74182
0.365 1.81146
0.3459 1.52371
0.6712 1.74694
0.7873 1.51245
0.3573 1.75411
0.347 1.52371
0.3646 1.7705
0.3492 1.77459
0.7071 1.77869
0.7243 1.77152
0.3761 1.73773
0.3652 1.74387
0.5784 1.75309
0.5428 1.52883
0.3588 1.75002
0.3397 1.75104
0.3486 1.76128
0.3519 1.75206
0.6313 1.75616
0.343 1.52269
0.3427 1.75309
0.4682 1.51552
0.5747 1.75206
0.3416 1.75002
0.3819 1.75309
0.3445 1.76742
0.8535 1.75206
0.3515 1.81965
0.3454 1.49914
0.3497 1.75309
0.3939 1.76538
0.3834 1.75821
0.3517 1.52474
0.3506 1.7705
0.369 1.70701
0.5863 1.73363
0.4101 1.70394
0.4024 1.70906
0.7242 1.65888
0.3883 1.57798
0.3443 1.664
0.3657 1.67834
0.5225 1.96915
0.3504 1.9241
0.4079 1.66912
0.3488 1.8903
0.3428 1.9159
0.3544 1.8473
0.3524 1.8903
0.3453 1.85856
0.3475 1.83706
0.3571 1.87494
0.4226 1.88928
0.351 1.87904
0.4487 1.5616
0.3493 1.87085
0.3445 1.83194
0.6912 1.82067
0.698 1.79814
0.3408 1.85651
0.7321 1.8647
0.3788 1.55853
0.3447 1.80634
0.3439 1.87597
0.3486 1.8135
0.3415 1.85242
0.4268 1.80429
0.3608 1.55853
0.3749 1.89133
0.3505 1.82886
0.3484 1.90259
0.3512 1.88314
0.3524 1.92102
0.35 1.9241
0.3401 1.88826
0.3537 1.94048
0.3412 1.97632
0.3423 1.89645
0.3759 1.95891
0.4036 1.65376
0.7843 1.65478
0.379 1.59744
0.3974 1.70291
0.3431 1.46842
0.3507 1.70803
0.3528 1.4633
0.355 1.47968
0.3557 1.48992
0.346 1.73056
0.5969 1.7664
0.5795 1.78176
0.4071 1.54624
0.3368 1.57901
0.348 1.7961
0.407 1.81146
0.7477 1.8432
0.343 1.81043
0.352 1.59334
0.423 1.91181
0.3619 1.86778
0.3823 1.85754
0.3404 1.87597
0.4314 1.8647
0.3508 1.62202
0.3513 1.86982
0.3376 1.86163
0.3563 1.61587
0.339 1.87187
0.7901 1.88928
0.661 1.93126
0.3445 1.88621
0.3848 1.88826
0.3631 1.86573
0.6697 1.8688
0.35 1.61485
0.4895 1.86061
0.5485 1.87597
0.3567 1.62099
0.3511 1.84934
0.3424 1.87392
0.3508 1.59642
0.347 1.85651
0.352 1.58106
0.3452 1.55034
0.3456 1.78688
0.3639 1.55034
0.3653 1.76538
0.4641 1.76435
0.3504 1.77459
0.6467 1.54522
0.3568 1.72544
0.3702 1.78381
0.3496 1.72237
0.3503 1.76538
0.3482 1.47354
0.3524 1.58003
0.3542 1.34554
0.3528 1.69472
0.3486 1.98758
0.695 1.98554
0.4492 1.67526
0.6948 1.9415
0.3466 1.95584
0.3536 1.62304
0.3836 1.91386
0.3506 1.90464
0.3436 1.89542
0.3544 1.8944
0.344 1.58106
0.3436 1.8729
0.3492 1.8432
0.3557 1.5319
0.3695 1.76435
0.3527 1.82067
0.3648 1.79507
0.3446 1.79814
0.3739 1.78586
0.3733 1.71725
0.3538 1.75821
0.3513 1.74285
0.6571 1.76128
0.3363 1.75718
0.349 1.72544
0.384 1.63533
0.6489 1.99987
0.3476 1.664
0.3455 1.98451
0.3741 2.0009
0.4025 1.92307
0.3733 1.9671
0.3545 1.8985
0.4297 1.88314
0.3434 1.62714
0.368 1.89952
0.3606 1.85549
0.3567 1.86163
0.3417 1.8473
0.3477 1.84013
0.3431 1.79507
0.3361 1.56877
0.3519 1.86778
0.3621 1.85754
0.3431 1.79814
0.3459 1.83194
0.3577 1.85037
0.4871 1.82989
0.3753 1.81248
0.3499 1.7961
0.6045 1.82477
0.7555 1.46944
0.3383 1.70496
0.7224 1.75821
0.3396 1.74285
0.3363 1.65786
0.3643 1.70803
0.3789 1.7152
0.357 1.68448
0.377 1.65478
0.3594 1.39571
0.3226 1.65274
0.3417 1.62406
0.6047 1.63635
0.4154 1.64352
0.3285 1.63021
0.5071 1.61485
0.3578 1.63738
0.365 1.59846
0.6629 1.35066
0.33 1.31277
0.3333 1.66502
0.3289 1.61792
0.3276 1.61485
0.3405 1.30253
0.3528 1.61997
0.3155 1.52986
0.6223 1.48787
0.5127 1.51552
0.3894 1.52371
0.3404 1.44998
0.3288 1.44384
0.6623 1.45306
0.6735 1.45715
0.3429 1.51347
0.3257 1.50118
0.4286 1.50835
0.3462 1.47251
0.3503 1.42029
0.3265 1.49811
0.3322 1.17862
0.3285 1.18272
0.3288 1.48378
0.3542 1.48378
0.3476 1.41005
0.3496 1.41414
0.3351 1.37523
0.3301 1.68346
0.327 1.6855
0.4894 1.37318
0.3284 1.67731
0.323 1.61894
0.3253 1.68038
0.3435 1.61587
0.3316 1.60973
0.3203 1.67117
0.3299 1.67629
1.0416 1.66195
0.3658 1.59949
0.4967 1.68141
0.3311 1.62099
0.6216 1.6128
0.33 1.5872
0.3234 1.68141
0.3298 1.37216
0.346 1.64557
0.3302 1.67322
0.3305 1.67219
0.3365 1.63942
0.33 1.64454
0.3255 1.67014
0.3447 1.67424
0.6612 1.61792
0.7474 1.67731
0.3304 1.67731
0.6149 1.36909
0.5741 1.3783
0.3235 1.67322
0.3236 1.70086
0.337 1.67936
0.3224 1.61894
0.3292 1.68755
0.3632 1.68243
0.3294 1.68755
0.3304 1.66502
0.3363 1.62304
0.3898 1.67834
0.337 1.38547
0.3672 1.37216
0.3556 1.60973
0.3375 1.67629
0.3208 1.62304
0.4094 1.67731
0.3679 1.61178
0.326 1.6681
0.3327 1.68755
0.3361 1.60666
0.4108 1.66707
0.5575 1.68755
0.3228 1.60666
0.3403 1.38445
0.3272 1.61997
0.3328 1.6937
0.6994 1.61792
0.3985 1.37011
0.3343 1.68653
0.3276 1.60666
0.3234 1.36909
0.3227 1.61485
0.3309 1.61894
0.344 1.63123
0.3537 1.65888
0.3288 1.37523
0.3314 1.62304
0.3175 1.68038
0.3273 1.37114
0.3362 1.69677
0.3218 1.67731
0.3627 1.68448
0.3406 1.6681
0.3307 1.6128
0.328 1.59744
0.3387 1.68141
0.3405 1.67834
0.3328 1.67424
0.3191 1.60358
0.327 1.37728
0.3385 1.68038
0.3307 1.6855
0.3225 1.59949
0.3262 1.68653
0.3162 1.66298
0.3368 1.68448
0.3502 1.61792
0.5143 1.68653
0.3492 1.68755
0.336 1.64762
0.3361 1.3783
0.3533 1.64045
0.3324 1.67526
0.3627 1.63635
0.3497 1.67424
0.3372 1.67629
0.336 1.61894
0.3324 1.66195
0.3314 1.69472
0.3292 1.67629
0.4533 1.66707
0.429 1.68346
0.3712 1.66707
0.3469 1.67117
0.3275 1.67014
0.371 1.66298
0.3263 1.664
0.332 1.66912
0.3267 1.66195
0.3235 1.5913
0.4432 1.59027
0.3753 1.60666
0.3378 1.63738
0.3282 1.55136
0.3655 1.63738
0.321 1.62202
0.3676 1.62816
0.3492 1.56877
0.3317 1.57798
0.3221 1.60666
0.3313 1.62509
0.3353 1.61075
0.3246 1.6128
0.6125 1.54112
0.6795 1.30867
0.3267 1.58618
0.3306 1.60358
0.3614 1.29946
0.3445 1.59539
0.3369 1.58515
0.3373 1.59437
0.4193 1.48582
