0.482 1.57184
0.31 1.32301
0.3096 1.57184
0.2703 1.32301
0.2419 1.23904
0.3293 1.32301
0.2024 1.23904
0.1772 1.45715
0.2117 1.23904
0.175 1.45715
0.2118 1.2329
0.3227 1.58003
0.3356 1.62918
0.2774 1.31482
0.315 1.536
0.5472 1.32198
0.2374 1.536
0.2777 1.62611
0.2342 1.62918
0.398 1.52474
0.2396 1.5319
0.2438 1.62816
0.2333 1.33018
0.2619 1.55238
0.2368 1.5401
0.5751 1.53498
0.4615 1.52678
0.2647 1.56058
0.4854 1.52371
0.2407 1.54112
0.2291 1.54726
0.4753 1.54317
0.2722 1.62816
0.2562 1.6343
0.2842 1.32198
0.232 1.55546
0.2414 1.53293
0.247 1.63123
0.2648 1.55136
0.4783 1.56058
0.2393 1.63533
0.4728 1.55341
0.2674 1.52576
0.4193 1.5401
0.2717 1.32608
0.3705 1.55443
0.4091 1.67014
0.2557 1.54829
0.4733 1.31994
0.5361 1.31994
0.3955 1.536
0.4573 1.62918
0.2702 1.54829
0.2562 1.55546
0.2513 1.54829
0.2374 1.54522
0.2355 1.32198
0.2618 1.32506
0.2319 1.54726
0.2431 1.31789
0.2464 1.53088
0.2788 1.63738
0.2513 1.32403
0.2489 1.63021
0.2714 1.55443
0.2571 1.31891
0.2563 1.62406
0.4384 1.32608
0.2641 1.32301
0.2327 1.54624
0.2281 1.32301
0.2467 1.32198
0.27 1.62816
0.2337 1.63533
0.249 1.54624
0.3763 1.62714
0.2687 1.53805
0.2398 1.63021
0.2447 1.54317
0.3251 1.62509
0.2416 1.33018
0.4621 1.53293
0.2692 1.52986
0.2644 1.54829
0.2464 1.54829
0.2624 1.33018
0.3075 1.54214
0.2599 1.31994
0.2419 1.54829
0.2382 1.32198
0.2355 1.536
0.2527 1.62406
0.244 1.52678
0.239 1.63328
0.3027 1.56467
0.2328 1.54624
0.2548 1.32915
0.2388 1.55443
0.2841 1.53907
0.2724 1.52371
0.4564 1.62714
0.2381 1.54624
0.2691 1.53498
0.2699 1.53293
0.2552 1.56672
0.2436 1.55443
0.3016 1.54419
0.2278 1.55238
0.2447 1.55853
0.476 1.62918
0.3567 1.54419
0.2407 1.5319
0.2469 1.67834
0.4586 1.56262
0.2389 1.54419
0.2335 1.536
0.2527 1.55238
0.2619 1.09978
0.2274 1.09158
0.2384 1.09363
0.2343 1.09056
0.2484 1.08646
0.2367 1.08851
0.6054 1.08749
0.2773 1.09056
0.2362 1.08544
0.2437 1.08749
0.2346 1.08749
0.2812 1.08851
0.2307 1.09056
0.2839 1.08646
0.2364 1.08646
0.269 1.08851
0.2523 1.08544
0.2449 1.08646
0.3384 1.08851
0.485 1.08954
0.4665 1.08544
0.2388 1.08339
0.3667 1.08851
0.2549 1.08749
0.2447 1.08954
0.4495 1.08954
0.2591 1.08954
0.2544 1.08646
0.4629 1.08851
0.2393 1.08442
0.5094 1.08851
0.4442 1.08749
0.2484 1.08749
0.4302 1.09261
0.4899 1.08544
0.2464 1.08544
0.252 1.08442
0.2549 1.5319
0.2344 1.08749
0.263 1.08544
0.238 1.08851
0.2617 1.08544
0.2389 1.08544
0.2804 1.08749
0.2715 1.08544
0.2686 1.08851
0.2375 1.08646
0.2564 1.08646
0.2453 1.08442
0.2545 1.08544
0.2354 1.09363
0.2503 1.08544
0.3383 1.08954
0.238 1.08544
0.2654 1.08646
0.534 1.08442
0.3059 1.09056
0.2672 1.56467
0.4731 1.08544
0.235 1.08749
0.2644 1.08749
0.2275 1.08544
0.2355 1.08851
0.2376 1.08544
0.2852 1.08544
0.4336 1.08544
0.2342 1.08442
0.2882 1.08851
0.2589 1.08544
0.2653 1.08749
0.2376 1.08851
0.2767 1.08646
0.2683 1.08851
0.239 1.08954
0.3167 1.51962
0.2737 1.08646
0.2321 1.08851
0.2474 1.08646
0.3804 1.08339
0.2562 1.08749
0.2702 1.08442
0.2393 1.08851
0.3448 1.52064
0.4259 1.08749
0.269 1.08544
0.2674 1.08749
0.2752 1.08544
0.2428 1.08544
0.2372 1.08237
0.2336 1.08851
0.2552 1.08749
0.2391 1.08544
0.3236 1.08544
0.2661 1.08237
0.2608 1.08646
0.2394 1.08851
0.2408 1.08646
0.2533 1.08646
0.2509 1.08646
0.2426 1.08339
0.2336 1.08646
0.2581 1.08851
0.2521 1.08442
0.2329 1.08544
0.2463 1.08237
0.2745 1.08646
0.2325 1.08544
0.4553 1.08544
0.2512 1.08646
0.2918 1.08544
0.2525 1.08544
0.2526 1.08851
0.4444 1.08851
0.2338 1.08339
0.2459 1.08646
0.239 1.08442
0.2836 1.08544
0.2528 1.08646
0.2401 1.08646
0.2359 1.08544
0.2587 1.08544
0.2344 1.08851
0.273 1.08749
0.2395 1.08544
0.2522 1.08954
0.2566 1.08749
0.2369 1.08749
0.319 1.08851
0.2334 1.08544
0.2688 1.08442
0.3359 1.08339
0.2725 1.09261
0.2396 1.08442
0.2394 1.08851
0.2432 1.08544
0.2622 1.08544
0.2363 1.08851
0.2519 1.08544
0.2292 1.08749
0.257 1.08851
0.2467 1.08134
0.2382 1.08339
0.3031 1.52269
0.4078 1.08749
0.256 1.08544
0.2346 1.08646
0.2521 1.08749
0.2353 1.08851
0.2341 1.08237
0.2364 1.08749
0.2523 1.08442
0.2508 1.08442
0.2343 1.08237
0.2579 1.08646
0.2648 1.08646
0.4629 1.08954
0.2447 1.08544
0.2342 1.08851
0.2387 1.08646
0.2519 1.08646
0.4361 1.08749
0.2576 1.08544
0.2625 1.08442
0.2463 1.09158
0.2435 1.08954
0.2457 1.08646
0.2568 1.08237
0.2354 1.08646
0.2304 1.08237
0.2426 1.08646
0.2556 1.08237
0.2696 1.08646
0.3531 1.08646
0.3062 1.08749
0.2641 1.08646
0.2341 1.08646
0.4211 1.08749
0.2562 1.08851
0.2324 1.08646
0.2583 1.08749
0.2408 1.08544
0.256 1.08544
0.2597 1.08646
0.4862 1.08851
0.4264 1.08544
0.2869 1.08851
0.2357 1.08544
0.245 1.08339
0.279 1.08442
0.2361 1.09363
0.4627 1.08339
0.2355 1.08749
0.2569 1.09056
0.2372 1.08749
0.2711 1.08749
0.2359 1.09056
0.2732 1.08851
0.4855 1.08339
0.4035 1.08749
0.2377 1.08646
0.3021 1.09056
0.2389 1.08134
0.237 1.08749
0.3299 1.08339
0.2318 1.08749
0.2773 1.08646
0.2383 1.08749
0.3996 1.08544
0.2394 1.08442
0.2391 1.08851
0.2842 1.09363
0.2616 1.08851
0.2433 1.51962
0.249 1.08749
0.2626 1.55853
0.2615 1.08646
0.2325 1.32403
0.2539 1.08442
0.2469 1.08544
0.4193 1.08749
0.2419 1.09466
0.2434 1.08442
0.2572 1.08339
0.2331 1.08339
0.2337 1.08339
0.2357 1.08442
0.2531 1.08237
0.2566 1.08237
0.2325 1.09158
0.2461 1.09158
0.2567 1.54624
0.26 1.09158
0.2416 1.09261
0.264 1.09568
0.2565 1.50733
0.2443 1.09773
0.2434 1.09466
0.2616 1.0967
0.239 1.0967
0.2342 1.1049
0.2373 1.0967
0.2621 1.09773
0.2555 1.09568
0.271 1.09773
0.2487 1.0967
0.256 1.09773
0.2569 1.09978
0.2409 1.09568
0.2856 1.0967
0.2603 1.09875
0.2576 1.0967
0.2965 1.09773
0.2587 1.09773
0.2356 1.0967
0.2328 1.0967
0.2287 1.09875
0.2593 1.0967
0.3635 1.09875
0.3256 1.1008
0.2973 1.0967
0.2656 1.09875
0.2427 1.10285
0.2343 1.09773
0.2343 1.0967
0.234 1.0967
0.2537 1.55238
0.2387 1.10182
0.4113 1.09875
0.4325 1.0967
0.2612 1.09978
0.2403 1.10387
0.2562 1.1008
0.2369 1.1008
0.238 1.0967
0.477 1.09875
0.2688 1.0967
0.2347 1.09773
0.2464 1.10285
0.3264 1.10182
0.2762 1.09568
0.3153 1.09978
0.3484 1.09568
0.2773 1.09875
0.2463 1.0967
0.2433 1.09773
0.269 1.61178
0.2641 1.09568
0.2349 1.09568
0.2313 1.09875
0.2423 1.09773
0.2632 1.09773
0.2294 1.09773
0.2535 1.09773
0.237 1.09568
0.2453 1.09773
0.2388 1.09875
0.2391 1.09773
0.312 1.09978
0.4556 1.09773
0.2469 1.09875
0.2525 1.0967
0.2543 1.10285
0.2559 1.10182
0.237 1.31174
0.2394 1.09568
0.2677 1.09568
0.2409 1.09773
0.2478 1.09875
0.2518 1.09773
0.2435 1.09773
0.2375 1.09773
0.2374 1.09875
0.259 1.09875
0.2395 1.09568
0.3058 1.09773
0.2391 1.1008
0.2622 1.09875
0.2416 1.0967
0.237 1.1008
0.3036 1.09466
0.2637 1.0967
0.2641 1.09568
0.2394 1.09773
0.2608 1.1008
0.2377 1.09363
0.3967 1.3097
0.2401 1.09875
0.468 1.09978
0.2378 1.0967
0.2494 1.09568
0.2385 1.09875
0.2669 1.09773
0.2389 1.0967
0.2374 1.0967
0.2566 1.09875
0.2691 1.09978
0.2359 1.0967
0.2345 1.0967
0.2379 1.09568
0.2481 1.09568
0.4433 1.10387
0.2615 1.0967
0.3535 1.1008
0.2355 1.54214
0.3281 1.09773
0.2335 1.09773
0.2538 1.09568
0.4217 1.09875
0.2497 1.0967
0.2598 1.09978
0.2658 1.09875
0.2474 1.0967
0.2595 1.0967
0.4679 1.10182
0.2478 1.09978
0.2643 1.09875
0.2476 1.1008
0.2604 1.0967
0.2355 1.10182
0.2381 1.0967
0.2416 1.09875
0.258 1.09875
0.423 1.0967
0.2365 1.09978
0.2352 1.09773
0.4464 1.0967
0.237 1.09875
0.4255 1.09466
0.2698 1.09773
0.2355 1.0967
0.2612 1.09875
0.4257 1.09978
0.2778 1.0967
0.2308 1.0967
0.244 1.09773
0.2397 1.31584
0.2585 1.09875
0.2594 1.0967
0.2454 1.09875
0.2437 1.09568
0.2694 1.09875
0.2367 1.09773
0.455 1.09978
0.2647 1.09773
0.2351 1.1049
0.2864 1.0967
0.237 1.0967
0.2771 1.54624
0.2683 1.09568
0.4255 1.09773
0.2764 1.53293
0.3518 1.10285
0.2298 1.09773
0.2392 1.09978
0.253 1.09875
0.2647 1.09875
0.2637 1.09773
0.2338 1.09875
0.4241 1.09773
0.4007 1.0967
0.2498 1.09568
0.2373 1.61894
0.5136 1.09568
0.2596 1.09875
0.2358 1.09773
0.2493 1.09568
0.2584 1.09773
0.2412 1.09773
0.4284 1.09773
0.2378 1.09875
0.269 1.09466
0.2529 1.0967
0.2709 1.53805
0.2564 1.55238
0.2356 1.66298
0.2497 1.0967
0.2456 1.0967
0.2567 1.09875
0.2461 1.09568
0.2397 1.09978
0.2477 1.09875
0.2591 1.09875
0.2331 1.09978
0.2301 1.09875
0.24 1.09875
0.2682 1.61485
0.2335 1.09568
0.2801 1.09773
0.2742 1.53088
0.3765 1.0967
0.3837 1.09773
0.4699 1.0967
0.2732 1.09978
0.242 1.09568
0.4863 1.09363
0.2652 1.09875
0.2494 1.09363
0.2603 1.09875
0.2412 1.09363
0.2306 1.09875
0.2375 1.09773
0.26 1.0967
0.2424 1.09568
0.2278 1.09568
0.2608 1.09978
0.2642 1.09773
0.2532 1.1008
0.2493 1.0967
0.2726 1.55238
0.2346 1.0967
0.235 1.09875
0.2545 1.0967
0.292 1.09773
0.4565 1.09773
0.2396 1.0967
0.2403 1.09773
0.2515 1.1008
0.2674 1.62714
0.2507 1.0967
0.2627 1.09875
0.2449 1.09875
0.2482 1.09773
0.2361 1.10182
0.2636 1.09875
0.2347 1.09568
0.2314 1.0967
0.2414 1.10182
0.2885 1.09773
0.2338 1.09773
0.2461 1.66195
0.3054 1.09875
0.2633 1.09568
0.2419 1.09978
0.2399 1.09773
0.2508 1.0967
0.2805 1.0967
0.2457 1.10797
0.2633 1.0967
0.3118 1.09568
0.3964 1.09978
0.4718 1.1008
0.2556 1.0967
0.502 1.50733
0.2481 1.09978
0.2716 1.09978
0.2469 1.09568
0.2525 1.09773
0.2391 1.0967
0.2474 1.09978
0.4045 1.09466
0.2538 1.09568
0.2341 1.0967
0.2385 1.09773
0.2591 1.09875
0.3088 1.1008
0.2543 1.09773
0.4638 1.09773
0.4541 1.09978
0.2338 1.09978
0.4537 1.0967
0.4236 1.09875
0.2695 1.09875
0.2372 1.1008
0.2341 1.0967
0.2421 1.09568
0.2522 1.09875
0.2552 1.09773
0.4534 1.09875
0.2792 1.09875
0.248 1.09773
0.2361 1.0967
0.2575 1.09875
0.2551 1.09773
0.2348 1.09568
0.2432 1.09875
0.2369 1.09875
0.2513 1.1008
0.2408 1.0967
0.427 1.09773
0.2664 1.0967
0.249 1.09978
0.2831 1.0967
0.2335 1.54419
0.2927 1.09978
0.2391 1.09773
0.4609 1.5319
0.2663 1.0967
0.2562 1.09875
0.2375 1.53907
0.2319 1.09773
0.4447 1.0967
0.2745 1.0967
0.2364 1.09773
0.2476 1.09773
0.2595 1.0967
0.2478 1.1008
0.2508 1.09466
0.441 1.09568
0.2558 1.09875
0.2446 1.09773
0.4181 1.09978
0.2355 1.0967
0.2591 1.09875
0.3677 1.0967
0.2357 1.09773
0.4527 1.09773
0.2622 1.0967
0.4258 1.09261
0.4329 1.09773
0.5086 1.0967
0.2409 1.09978
0.2415 1.54624
0.2385 1.09875
0.2722 1.10285
0.2374 1.09466
0.2611 1.09773
0.2641 1.09978
0.3063 1.09466
0.4513 1.09261
0.2399 1.09363
0.2671 1.09466
0.2572 1.09363
0.2554 1.09158
0.2431 1.08544
0.2534 1.08749
0.238 1.08237
0.2433 1.08339
0.4286 1.08134
0.2667 1.08237
0.4691 1.08032
0.2559 1.07622
0.2382 1.0711
0.2581 1.07008
0.245 1.0711
0.238 1.07418
0.2474 1.07418
0.251 1.07622
0.2411 1.0752
0.2475 1.0752
0.254 1.06598
0.3891 1.07315
0.2763 1.0711
0.2423 1.07418
0.285 1.07008
0.2426 1.07008
0.2341 1.0711
0.2493 1.07008
0.267 1.06803
0.242 1.0711
0.2365 1.07008
0.4818 1.06803
0.2729 1.06906
0.2334 1.08646
0.242 1.06803
0.248 1.06701
0.2479 1.06598
0.2392 1.06701
0.2741 1.06496
0.2736 1.05984
0.2364 1.05677
0.2402 1.05267
0.2883 1.05062
0.2581 1.05472
0.2378 1.04755
0.2574 1.05267
0.2546 1.0537
0.2578 1.05165
0.2388 1.0496
0.2494 1.05062
0.5019 1.05165
0.2537 1.04858
0.2395 1.0496
0.2403 1.05165
0.2594 1.05062
0.4603 1.05165
0.2552 1.05165
0.2881 1.0537
0.2653 1.0496
0.2482 1.05574
0.2506 1.05062
0.2508 1.05472
0.2651 1.05267
0.4366 1.05267
0.2357 1.05165
0.2798 1.05165
0.2629 1.05267
0.4815 1.04755
0.2421 1.05267
0.2562 1.0496
0.2551 1.04653
0.2402 1.04448
0.255 1.04038
0.2674 1.04141
0.2313 1.03731
0.3652 1.03424
0.3794 1.03117
0.2502 1.0281
0.2349 1.03117
0.2633 1.02502
0.2564 1.02707
0.256 1.02605
0.367 1.03014
0.2321 1.02912
0.2646 1.02707
0.2523 1.02605
0.2353 1.02605
0.2334 1.02605
0.4883 1.02605
0.236 1.0281
0.2324 1.02502
0.2426 1.03936
0.2821 1.02502
0.3192 1.02912
0.2498 1.0281
0.3106 1.0281
0.2646 1.0281
0.2483 1.02707
0.2402 1.0281
0.2596 1.02605
0.2454 1.02707
0.2348 1.03322
0.2427 1.02605
0.4929 1.0281
0.2365 1.02605
0.2362 1.02912
0.4523 1.02912
0.5127 1.02707
0.236 1.02912
0.3502 1.03117
0.2608 1.02605
0.2419 1.03219
0.2489 1.02707
0.2435 1.0281
0.2764 1.02605
0.293 1.02707
0.2441 1.02707
0.2472 1.02707
0.2737 1.02707
0.4996 1.02605
0.2421 1.02502
0.2427 1.02605
0.2913 1.02707
0.232 1.02605
0.2538 1.0281
0.2443 1.02707
0.2586 1.02298
0.3017 1.02605
0.2536 1.04243
0.2584 1.0281
0.2511 1.02502
0.4619 1.02605
0.2437 1.02707
0.4911 1.03322
0.2407 1.02502
0.2713 1.02605
0.4281 1.02605
0.309 1.02707
0.2489 1.02605
0.2886 1.02707
0.2656 1.02605
0.2393 1.02605
0.252 1.02605
0.3202 1.0281
0.2627 1.02502
0.2342 1.02707
0.2525 1.02605
0.2432 1.02502
0.2664 1.02912
0.2537 1.02502
0.2444 1.02605
0.3189 1.0281
0.272 1.0281
0.2524 1.02707
0.2455 1.02707
0.2501 1.024
0.2803 1.02502
0.2458 1.02502
0.2618 1.024
0.2776 1.02605
0.2515 1.03014
0.2416 1.0281
0.2466 1.02707
0.2647 1.02502
0.2471 1.02912
0.2571 1.02502
0.2482 1.02707
0.4806 1.02502
0.2514 1.02605
0.2326 1.02605
0.2707 1.02605
0.4857 1.0281
0.4465 1.02912
0.2454 1.02707
0.2555 1.02912
0.451 1.02605
0.2335 1.024
0.2358 1.02605
0.2929 1.02605
0.2583 1.02605
0.2656 1.02605
0.4884 1.07213
0.2623 1.02502
0.2402 1.024
0.4418 1.02502
0.2482 1.02605
0.4302 1.02605
0.2513 1.02502
0.2334 1.024
0.2839 1.03219
0.2627 1.0281
0.4674 1.04755
0.3314 1.02502
0.2559 1.02502
0.2358 1.02707
0.239 1.02502
0.4614 1.02707
0.2587 1.03117
0.2363 1.02605
0.2419 1.02502
0.2637 1.02605
0.4591 1.02707
0.2811 1.0281
0.2472 1.02605
0.2562 1.03014
0.4625 1.02502
0.4364 1.02912
0.2712 1.02605
0.2677 1.02912
0.4477 1.02605
0.2367 1.02605
0.2427 1.02502
0.2621 1.02605
0.2393 1.02707
0.433 1.0281
0.47 1.02605
0.2683 1.02707
0.2473 1.02912
0.277 1.024
0.2604 1.02502
0.2376 1.0281
0.2549 1.03322
0.2365 1.0281
0.259 1.03117
0.2497 1.02605
0.2524 1.02502
0.2459 1.02912
0.2566 1.02707
0.2385 1.02605
0.465 1.02605
0.2656 1.02605
0.4119 1.03117
0.2978 1.02605
0.3759 1.02707
0.2556 1.02605
0.2588 1.02605
0.2353 1.02502
0.2373 1.0281
0.2692 1.02502
0.2331 1.02707
0.4666 1.02605
0.2432 1.0281
0.2572 1.02605
0.2404 1.0281
0.2702 1.02912
0.2406 1.02605
0.2523 1.02707
0.36 1.02605
0.2437 1.0281
0.2571 1.0281
0.2587 1.02605
0.2398 1.02605
0.4855 1.03322
0.3053 1.02707
0.2375 1.02707
0.2402 1.02707
0.2483 1.02605
0.2517 1.02605
0.2375 1.02502
0.2446 1.02707
0.2244 1.02912
0.4563 1.02605
0.4698 1.03014
0.2486 1.02605
0.2619 1.0281
0.3797 1.02605
0.2515 1.02605
0.2721 1.02605
0.2587 1.0281
0.246 1.0281
0.2339 1.0281
0.2474 1.03014
0.2559 1.02502
0.233 1.02605
0.2389 1.024
0.2319 1.0281
0.4557 1.02707
0.4207 1.03117
0.4437 1.02502
0.4811 1.03117
0.2497 1.03834
0.2381 1.02605
0.2412 1.02707
0.318 1.03014
0.2669 1.0281
0.2557 1.02707
0.31 1.04243
0.2543 1.03322
0.2378 1.02912
0.2413 1.02707
0.278 1.02605
0.2581 1.024
0.2458 1.03014
0.2534 1.02605
0.2564 1.02912
0.2369 1.0752
0.2356 1.02605
0.2494 1.02707
0.2728 1.02707
0.2464 1.02502
0.2529 1.02605
0.3281 1.02605
0.2632 1.0281
0.2432 1.02707
0.246 1.02707
0.2506 1.0281
0.2425 1.02707
0.3584 1.02605
0.267 1.02912
0.281 1.0281
0.3145 1.02502
0.2399 1.02605
0.2432 1.02707
0.2925 1.02298
0.2608 1.03526
0.249 1.03219
0.2636 1.02605
0.2915 1.02707
0.2636 1.02707
0.2557 1.02707
0.2499 1.024
0.259 1.02605
0.243 1.024
0.2477 1.02707
0.261 1.02707
0.2491 1.02707
0.2602 1.02912
0.2439 1.02912
0.2658 1.024
0.2346 1.0281
0.2456 1.02502
0.2381 1.0281
0.2643 1.02707
0.2402 1.0281
0.2342 1.02707
0.2449 1.02707
0.2454 1.02707
0.2519 1.02605
0.4822 1.02707
0.2681 1.02912
0.3007 1.02707
0.2485 1.02707
0.2394 1.02502
0.2816 1.02912
0.2383 1.02502
0.2511 1.02502
0.4748 1.02605
0.2591 1.02707
