0.1285 0.050176
0.0936 0.0512
0.0908 0.050176
0.0633 0.0512
0.0708 0.0512
0.0692 0.0512
0.0595 0.0512
0.0559 0.050176
0.0866 0.0512
0.0605 0.050176
0.0672 0.0512
0.0698 0.054272
0.0709 0.0512
0.0759 0.0512
0.0788 0.0512
0.0972 0.052224
0.0689 0.050176
0.072 0.050176
0.0689 0.050176
0.0813 0.0512
0.0683 0.0512
0.0745 0.0512
0.093 0.050176
0.0714 0.050176
0.0671 0.052224
0.0777 0.050176
0.073 0.0512
0.0669 0.0512
0.1279 0.054272
0.0729 0.0512
0.0675 0.0512
0.1131 0.050176
0.081 0.0512
0.0761 0.050176
0.0725 0.052224
0.0804 0.050176
0.0674 0.050176
0.0868 0.050176
0.2618 0.0512
0.1213 0.0512
0.0674 0.0512
0.0676 0.0512
0.0685 0.0512
0.072 0.0512
0.0689 0.0512
0.122 0.0512
0.124 0.0512
0.0678 0.050176
0.1517 0.0512
0.1312 0.053248
0.1073 0.0512
0.1242 0.0512
0.0737 0.0512
0.0698 0.050176
0.0735 0.0512
0.0682 0.0512
0.0736 0.0512
0.0685 0.0512
0.0673 0.0512
0.0802 0.0512
0.0759 0.0512
0.0762 0.0512
0.0689 0.050176
0.0721 0.050176
0.0804 0.050176
0.0709 0.0512
0.1568 0.050176
0.0822 0.0512
0.0694 0.050176
0.0679 0.0512
0.0654 0.050176
0.071 0.0512
0.0699 0.0512
0.0695 0.0512
0.0734 0.0512
0.0823 0.050176
0.0684 0.050176
0.07 0.0512
0.0677 0.0512
0.0824 0.0512
0.0756 0.0512
0.1191 0.0512
0.0744 0.050176
0.0791 0.050176
0.0685 0.0512
0.0695 0.050176
0.0974 0.0512
0.0738 0.0512
0.0682 0.050176
0.0697 0.050176
0.0672 0.0512
0.0671 0.0512
0.0682 0.050176
0.0745 0.0512
0.0966 0.0512
0.0719 0.0512
0.0736 0.0512
0.0701 0.0512
0.0892 0.050176
0.1955 0.050176
0.1301 0.050176
0.0762 0.050176
0.0719 0.0512
0.0669 0.0512
0.082 0.0512
0.0914 0.0512
0.0729 0.0512
0.1246 0.0512
0.0682 0.0512
0.0695 0.050176
0.0749 0.052224
0.0685 0.0512
0.0713 0.0512
0.0724 0.0512
0.0679 0.050176
0.0671 0.0512
0.0693 0.052224
0.0668 0.0512
0.0673 0.0512
0.0796 0.0512
0.0676 0.0512
0.068 0.050176
0.0931 0.0512
0.1053 0.052224
0.074 0.050176
0.0769 0.0512
0.0706 0.052224
0.0664 0.050176
0.1215 0.0512
0.0756 0.0512
0.0739 0.053248
0.0769 0.050176
0.0674 0.0512
0.075 0.050176
0.07 0.050176
0.0788 0.0512
0.1204 0.0512
0.1292 0.0512
0.0714 0.0512
0.0758 0.0512
0.0915 0.0512
0.0736 0.050176
0.1196 0.0512
0.0791 0.0512
0.0738 0.050176
0.0769 0.0512
0.068 0.0512
0.1256 0.0512
0.1244 0.0512
0.0673 0.0512
0.0671 0.0512
0.111 0.0512
0.0784 0.0512
0.0702 0.0512
0.0684 0.052224
0.0708 0.0512
0.0717 0.0512
0.0694 0.050176
0.0774 0.0512
0.0803 0.0512
0.088 0.0512
0.1341 0.0512
0.0686 0.055296
0.0732 0.0512
0.0709 0.0512
0.073 0.0512
0.0704 0.0512
0.0677 0.0512
0.0678 0.050176
0.0733 0.0512
0.0803 0.0512
0.0689 0.0512
0.1244 0.0512
0.0899 0.0512
0.0678 0.0512
0.123 0.0512
0.084 0.050176
0.0696 0.050176
0.0649 0.0512
0.073 0.0512
0.0811 0.050176
0.0675 0.0512
0.1023 0.0512
0.0715 0.0512
0.0717 0.0512
0.0796 0.050176
0.0717 0.050176
0.0697 0.052224
0.0863 0.0512
0.07 0.0512
0.0737 0.0512
0.0757 0.0512
0.0737 0.0512
0.067 0.052224
0.1068 0.050176
0.0742 0.0512
0.0739 0.0512
0.0739 0.050176
0.0668 0.0512
0.1226 0.0512
0.0745 0.0512
0.0722 0.050176
0.0762 0.050176
0.0841 0.054272
0.0756 0.0512
0.0661 0.0512
0.0787 0.050176
0.0665 0.050176
0.0729 0.050176
0.0777 0.050176
0.0852 0.050176
0.0693 0.0512
0.1684 0.0512
0.0757 0.0512
0.0696 0.050176
0.0684 0.0512
0.0679 0.0512
0.0677 0.0512
0.0708 0.0512
0.0726 0.0512
0.0662 0.050176
0.0961 0.0512
0.1351 0.0512
0.1287 0.0512
0.1261 0.050176
0.0684 0.05632
0.0678 0.0512
0.0748 0.0512
0.0796 0.0512
0.0778 0.050176
0.0753 0.0512
0.0782 0.0512
0.073 0.0512
0.0787 0.0512
0.0697 0.052224
0.0763 0.0512
0.0793 0.0512
0.0754 0.0512
0.0679 0.0512
0.0753 0.050176
0.0739 0.0512
0.0682 0.0512
0.1032 0.052224
0.0656 0.050176
0.0735 0.0512
0.0679 0.0512
0.1123 0.0512
0.0809 0.0512
0.0782 0.0512
0.0731 0.0512
0.0734 0.0512
0.0753 0.0512
0.0672 0.0512
0.0686 0.050176
0.0706 0.0512
0.0669 0.050176
0.0701 0.0512
0.067 0.0512
0.0677 0.0512
0.067 0.050176
0.0981 0.0512
0.0727 0.0512
0.0685 0.0512
0.0675 0.0512
0.0669 0.0512
0.068 0.050176
0.0739 0.0512
0.0676 0.0512
0.0718 0.050176
0.0691 0.0512
0.0678 0.0512
0.1162 0.0512
0.1235 0.0512
0.0743 0.0512
0.0669 0.0512
0.0751 0.0512
0.0749 0.0512
0.0727 0.050176
0.0769 0.050176
0.0734 0.0512
0.072 0.0512
0.0803 0.0512
0.0693 0.0512
0.0708 0.050176
0.0853 0.0512
0.0671 0.050176
0.0696 0.0512
0.0716 0.050176
0.1319 0.050176
0.1049 0.0512
0.0811 0.0512
0.0777 0.0512
0.07 0.0512
0.1085 0.0512
0.0725 0.050176
0.066 0.0512
0.0703 0.0512
0.0731 0.0512
0.0708 0.0512
0.0731 0.0512
0.1061 0.0512
0.0749 0.050176
0.0751 0.0512
0.0767 0.0512
0.0758 0.0512
0.0802 0.050176
0.076 0.0512
0.1281 0.0512
0.0669 0.0512
0.0801 0.0512
0.0697 0.0512
0.0732 0.0512
0.0682 0.0512
0.0778 0.0512
0.124 0.053248
0.0806 0.0512
0.0687 0.0512
0.0675 0.0512
0.0682 0.0512
0.0714 0.050176
0.1242 0.0512
0.0698 0.0512
0.0834 0.0512
0.0703 0.0512
0.1126 0.0512
0.0674 0.0512
0.075 0.0512
0.0722 0.0512
0.073 0.0512
0.0656 0.050176
0.0727 0.0512
0.0684 0.0512
0.074 0.052224
0.0659 0.0512
0.0671 0.0512
0.0673 0.0512
0.1276 0.0512
0.0736 0.0512
0.0769 0.0512
0.0718 0.0512
0.0689 0.0512
0.0682 0.0512
0.0672 0.052224
0.0674 0.050176
0.0815 0.0512
0.067 0.0512
0.0744 0.0512
0.0699 0.0512
0.0976 0.0512
0.0676 0.0512
0.0703 0.050176
0.079 0.0512
0.068 0.0512
0.0689 0.0512
0.0695 0.0512
0.0695 0.050176
0.0736 0.050176
0.0676 0.0512
0.0733 0.050176
0.0681 0.0512
0.1078 0.0512
0.1219 0.0512
0.0746 0.0512
0.0664 0.0512
0.0678 0.0512
0.0712 0.0512
0.0697 0.0512
0.0731 0.052224
0.0811 0.0512
0.0729 0.0512
0.0686 0.0512
0.0708 0.050176
0.0683 0.050176
0.0719 0.0512
0.1067 0.050176
0.1143 0.0512
0.0706 0.0512
0.0683 0.0512
0.0749 0.0512
0.0685 0.050176
0.0784 0.052224
0.0674 0.050176
0.0749 0.052224
0.0732 0.050176
0.0864 0.0512
0.0858 0.0512
0.069 0.0512
0.0753 0.0512
0.0707 0.052224
0.0663 0.050176
0.0732 0.052224
0.1254 0.050176
0.0696 0.0512
0.0672 0.054272
0.0708 0.0512
0.075 0.0512
0.0749 0.0512
0.1077 0.0512
0.1204 0.0512
0.1258 0.0512
0.0922 0.0512
0.0744 0.050176
0.0673 0.0512
0.0671 0.050176
0.0673 0.052224
0.0672 0.0512
0.0704 0.050176
0.0716 0.0512
0.0666 0.0512
0.0673 0.050176
0.0693 0.0512
0.095 0.0512
0.0683 0.0512
0.0697 0.0512
0.1198 0.050176
0.1016 0.0512
0.0672 0.0512
0.067 0.0512
0.068 0.0512
0.074 0.0512
0.0757 0.0512
0.0685 0.050176
0.0768 0.0512
0.0715 0.050176
0.0737 0.0512
0.0683 0.052224
0.0771 0.050176
0.0668 0.0512
0.0703 0.0512
0.0671 0.050176
0.0684 0.0512
0.0853 0.0512
0.0665 0.0512
0.067 0.0512
0.0709 0.050176
0.0743 0.050176
0.078 0.0512
0.0658 0.050176
0.079 0.0512
0.0716 0.0512
0.0787 0.0512
0.0962 0.0512
0.1054 0.0512
0.0752 0.0512
0.0787 0.0512
0.0669 0.050176
0.0732 0.0512
0.0689 0.050176
0.069 0.0512
0.0674 0.0512
0.0739 0.0512
0.0801 0.052224
0.0669 0.0512
0.0673 0.0512
0.0701 0.0512
0.0704 0.050176
0.0868 0.0512
0.0758 0.0512
0.0742 0.0512
0.099 0.0512
0.0691 0.050176
0.098 0.052224
0.0709 0.0512
0.068 0.0512
0.0782 0.052224
0.0684 0.0512
0.0774 0.053248
0.0758 0.0512
0.0761 0.0512
0.1187 0.0512
0.1241 0.050176
0.0858 0.050176
0.0893 0.0512
0.073 0.0512
0.0713 0.050176
0.0678 0.0512
0.0764 0.0512
0.1162 0.0512
0.0699 0.0512
0.0767 0.0512
0.0673 0.0512
0.0725 0.050176
0.0802 0.0512
0.068 0.0512
0.1196 0.0512
0.0699 0.052224
0.0737 0.0512
0.0748 0.0512
0.0733 0.050176
0.0766 0.0512
0.0676 0.050176
0.0674 0.050176
0.0675 0.050176
0.0742 0.0512
0.0678 0.0512
0.0679 0.050176
0.0702 0.0512
0.0734 0.0512
0.0747 0.0512
0.1195 0.0512
0.0715 0.0512
0.0678 0.0512
0.0756 0.0512
0.0686 0.0512
0.0676 0.0512
0.0708 0.0512
0.0871 0.0512
0.1105 0.0512
0.0761 0.050176
0.0739 0.050176
0.0757 0.0512
0.0665 0.0512
0.0745 0.0512
0.0665 0.0512
0.0672 0.0512
0.1354 0.0512
0.1263 0.0512
0.0693 0.0512
0.0684 0.0512
0.0707 0.050176
0.0774 0.0512
0.0704 0.0512
0.0972 0.0512
0.1157 0.052224
0.0678 0.0512
0.0731 0.050176
0.0673 0.0512
0.0675 0.0512
0.0675 0.050176
0.067 0.050176
0.0829 0.050176
0.0675 0.0512
0.0703 0.0512
0.071 0.0512
0.0667 0.0512
0.0703 0.0512
0.0674 0.052224
0.0676 0.0512
0.0679 0.0512
0.067 0.0512
0.0671 0.0512
0.0671 0.052224
0.0678 0.0512
0.0681 0.0512
0.0713 0.050176
0.0761 0.0512
0.106 0.054272
0.1132 0.0512
0.1228 0.0512
0.0726 0.050176
0.0757 0.0512
0.0715 0.050176
0.0795 0.0512
0.0683 0.050176
0.0714 0.0512
0.0722 0.050176
0.069 0.0512
0.069 0.0512
0.0791 0.052224
0.074 0.0512
0.0664 0.0512
0.0708 0.0512
0.0677 0.0512
0.0879 0.050176
0.0745 0.0512
0.0737 0.050176
0.0682 0.050176
0.073 0.0512
0.0681 0.0512
0.0675 0.0512
0.1237 0.0512
0.0681 0.052224
0.0778 0.050176
0.0679 0.052224
0.0708 0.0512
0.099 0.0512
0.0701 0.0512
0.078 0.052224
0.0741 0.050176
0.0748 0.0512
0.0706 0.0512
0.0676 0.0512
0.0683 0.050176
0.074 0.0512
0.0753 0.0512
0.0705 0.0512
0.0671 0.0512
0.0727 0.0512
0.0766 0.0512
0.0738 0.0512
0.0761 0.050176
0.0681 0.0512
0.0798 0.0512
0.0735 0.0512
0.0883 0.0512
0.0874 0.0512
0.085 0.0512
0.1246 0.0512
0.0662 0.050176
0.1292 0.0512
0.0772 0.052224
0.0706 0.0512
0.0682 0.0512
0.0684 0.0512
0.0681 0.0512
0.0949 0.053248
0.114 0.0512
0.0691 0.0512
0.071 0.050176
0.0756 0.0512
0.0751 0.0512
0.0872 0.0512
0.0708 0.053248
0.1192 0.050176
0.0673 0.0512
0.0687 0.0512
0.1163 0.050176
0.0703 0.050176
0.0737 0.0512
0.0687 0.0512
0.0666 0.050176
0.0683 0.0512
0.0685 0.0512
0.0737 0.050176
0.1119 0.0512
0.074 0.0512
0.0727 0.0512
0.0676 0.0512
0.0682 0.052224
0.0698 0.0512
0.0694 0.0512
0.0724 0.0512
0.0684 0.050176
0.0673 0.0512
0.0813 0.050176
0.0763 0.050176
0.0674 0.0512
0.0755 0.0512
0.0686 0.0512
0.0678 0.0512
0.0732 0.0512
0.0666 0.0512
0.1233 0.050176
0.0757 0.050176
0.0664 0.0512
0.0672 0.0512
0.0671 0.0512
0.1173 0.0512
0.0688 0.0512
0.119 0.050176
0.0664 0.0512
0.0679 0.0512
0.0703 0.050176
0.067 0.0512
0.1125 0.0512
0.0669 0.0512
0.0673 0.0512
0.0722 0.050176
0.0663 0.050176
0.0748 0.0512
0.1035 0.0512
0.0707 0.0512
0.1287 0.050176
0.0666 0.050176
0.0732 0.0512
0.1245 0.0512
0.1215 0.050176
0.0685 0.0512
0.0872 0.0512
0.0677 0.0512
0.0693 0.0512
0.0676 0.050176
0.1099 0.050176
0.1398 0.0512
0.085 0.050176
0.1245 0.0512
0.0753 0.050176
0.0681 0.0512
0.0672 0.0512
0.0768 0.0512
0.0667 0.0512
0.067 0.0512
0.0681 0.0512
0.0806 0.0512
0.0754 0.0512
0.0777 0.0512
0.1207 0.050176
0.0961 0.0512
0.0727 0.052224
0.0679 0.0512
0.0759 0.0512
0.0674 0.052224
0.0697 0.052224
0.0678 0.050176
0.0668 0.052224
0.0698 0.0512
0.0789 0.0512
0.1298 0.050176
0.0922 0.0512
0.0747 0.0512
0.0747 0.0512
0.069 0.0512
0.0674 0.050176
0.0723 0.0512
0.0701 0.050176
0.0725 0.053248
0.0667 0.0512
0.1223 0.050176
0.0738 0.0512
0.0678 0.052224
0.0814 0.050176
0.0828 0.050176
0.0713 0.0512
0.0721 0.0512
0.0987 0.0512
0.0666 0.0512
0.0665 0.0512
0.0686 0.0512
0.0757 0.0512
0.0678 0.0512
0.071 0.050176
0.0742 0.0512
0.0752 0.050176
0.0686 0.0512
0.0672 0.0512
0.0753 0.0512
0.069 0.0512
0.0747 0.0512
0.0768 0.0512
0.0678 0.0512
0.0679 0.0512
0.1217 0.0512
0.0718 0.050176
0.0929 0.052224
0.0734 0.050176
0.0894 0.0512
0.0749 0.050176
0.0687 0.050176
0.0732 0.050176
0.0838 0.0512
0.067 0.050176
0.0678 0.0512
0.0692 0.052224
0.1332 0.052224
0.0688 0.050176
0.0671 0.0512
0.0769 0.050176
0.0783 0.0512
0.0783 0.050176
0.0707 0.0512
0.0687 0.0512
0.0867 0.0512
0.1248 0.0512
0.0736 0.0512
0.0737 0.0512
0.1125 0.0512
0.0802 0.052224
0.0695 0.0512
0.0925 0.0512
0.072 0.0512
0.0739 0.0512
0.0752 0.0512
0.0724 0.050176
0.0685 0.052224
0.1191 0.0512
0.0661 0.0512
0.0677 0.0512
0.0789 0.0512
0.0768 0.0512
0.0738 0.0512
0.1176 0.0512
0.0907 0.050176
0.0915 0.0512
0.0675 0.0512
0.0704 0.0512
0.0834 0.0512
0.0691 0.0512
0.069 0.0512
0.072 0.0512
0.1189 0.0512
0.0669 0.0512
0.0742 0.0512
0.0723 0.0512
0.1228 0.0512
0.074 0.050176
0.0811 0.050176
0.0767 0.0512
0.0898 0.0512
0.0909 0.050176
0.0775 0.050176
0.0787 0.0512
0.0725 0.050176
0.0815 0.052224
0.1247 0.0512
0.1192 0.0512
0.1338 0.0512
0.0933 0.0512
0.0796 0.052224
0.0779 0.050176
0.0719 0.0512
0.083 0.0512
0.0754 0.0512
0.0756 0.050176
0.0725 0.053248
0.0775 0.0512
0.0716 0.0512
0.0804 0.0512
0.0789 0.050176
0.0733 0.050176
0.1179 0.050176
0.0683 0.0512
0.0676 0.0512
0.105 0.050176
0.0725 0.050176
0.117 0.0512
0.1368 0.0512
0.0778 0.0512
0.0769 0.0512
0.0774 0.0512
0.0734 0.0512
0.067 0.050176
0.0683 0.0512
0.0719 0.0512
0.0781 0.054272
0.0685 0.0512
0.0735 0.050176
0.0728 0.0512
0.0699 0.0512
0.075 0.0512
0.0694 0.050176
0.0901 0.050176
0.1046 0.0512
0.0795 0.0512
0.0765 0.050176
0.0714 0.0512
0.1019 0.0512
0.0676 0.0512
0.0666 0.0512
0.0759 0.0512
0.0678 0.0512
0.144 0.0512
0.1141 0.0512
0.0674 0.0512
0.0907 0.050176
0.0774 0.0512
0.1184 0.050176
0.1309 0.0512
0.1766 0.0512
0.1244 0.0512
0.0745 0.0512
0.0738 0.0512
0.1161 0.0512
0.0686 0.050176
0.0706 0.0512
0.0706 0.050176
0.0691 0.0512
0.0866 0.0512
0.1232 0.050176
0.1466 0.050176
0.0775 0.050176
0.0955 0.050176
0.0668 0.0512
0.0754 0.0512
0.073 0.050176
0.0726 0.0512
0.0668 0.052224
0.0671 0.0512
0.1259 0.0512
0.1066 0.0512
0.072 0.050176
0.0687 0.050176
0.1201 0.0512
0.1232 0.0512
0.0667 0.0512
0.0688 0.0512
0.0773 0.050176
0.0668 0.0512
0.1207 0.0512
0.0832 0.0512
0.0736 0.050176
0.0684 0.0512
0.1195 0.0512
0.1147 0.0512
0.0684 0.050176
0.0667 0.050176
0.1184 0.0512
0.0718 0.0512
0.068 0.050176
0.0718 0.0512
0.0732 0.052224
0.0704 0.0512
0.1232 0.0512
0.1015 0.0512
0.0738 0.0512
0.0813 0.0512
0.1185 0.0512
0.0721 0.0512
0.0698 0.0512
0.068 0.050176
0.0673 0.052224
0.0928 0.0512
0.0751 0.0512
0.0715 0.0512
0.0685 0.0512
0.0682 0.0512
0.1195 0.050176
0.0751 0.050176
0.0793 0.050176
0.0806 0.0512
0.0994 0.050176
0.0672 0.050176
0.0739 0.0512
0.0679 0.052224
0.0678 0.050176
0.0701 0.053248
0.067 0.0512
0.1287 0.0512
0.0972 0.0512
0.0742 0.0512
0.0704 0.0512
0.071 0.0512
0.0708 0.0512
0.0703 0.0512
0.0785 0.050176
0.0778 0.0512
0.0696 0.0512
0.0797 0.0512
0.0665 0.0512
0.1348 0.0512
0.0759 0.050176
0.1234 0.0512
0.1459 0.0512
0.0676 0.050176
0.0677 0.0512
0.0739 0.0512
0.0691 0.050176
0.0661 0.053248
0.1203 0.0512
0.072 0.0512
0.0684 0.052224
0.0689 0.0512
0.1001 0.050176
0.0702 0.050176
0.0676 0.0512
0.0718 0.0512
0.0769 0.052224
0.0712 0.0512
0.0674 0.0512
0.0677 0.0512
0.0721 0.0512
0.0929 0.050176
0.0689 0.0512
0.1147 0.0512
0.0843 0.0512
0.0692 0.0512
0.0746 0.0512
0.0737 0.0512
0.0765 0.050176
0.0811 0.0512
0.0939 0.0512
0.0708 0.050176
0.0739 0.050176
0.069 0.0512
0.0694 0.0512
0.0676 0.0512
0.0983 0.0512
0.1107 0.0512
0.0985 0.0512
0.0702 0.050176
0.0827 0.0512
0.0662 0.0512
0.0806 0.050176
0.0725 0.050176
0.0747 0.0512
0.0815 0.0512
0.0674 0.0512
0.0765 0.0512
0.1072 0.0512
0.0777 0.0512
0.0802 0.0512
0.0724 0.0512
0.0678 0.0512
0.1173 0.050176
0.0763 0.050176
0.0926 0.0512
0.085 0.0512
0.0853 0.0512
0.0725 0.0512
0.0745 0.0512
0.0714 0.052224
0.0771 0.053248
0.0782 0.0512
0.0659 0.0512
0.0717 0.050176
0.0742 0.050176
0.0852 0.049152
0.0973 0.050176
0.0758 0.0512
0.0742 0.0512
0.0736 0.050176
0.0763 0.0512
0.0705 0.050176
0.102 0.050176
0.0721 0.0512
0.073 0.0512
0.0818 0.0512
0.0676 0.0512
0.0783 0.0512
0.0685 0.050176
0.0716 0.052224
0.0757 0.0512
0.0723 0.0512
0.1385 0.0512
0.0779 0.0512
0.0838 0.0512
0.0717 0.0512
0.0803 0.0512
0.0671 0.050176
0.1106 0.0512
0.077 0.0512
0.0732 0.0512
0.0684 0.0512
0.1253 0.0512
0.0682 0.0512
