0.1471 2.86925
0.1131 3.18771
0.0988 2.86925
0.0956 3.18771
0.1147 3.0976
0.1543 3.18771
0.0705 3.0976
0.1221 2.78016
0.0731 3.0976
0.068 2.78016
0.0789 3.64851
0.102 3.36384
0.1057 3.11706
0.0815 3.16314
0.0877 3.32595
0.1411 3.15904
0.0781 2.8672
0.0904 3.09965
0.0828 3.10477
0.0927 2.87232
0.0795 2.95834
0.0783 3.24198
0.0819 3.30445
0.0839 2.85594
0.0912 2.8631
0.122 2.87027
0.1309 2.87232
0.0757 2.86413
0.1455 2.85901
0.0824 2.86515
0.0826 2.86003
0.1311 2.8672
0.0961 3.07917
0.0778 3.08736
0.0778 3.1703
0.0793 2.8631
0.0831 2.86515
0.0878 3.09453
0.1455 2.85184
0.1408 2.88973
0.0821 3.08531
0.1407 2.86208
0.0772 2.87027
0.1256 2.8672
0.0932 3.16928
0.1159 2.87232
0.1191 3.04538
0.0795 2.86515
0.1446 3.16826
0.1419 3.16928
0.1312 2.86208
0.1427 3.08941
0.0777 2.86618
0.0868 2.86515
0.0837 2.85286
0.0801 2.86003
0.0853 3.1744
0.0777 3.18157
0.1049 2.86925
0.0771 3.16109
0.0768 2.85696
0.0855 3.08941
0.0818 3.18259
0.0768 3.09248
0.0789 2.85901
0.0771 3.17952
0.0797 3.09146
0.1288 3.17747
0.0758 3.18874
0.0801 2.87846
0.0813 3.1703
0.0768 3.18054
0.0814 3.08122
0.0847 3.08941
0.0758 2.86925
0.0852 3.10477
0.0794 2.86618
0.0813 3.10067
0.0781 2.86618
0.1069 3.11603
0.0832 3.17133
0.136 2.85901
0.0823 2.8672
0.0773 2.85901
0.077 2.87232
0.0872 3.16826
0.0859 2.86208
0.0778 3.17645
0.0763 2.86413
0.0993 3.16826
0.0824 2.86822
0.0825 3.09043
0.0802 2.87437
0.0774 3.0976
0.0858 2.86925
0.0829 2.87949
0.087 3.16826
0.085 2.86618
0.08 2.86515
0.0754 2.86618
0.1472 3.0935
0.0798 2.88051
0.0824 2.86208
0.1063 2.86618
0.0826 2.85901
0.0808 2.87539
0.0803 2.86515
0.078 2.87437
0.0877 2.8672
0.13 3.11194
0.0883 2.86925
0.0846 2.86003
0.0774 3.0249
0.1313 2.85184
0.0816 2.85491
0.0835 2.85082
0.0805 2.8416
0.0886 3.28294
0.082 3.27475
0.083 3.2727
0.0814 3.34848
0.0813 3.35974
0.08 3.25837
0.1436 3.36486
0.082 3.26656
0.0792 3.55942
0.0784 3.24608
0.0794 3.26861
0.0833 3.33517
0.0801 3.26963
0.0813 3.2727
0.0828 3.27373
0.0778 3.23891
0.0752 3.34438
0.0948 3.34234
0.1032 3.36589
0.1355 3.27578
0.1503 3.35258
0.0809 3.25939
0.085 3.26656
0.1134 3.25837
0.0759 3.26554
0.1412 3.56557
0.0824 3.28499
0.0857 3.25837
0.1416 3.26246
0.0771 3.34746
0.1536 3.26861
0.1433 3.25837
0.0772 3.328
0.1287 3.26758
0.1447 3.34746
0.1058 3.2512
0.0769 3.27066
0.0782 2.75866
0.0779 3.27373
0.0788 3.26554
0.0839 3.24506
0.08 3.57376
0.0826 3.57478
0.0842 3.2553
0.0812 3.28704
0.0768 3.25325
0.0799 3.22458
0.0865 3.26656
0.0751 3.34336
0.0763 3.24096
0.0786 3.26758
0.0768 3.26963
0.0847 3.29216
0.0837 3.58298
0.0851 3.27168
0.1681 3.28499
0.0861 3.33926
0.0905 3.01261
0.1414 3.33517
0.0761 3.2768
0.0832 3.57376
0.0997 3.23789
0.0823 3.57171
0.0831 3.2983
0.0843 3.2553
0.1267 3.56864
0.0817 3.27578
0.1141 3.29626
0.1109 3.2297
0.0874 3.26349
0.0827 3.26451
0.1104 3.25734
0.0842 3.2553
0.0755 3.26554
0.0823 2.75046
0.0792 3.35667
0.0801 3.28294
0.081 3.25939
0.1244 3.34438
0.0843 3.24813
0.0839 3.35872
0.0817 3.26451
0.1049 2.75251
0.1635 3.26246
0.0808 3.26349
0.0781 3.2553
0.0797 3.25837
0.0748 3.23994
0.082 3.57786
0.078 3.56966
0.0879 3.27168
0.083 3.25939
0.1001 3.2553
0.0888 3.25018
0.11 3.56864
0.083 3.26656
0.0832 3.26042
0.0846 3.27475
0.0845 3.25837
0.0969 3.33107
0.077 3.36486
0.0822 3.57786
0.0795 3.57888
0.0804 3.25018
0.0767 3.56864
0.0835 3.57069
0.0817 3.2553
0.1459 3.26451
0.0751 3.24403
0.0802 3.35053
0.0848 3.34234
0.0786 3.2768
0.0912 3.34438
0.0811 3.33722
0.0786 3.57888
0.0766 3.26451
0.1005 3.57581
0.0787 3.27168
0.0765 3.33619
0.0757 3.35462
0.0774 3.32595
0.0815 3.24198
0.0795 3.25837
0.075 3.2297
0.0795 3.27475
0.0852 3.34541
0.0746 3.25837
0.091 3.57581
0.0802 3.27066
0.109 3.24403
0.1217 3.35258
0.078 3.25939
0.0751 3.2512
0.0759 3.33414
0.0852 3.2512
0.0802 3.26758
0.0834 3.25632
0.0758 3.26758
0.0794 3.25837
0.0841 3.24915
0.084 3.23174
0.0839 3.24608
0.0867 2.75558
0.1227 3.35053
0.0847 3.34029
0.0854 3.56352
0.0782 3.28602
0.0829 3.25837
0.1208 3.33722
0.0818 3.34643
0.0817 3.24301
0.0761 3.26144
0.0805 3.23072
0.0864 3.35155
0.0846 3.28806
0.1433 3.23891
0.0752 3.24608
0.0769 3.26144
0.0814 3.35462
0.0781 3.25734
0.126 3.34746
0.0823 3.27578
0.0837 3.26861
0.0866 3.28806
0.0874 3.26349
0.0839 3.26451
0.0821 3.5881
0.0769 3.26451
0.0816 3.5881
0.0759 3.26451
0.0819 3.5881
0.0846 3.26349
0.1097 3.3495
0.0872 3.28294
0.0756 3.27066
0.0808 3.57376
0.127 3.2471
0.0751 3.26963
0.0814 3.58195
0.0854 3.25018
0.0821 3.23994
0.0818 3.33619
0.0777 3.2768
0.1547 3.25837
0.1277 3.584
0.0759 3.2768
0.0882 3.26144
0.0769 3.24813
0.0884 3.26042
0.0834 3.26963
0.1432 3.34029
0.08 3.25837
0.0745 3.33517
0.0832 3.25018
0.0894 3.24608
0.0804 3.26758
0.0873 3.25837
0.1492 3.59424
0.0915 3.35155
0.0832 3.26554
0.0857 3.26861
0.0805 3.34234
0.0833 3.26656
0.1545 3.57478
0.08 3.34643
0.0872 3.27168
0.0817 3.23994
0.1307 3.26963
0.0846 3.58502
0.077 3.58912
0.0906 3.27987
0.0806 3.56454
0.0866 2.76378
0.0797 3.29114
0.09 2.75661
0.0779 3.2553
0.0801 3.06381
0.0862 3.23379
0.0756 3.26042
0.1295 3.22662
0.0752 3.34438
0.0765 3.21741
0.0812 3.27066
0.0807 3.57683
0.0812 3.57478
0.0825 3.24813
0.082 3.57888
0.0863 3.59117
0.0784 3.3536
0.0772 3.25222
0.0826 2.83955
0.0787 3.28192
0.0903 3.25018
0.0794 3.26963
0.0864 2.85082
0.0795 3.37101
0.0829 3.58195
0.0828 3.61574
0.0843 3.27168
0.081 3.35974
0.0796 3.38227
0.0792 3.30035
0.0838 3.27987
0.081 3.25734
0.0789 3.29114
0.0826 3.28806
0.0842 3.26963
0.081 3.37101
0.0904 3.27475
0.0858 3.29421
0.0771 3.37613
0.0788 3.59424
0.0879 3.34541
0.082 3.60448
0.0818 3.29421
0.0899 3.26963
0.0845 3.29011
0.1169 3.60346
0.0991 3.38432
0.0789 3.37101
0.0826 3.29216
0.075 3.28192
0.0828 3.3536
0.0826 3.28806
0.0801 3.28294
0.0801 2.85389
0.0859 3.3536
0.0809 3.2809
0.1288 3.36998
0.084 3.59936
0.0821 3.26246
0.0817 3.2809
0.1287 3.25734
0.0822 3.26144
0.1459 3.36077
0.0855 3.28499
0.0778 3.29318
0.0751 3.29011
0.0876 3.27475
0.0801 3.35258
0.0927 3.59117
0.1276 3.26758
0.0858 3.29216
0.0768 3.36282
0.0816 3.26042
0.0757 3.12115
0.0837 3.3792
0.0824 3.36077
0.0793 3.36282
0.081 3.61882
0.0818 3.3751
0.0789 3.3024
0.075 3.27373
0.0842 3.28192
0.0829 3.26451
0.0828 3.61677
0.0827 3.30035
0.1269 3.28704
0.1422 3.36486
0.0769 3.26656
0.0914 3.36282
0.0868 3.27168
0.0758 3.29011
0.0816 3.1529
0.0836 3.38432
0.0773 3.26656
0.0772 3.60243
0.0762 3.35667
0.0797 3.28397
0.0811 3.29011
0.0757 3.35258
0.0927 3.36077
0.0763 3.60141
0.08 3.29523
0.0854 3.29728
0.0812 3.27987
0.078 3.27066
0.083 3.30138
0.0828 3.31571
0.0809 3.29011
0.0825 3.29011
0.0809 3.35565
0.0826 3.29216
0.0876 3.29626
0.075 3.29933
0.1281 3.15392
0.08 3.28602
0.1251 3.26349
0.0994 3.37818
0.0796 3.23891
0.0791 3.30138
0.0817 3.37613
0.0766 3.25837
0.0822 3.28704
0.0828 3.2983
0.0786 3.28704
0.0812 3.26963
0.0758 3.36077
0.0951 3.36384
0.0821 3.29011
0.1343 3.30138
0.0845 3.29523
0.1203 3.25734
0.1027 2.85491
0.1027 3.2983
0.0987 3.28397
0.0831 3.37715
0.1296 3.36589
0.0758 3.36282
0.0891 3.28909
0.0777 3.28806
0.081 3.28294
0.0831 3.60038
0.1509 3.35667
0.0856 3.36077
0.0831 3.29626
0.0913 3.60858
0.0853 3.39354
0.0831 3.25939
0.0875 3.25427
0.0765 3.36998
0.0819 3.28806
0.1358 3.36179
0.0757 3.27782
0.0842 3.27066
0.1283 3.27066
0.0782 3.28704
0.1243 3.28806
0.0844 3.61574
0.1038 3.59526
0.0899 3.28294
0.1364 3.28294
0.0874 3.26861
0.0804 3.2727
0.0753 3.36998
0.0757 3.16314
0.0846 3.29421
0.0838 3.36998
0.0771 3.59936
0.0811 3.27475
0.0761 3.29728
0.0835 3.39149
0.1376 3.35565
0.077 3.60346
0.0973 3.2809
0.09 3.2983
0.0836 3.31264
0.0843 2.77709
0.0883 3.26451
0.1262 3.27782
0.0815 2.77504
0.0975 3.27578
0.0819 3.36282
0.0752 3.37408
0.0778 3.30854
0.0868 3.30035
0.0878 3.27987
0.0786 3.29011
0.1341 3.60141
0.1201 3.36077
0.0871 3.26758
0.0859 3.07814
0.1416 3.28602
0.079 3.28806
0.0883 3.37715
0.0963 3.29216
0.0836 3.2727
0.0766 3.29421
0.1217 3.26861
0.0828 3.36896
0.0759 3.2809
0.084 3.27066
0.0807 2.84365
0.0863 2.78016
0.0812 3.02182
0.0768 3.60346
0.0786 3.61267
0.0898 3.37818
0.0771 3.28909
0.0811 3.28294
0.0818 3.60448
0.0821 3.28192
0.0824 3.29523
0.0797 3.36077
0.0858 3.3577
0.0771 3.10272
0.0807 3.28602
0.0986 3.59936
0.0921 2.85491
0.0921 3.38022
0.118 3.28294
0.1392 3.31981
0.0864 3.59936
0.0838 3.3577
0.1268 3.37306
0.0825 3.3577
0.0775 3.37306
0.0769 3.3577
0.0813 3.37306
0.0783 3.3577
0.0821 3.25427
0.0845 3.28192
0.0855 3.2727
0.0794 3.2727
0.0778 3.30035
0.0832 3.60755
0.0934 3.30138
0.0777 3.26042
0.082 2.85491
0.0794 3.29728
0.0843 3.29114
0.0825 3.37613
0.0804 3.35462
0.1514 3.36384
0.0802 3.29421
0.0825 3.28602
0.0841 3.30957
0.0893 3.07302
0.0793 3.2727
0.0929 3.28499
0.0902 3.36589
0.0797 3.36179
0.0857 3.28499
0.086 3.37408
0.0869 3.28397
0.0827 3.36691
0.0848 3.28704
0.0915 3.2727
0.0837 3.2809
0.081 3.0249
0.1007 3.27578
0.0867 3.26246
0.0756 3.26144
0.0752 3.38125
0.0821 3.37203
0.0859 3.30138
0.0762 3.61165
0.081 3.38125
0.0899 3.60038
0.1265 3.39763
0.1442 3.30035
0.0751 3.29626
0.1484 2.85798
0.0826 3.37203
0.0811 3.2768
0.0791 3.60346
0.0821 3.60858
0.0833 3.29216
0.1213 3.59526
0.1137 3.37613
0.0774 3.28602
0.0887 3.60346
0.0838 3.2809
0.0776 3.37306
0.1096 3.35974
0.0897 3.37101
0.1402 3.38432
0.1224 3.2471
0.0796 3.28499
0.1553 3.2809
0.1244 3.27475
0.0793 3.29728
0.0846 3.28602
0.0799 3.36998
0.0823 3.27168
0.0808 3.26451
0.0773 3.60141
0.132 3.26963
0.0766 3.61574
0.0758 3.29626
0.0759 3.26963
0.0845 3.27373
0.0826 3.27066
0.083 3.36896
0.0831 3.2809
0.0858 3.37408
0.0814 3.35667
0.0854 3.27782
0.1258 3.28909
0.0767 3.2768
0.0779 3.29626
0.079 3.28192
0.0829 2.85798
0.0818 3.28294
0.0814 3.29114
0.1533 2.77914
0.0802 3.37408
0.088 3.30342
0.082 2.77914
0.0824 3.28499
0.1554 3.28192
0.077 3.38022
0.1059 3.37715
0.0749 3.27578
0.0835 3.26042
0.0783 3.3751
0.0772 3.28192
0.1265 3.37306
0.0838 3.36794
0.0763 3.59629
0.1253 3.26451
0.0807 3.28704
0.084 3.2768
0.1137 3.29523
0.0828 3.28602
0.1373 3.2809
0.0849 3.60038
0.1277 3.27066
0.1296 3.37613
0.1371 3.29216
0.0753 3.26554
0.0879 2.78426
0.083 3.3024
0.0831 3.26451
0.0823 3.2809
0.142 3.38227
0.079 3.30035
0.0822 3.37306
0.1447 3.26554
0.0764 3.36691
0.0773 3.26451
0.0774 3.35053
0.0768 3.2768
0.0825 3.26246
0.0837 3.2471
0.0812 3.34336
0.0767 3.34746
0.1348 3.34541
0.1061 3.25427
0.1471 3.24915
0.0783 3.32288
0.0826 3.22355
0.0835 3.23482
0.0817 3.31059
0.0857 3.23584
0.0787 3.23072
0.0825 3.22662
0.081 3.31981
0.0762 3.2983
0.0773 3.22355
0.1212 3.22048
0.0817 3.22048
0.0828 3.2471
0.0787 3.24506
0.0819 3.21331
0.081 3.22867
0.0833 3.56147
0.0764 3.32083
0.0765 3.24198
0.0749 3.22867
0.1433 3.30854
0.0787 3.31878
0.0821 3.1232
0.0804 3.31469
0.0861 3.29421
0.078 3.55021
0.077 3.29728
0.0878 3.28192
0.0762 3.25939
0.0819 3.28602
0.0814 3.27475
0.0898 3.16621
0.0827 3.16826
0.0837 3.50618
0.077 3.27987
0.0778 3.26349
0.0853 3.27578
0.0826 3.25837
0.0806 3.1703
0.1454 3.19795
0.0848 3.2809
0.083 3.19693
0.0773 3.50208
0.0812 3.17952
0.1455 3.29216
0.0855 3.27066
0.0993 3.27066
0.0766 3.20205
0.0764 3.49798
0.0808 3.19181
0.0763 3.49901
0.0822 3.18771
0.1323 3.19181
0.0738 3.49389
0.0817 3.17542
0.0757 3.27168
0.1438 3.18566
0.0772 3.18874
0.0807 3.17542
0.0825 3.49389
0.0771 3.26451
0.0771 3.23482
0.0828 3.14061
0.083 3.46419
0.0875 3.1744
0.1142 3.14061
0.081 3.46624
0.0824 3.14675
0.0786 3.48058
0.0815 3.44269
0.0793 3.16621
0.0863 3.46317
0.0838 3.16211
0.0755 3.16314
0.0772 3.14778
0.0852 3.14266
0.0817 3.1447
0.1417 3.13856
0.0849 3.45293
0.0819 3.14061
0.0764 3.13139
0.0806 3.23277
0.0988 3.45395
0.0836 3.22662
0.0849 3.13344
0.0824 3.4775
0.0751 3.4519
0.0832 3.24608
0.2107 3.14573
0.0764 3.1232
0.0813 3.43245
0.0776 3.22867
0.1418 3.1447
0.0913 3.23482
0.0814 3.12422
0.1541 3.13856
0.1482 3.2297
0.0826 3.16723
0.1136 3.13344
0.076 3.23789
0.0795 3.1232
0.0796 3.13958
0.0779 3.16109
0.0786 3.2297
0.0807 3.14675
0.0776 3.45088
0.0751 3.13037
0.082 3.24096
0.1458 3.45702
0.0823 3.47648
0.0809 3.2297
0.0796 3.14982
0.0788 3.21638
0.0769 3.14675
0.0791 3.13958
0.0915 3.23482
0.0772 3.14368
0.0774 3.05152
0.0773 3.13037
0.0894 3.46419
0.1381 3.22662
0.0844 3.16006
0.147 3.13856
0.0837 3.47136
0.0857 3.1017
0.1317 3.14061
0.0896 3.15802
0.0786 3.15085
0.078 3.1529
0.0914 3.1529
0.0833 3.13446
0.0764 3.14778
0.1554 3.1447
0.079 3.46829
0.0759 3.47648
0.0826 3.13754
0.0757 3.14266
0.0758 3.13446
0.076 3.13037
0.0768 3.14675
0.1293 3.12525
0.0793 3.45498
0.0778 3.13242
0.0813 3.46112
0.0913 3.14266
0.0872 3.46317
0.0765 3.2256
0.0808 3.14778
0.0791 3.48979
0.0805 3.15597
0.0825 3.13344
0.0764 3.14061
0.0817 3.14778
0.0768 3.12627
0.0806 3.12422
0.0773 3.22765
0.1387 3.15085
0.076 3.15085
0.0828 3.14163
0.1009 3.13139
0.1417 3.14675
0.1398 3.22662
0.0929 3.21638
0.0837 3.13549
0.1428 3.1488
0.087 3.13651
0.0804 3.14573
0.0795 3.23174
0.0866 3.46931
0.082 3.13651
0.1454 3.36179
0.0824 3.14368
0.0774 3.46317
0.1341 3.24813
0.0806 3.22867
0.1324 3.13242
0.0806 3.1488
0.0856 3.12832
0.0859 3.2256
0.0835 3.47238
0.1519 3.05152
0.1057 3.14675
0.0821 3.24301
0.081 3.14778
0.0796 3.15597
0.1402 3.11706
0.08 3.15392
0.0847 3.1447
0.0746 3.2297
0.0855 3.15392
0.1436 3.46317
0.0896 3.12934
0.0845 3.13242
0.0764 3.45907
0.1362 3.47853
0.1417 3.16314
0.0815 3.44269
0.0764 3.1447
0.1658 3.15494
0.0801 3.13446
0.0815 3.23174
0.0868 3.46112
0.0745 3.14061
0.125 3.15494
0.1446 3.13344
0.1159 3.14573
0.0823 3.1703
0.0791 3.23584
0.0827 3.14061
0.0829 3.12627
0.0916 3.12525
0.0791 3.13242
0.0808 3.44678
0.0814 3.2215
0.0873 3.15802
0.0751 3.45498
0.0867 3.17235
0.0837 3.45088
0.1468 3.13446
0.0862 3.22765
0.1213 3.46419
0.0862 3.47546
0.1155 3.4775
0.0832 3.18976
0.0756 3.46931
0.0797 3.15085
0.0743 3.2215
0.0781 3.13651
0.081 3.14778
0.1389 3.23174
0.0834 3.14573
0.0863 3.4519
0.08 3.4857
0.0854 3.16621
0.1114 3.11398
0.0799 3.14982
0.0826 3.45293
0.0775 3.13446
0.0843 3.15597
0.1057 3.13446
0.0808 3.13446
0.144 3.456
0.0886 3.1529
0.0845 3.15699
0.0761 3.23584
0.0915 3.13651
0.0819 3.22355
0.081 3.16826
0.0769 3.14573
0.0777 3.21843
0.1485 3.14368
0.1426 3.14675
0.0836 3.45702
0.0807 3.46522
0.1141 3.15802
0.0891 3.22458
0.0824 3.456
0.082 3.13754
0.0744 3.44166
0.0769 3.22662
0.0803 3.14061
0.0862 3.12934
0.0815 3.14061
0.0832 3.14982
0.0822 3.4519
0.1324 3.46931
0.0965 3.23379
0.1419 3.47136
0.1385 3.22458
0.0762 3.1232
0.0766 3.13754
0.0848 3.23994
0.0889 3.15085
0.0812 3.15494
0.0809 3.14368
0.0811 3.03514
0.0764 3.44781
0.0826 3.14982
0.0812 3.44986
0.116 3.23174
0.0865 3.23277
0.0809 3.15494
0.0827 3.23072
0.0728 3.16518
0.075 3.39046
0.0829 3.24301
0.0789 3.24403
0.0951 3.23482
0.0772 3.2297
0.0855 3.13139
0.1107 3.13344
0.0837 3.23174
0.0802 3.44474
0.0765 3.24915
0.0778 3.21126
0.0757 3.44576
0.0811 3.13139
0.0807 3.14675
0.0789 3.14266
0.0844 3.20922
0.0821 3.46317
0.0769 3.25427
0.111 3.23891
0.112 3.23072
0.0837 3.44883
0.0799 3.14061
0.0756 3.22253
0.0773 3.45907
0.0774 3.14573
0.078 3.12832
0.079 3.23174
0.079 3.24915
0.0791 3.14982
0.0856 3.1529
0.079 3.21741
0.0748 3.2215
0.0766 3.14573
0.0764 3.24506
0.0853 3.23379
0.0752 3.48877
0.0758 3.22765
0.0793 3.13549
0.0901 3.2215
0.0783 3.14266
0.087 3.22253
0.0773 3.25837
0.0785 3.13037
0.1701 3.14368
0.0852 3.16416
0.0873 3.18464
0.0926 3.15085
0.0835 3.14061
0.0817 3.1488
0.0755 3.14573
0.0743 3.44883
0.1429 3.24506
0.0839 3.13549
