0.2659 1.0281
0.1966 1.02707
0.1914 1.0281
0.3504 1.0281
0.3553 1.0281
0.3224 1.0281
0.2055 1.0281
0.2946 1.15098
0.2259 1.0281
0.1908 1.15098
0.2191 1.46432
0.2297 1.15098
0.2496 1.51552
0.2919 1.14688
0.2785 1.47661
0.2381 1.14995
0.2853 1.02707
0.3303 1.03014
0.2576 1.02912
0.2604 1.024
0.2552 1.02707
0.2491 1.03834
0.2477 1.02502
0.2365 1.02707
0.2749 1.0496
0.2883 1.0281
0.2366 1.02707
0.3618 1.02707
0.28 1.0281
0.2604 1.02502
0.2501 1.0281
0.2461 1.02605
0.4901 1.0281
0.2433 1.02502
0.2401 1.02502
0.2475 1.03322
0.3282 1.02707
0.2372 1.02502
0.5059 1.02707
0.2708 1.02605
0.3058 1.02605
0.2323 1.024
0.2444 1.04038
0.2691 1.02502
0.2577 1.02502
0.248 1.02707
0.2306 1.02707
0.2635 1.02605
0.2466 1.02605
0.2445 1.02502
0.5096 1.02605
0.5164 1.02605
0.2471 1.02707
0.2382 1.024
0.2417 1.024
0.2603 1.0281
0.2593 1.0281
0.2459 1.02502
0.2333 1.0281
0.2593 1.02707
0.237 1.02605
0.2408 1.02605
0.2607 1.02502
0.3105 1.02707
0.2734 1.02502
0.2627 1.02605
0.2788 1.02707
0.2293 1.02605
0.2346 1.02707
0.2439 1.02605
0.2511 1.02912
0.2277 1.02605
0.2496 1.02605
0.25 1.02707
0.2768 1.02605
0.2459 1.02605
0.2485 1.02502
0.2495 1.02707
0.3649 1.02502
0.2423 1.02707
0.2319 1.02605
0.4483 1.02502
0.2632 1.02605
0.2379 1.02605
0.2468 1.02605
0.2848 1.02502
0.2842 1.0281
0.4164 1.02707
0.2434 1.02707
0.2699 1.02707
0.2458 1.02707
0.2475 1.02605
0.2744 1.02605
0.3772 1.02707
0.4207 1.0281
0.2358 1.02912
0.317 1.0281
0.2283 1.02912
0.2421 1.02605
0.3401 1.02502
0.4986 1.02707
0.2355 1.02707
0.4862 1.02707
0.2344 1.024
0.257 1.02502
0.2458 1.02707
0.2312 1.02502
0.425 1.02707
0.2497 1.0281
0.2428 1.03526
0.2396 1.02707
0.5292 1.024
0.2437 1.02707
0.2409 1.0281
0.2647 1.02605
0.2596 1.02707
0.2313 1.02912
0.4753 1.03117
0.2292 1.03014
0.2688 1.02502
0.2446 1.02707
0.2325 1.0281
0.2781 1.0281
0.4147 1.02605
0.283 1.03424
0.242 1.02605
0.2852 1.02707
0.4717 1.02605
0.2319 1.02502
0.247 1.02605
0.2546 1.02605
0.4416 1.02502
0.2433 1.0281
0.2339 1.02605
0.2544 1.02502
0.4713 1.02912
0.4818 1.02605
0.2563 1.024
0.2936 1.02605
0.2399 1.02502
0.2431 1.02605
0.2692 1.02912
0.2325 1.0281
0.2569 1.02707
0.3974 1.02605
0.2542 1.03014
0.2444 1.0281
0.3271 1.02707
0.232 1.02605
0.2684 1.02707
0.2697 1.02707
0.2573 1.02605
0.2851 1.024
0.2504 1.02605
0.2392 1.02707
0.253 1.02502
0.2661 1.02707
0.2551 1.02707
0.2397 1.02502
0.2462 1.03014
0.2731 1.02502
0.2461 1.024
0.2523 1.02605
0.2488 1.02605
0.2721 1.02707
0.2471 1.02502
0.2409 1.02502
0.3069 1.02707
0.2784 1.02605
0.2351 1.02707
0.459 1.02707
0.274 1.02605
0.2968 1.02605
0.3283 1.02707
0.2576 1.0281
0.2742 1.02502
0.249 1.024
0.2485 1.02707
0.2461 1.0281
0.2809 1.0281
0.2722 1.02707
0.2432 1.02605
0.2667 1.02502
0.254 1.02502
0.2448 1.03014
0.2388 1.02605
0.2731 1.0281
0.2418 1.03117
0.234 1.02707
0.4656 1.02502
0.2645 1.02605
0.2353 1.02707
0.26 1.02605
0.4734 1.02605
0.2653 1.03014
0.2311 1.02707
0.2806 1.02707
0.2435 1.02502
0.441 1.02605
0.2497 1.02605
0.2556 1.03219
0.5291 1.02502
0.2351 1.03219
0.2361 1.02605
0.2544 1.02912
0.2728 1.02707
0.2341 1.02502
0.2688 1.0281
0.2363 1.024
0.5592 1.0281
0.3659 1.03014
0.4752 1.02502
0.2561 1.02502
0.6055 1.02707
0.2392 1.02707
0.264 1.02502
0.2588 1.0281
0.2393 1.0281
0.2491 1.02707
0.2306 1.0281
0.5901 1.0281
0.238 1.02707
0.2511 1.03936
0.2476 1.02707
0.2749 1.02707
0.255 1.02707
0.2364 1.02707
0.2546 1.02707
0.2455 1.02605
0.2349 1.02605
0.2336 1.0281
0.2966 1.02605
0.2343 1.03014
0.2334 1.02707
0.3588 1.02605
0.2722 1.0281
0.235 1.02605
0.4641 1.02707
0.2329 1.02502
0.2523 1.02502
0.4104 1.02707
0.3627 1.02707
0.4926 1.02707
0.2481 1.02707
0.2337 1.02502
0.2416 1.02502
0.4633 1.02707
0.2543 1.0281
0.2395 1.02912
0.3804 1.02707
0.2674 1.02707
0.2396 1.024
0.2973 1.02605
0.2467 1.03014
0.2649 1.02707
0.2592 1.03526
0.2553 1.03014
0.2379 1.0281
0.293 1.02605
0.5059 1.0281
0.4658 1.0281
0.3568 1.02502
0.236 1.03219
0.4296 1.02605
0.2738 1.02707
0.2582 1.0281
0.2296 1.02707
0.2312 1.0281
0.2324 1.02707
0.2582 1.02502
0.448 1.02502
0.2375 1.02707
0.4283 1.0281
0.2964 1.02912
0.2421 1.02707
0.4745 1.02502
0.5078 1.02605
0.4634 1.0281
0.3924 1.02912
0.4916 1.0281
0.2683 1.02912
0.2438 1.02707
0.2341 1.02707
0.3111 1.02502
0.2645 1.02707
0.2473 1.02707
0.2346 1.02502
0.2627 1.0281
0.2576 1.02605
0.2529 1.02502
0.3158 1.02605
0.2702 1.02707
0.2643 1.0281
0.2374 1.02707
0.232 1.0281
0.2592 1.02707
0.3444 1.02502
0.4554 1.02502
0.2395 1.0281
0.2511 1.024
0.2767 1.02605
0.2558 1.02605
0.2577 1.04038
0.2413 1.03117
0.2422 1.02605
0.2339 1.02707
0.2753 1.02707
0.2548 1.0281
0.3404 1.0281
0.2571 1.0281
0.259 1.02605
0.253 1.0281
0.2404 1.02707
0.2326 1.0281
0.3274 1.02707
0.2735 1.02605
0.2488 1.0281
0.2563 1.0711
0.2455 1.02605
0.2465 1.02605
0.2515 1.02502
0.2919 1.02707
0.2447 1.02605
0.2461 1.02502
0.2578 1.0281
0.2666 1.02912
0.2424 1.02707
0.2478 1.0281
0.2422 1.02605
0.258 1.02605
0.2369 1.02912
0.2459 1.02605
0.3012 1.0281
0.3441 1.02502
0.256 1.02707
0.2595 1.02912
0.2588 1.02912
0.2347 1.02912
0.2589 1.02605
0.2471 1.02707
0.2569 1.02502
0.2303 1.02707
0.2426 1.02912
0.2413 1.02605
0.2544 1.02605
0.4633 1.02502
0.26 1.02605
0.2397 1.02707
0.2867 1.03014
0.2358 1.02707
0.4944 1.0281
0.2734 1.02707
0.2543 1.02707
0.2368 1.024
0.2393 1.0281
0.2677 1.02605
0.2534 1.02707
0.3598 1.02707
0.2463 1.02707
0.2716 1.02707
0.2822 1.02502
0.2446 1.03117
0.2659 1.02502
0.238 1.02707
0.2433 1.02502
0.2444 1.03424
0.2757 1.02707
0.2429 1.02707
0.242 1.0281
0.2505 1.0281
0.2693 1.02707
0.2431 1.02502
0.2462 1.02912
0.2368 1.0281
0.3255 1.024
0.2341 1.0281
0.2469 1.03219
0.239 1.02707
0.2707 1.0281
0.2507 1.0281
0.2331 1.02605
0.3912 1.0281
0.4529 1.02502
0.3148 1.02502
0.2364 1.02707
0.4608 1.02912
0.2581 1.0281
0.251 1.02707
0.231 1.02502
0.2335 1.02707
0.2653 1.02707
0.2304 1.03014
0.239 1.02502
0.5836 1.03117
0.458 1.02605
0.2433 1.02912
0.2432 1.02605
0.2756 1.02502
0.2564 1.02605
0.2343 1.0281
0.2334 1.03014
0.2667 1.02912
0.2354 1.03219
0.5702 1.02707
0.2368 1.02502
0.2671 1.04755
0.468 1.02707
0.2341 1.02912
0.2608 1.02502
0.2461 1.02502
0.2462 1.02707
0.2429 1.03424
0.2818 1.02605
0.2463 1.0281
0.2461 1.03014
0.2384 1.02912
0.2743 1.02707
0.2438 1.02707
0.2426 1.02605
0.29 1.02605
0.2668 1.02605
0.2444 1.03014
0.2342 1.02502
0.2821 1.02502
0.2529 1.02502
0.2447 1.02707
0.2318 1.03322
0.2481 1.02707
0.266 1.02707
0.2717 1.02502
0.2563 1.0281
0.3758 1.02605
0.4633 1.02502
0.2355 1.02605
0.2397 1.02605
0.2768 1.02707
0.4187 1.02912
0.2436 1.02605
0.2533 1.0281
0.2461 1.024
0.2346 1.02502
0.2737 1.02707
0.4515 1.02605
0.2727 1.02605
0.2415 1.02707
0.2343 1.02707
0.2596 1.02605
0.2345 1.02912
0.2393 1.02605
0.2403 1.02707
0.2685 1.0281
0.2355 1.02605
0.2335 1.0281
0.327 1.02707
0.2606 1.0281
0.2604 1.03834
0.3677 1.02912
0.2628 1.03117
0.2459 1.02502
0.2539 1.02502
0.2388 1.02912
0.2584 1.02707
0.2516 1.02912
0.2427 1.02298
0.2622 1.02912
0.266 1.02605
0.2426 1.04653
0.2408 1.024
0.2689 1.02605
0.2404 1.02707
0.467 1.0281
0.2701 1.02707
0.2791 1.02707
0.2346 1.03014
0.2334 1.02605
0.2361 1.02605
0.2594 1.02912
0.242 1.02502
0.2335 1.02707
0.2616 1.02707
0.2729 1.02605
0.2505 1.02912
0.2448 1.02912
0.2574 1.0281
0.2495 1.02707
0.2501 1.02605
0.2431 1.02707
0.2633 1.02707
0.2335 1.0281
0.2387 1.02912
0.2366 1.02912
0.2878 1.024
0.2338 1.02605
0.456 1.0281
0.2428 1.02707
0.2687 1.02912
0.2503 1.02605
0.2369 1.024
0.2938 1.024
0.2421 1.024
0.2385 1.02502
0.2561 1.02605
0.2788 1.02605
0.3542 1.02707
0.2399 1.02707
0.2795 1.02707
0.5188 1.02707
0.2538 1.02707
0.2342 1.07725
0.2422 1.02605
0.2631 1.024
0.2474 1.02707
0.3873 1.024
0.2796 1.02605
0.2463 1.02502
0.2547 1.02707
0.4734 1.02707
0.3081 1.02605
0.2415 1.0281
0.2735 1.02605
0.2656 1.03219
0.2551 1.02502
0.2397 1.0281
0.2369 1.02707
0.2498 1.02707
0.2769 1.02707
0.2323 1.03117
0.3068 1.02605
0.2859 1.02605
0.3003 1.03731
0.2464 1.02298
0.3336 1.02707
0.2754 1.02707
0.2471 1.024
0.2423 1.03014
0.2587 1.02707
0.2677 1.02912
0.4387 1.02605
0.2393 1.02707
0.2367 1.02605
0.2733 1.02605
0.2368 1.02912
0.2494 1.03014
0.2655 1.02605
0.2577 1.0537
0.2462 1.02605
0.2381 1.0281
0.266 1.0281
0.2449 1.02605
0.24 1.0281
0.2543 1.02707
0.2644 1.02502
0.244 1.02707
0.236 1.02707
0.2381 1.02912
0.2543 1.0281
0.2475 1.02707
0.2351 1.02707
0.2725 1.02502
0.2438 1.0281
0.2456 1.024
0.2651 1.02298
0.269 1.0281
0.2566 1.02912
0.2477 1.02502
0.2622 1.02707
0.2625 1.02707
0.2508 1.02502
0.2375 1.02605
0.2413 1.02707
0.2805 1.02605
0.2448 1.02912
0.2474 1.02707
0.2761 1.02502
0.2533 1.02605
0.2472 1.02707
0.2978 1.03014
0.2671 1.02707
0.3352 1.02707
0.2455 1.03322
0.2371 1.0281
0.2535 1.0281
0.2431 1.02707
0.2402 1.02707
0.2424 1.02912
0.2682 1.024
0.247 1.02605
0.243 1.02605
0.2821 1.03322
0.3803 1.02605
0.459 1.024
0.3793 1.02605
0.4673 1.02605
0.2397 1.024
0.2406 1.02707
0.2362 1.02502
0.2616 1.024
0.2445 1.02605
0.2355 1.02605
0.2319 1.02502
0.264 1.02707
0.4596 1.02605
0.3708 1.02502
0.2595 1.0281
0.2476 1.02707
0.2355 1.0281
0.4038 1.02502
0.2659 1.02605
0.2616 1.04346
0.3043 1.02912
0.248 1.03424
0.2648 1.02605
0.2595 1.02502
0.2434 1.0281
0.2467 1.02707
0.3137 1.02707
0.2485 1.02502
0.2338 1.03117
0.2495 1.02912
0.2444 1.02707
0.242 1.02912
0.2602 1.02707
0.3205 1.02912
0.2595 1.03014
0.2478 1.05472
0.2393 1.03117
0.298 1.0281
0.2416 1.02707
0.2571 1.0281
0.2336 1.02707
0.269 1.0281
0.3834 1.02707
0.2524 1.02605
0.2575 1.02707
0.2325 1.02502
0.2297 1.02502
0.2681 1.02605
0.2945 1.02707
0.4293 1.04141
0.2684 1.03117
0.2361 1.02605
0.2653 1.02707
0.2883 1.02502
0.2593 1.0281
0.242 1.02707
0.2829 1.02605
0.2401 1.02912
0.2428 1.02707
0.5005 1.0281
0.2833 1.0281
0.2429 1.04141
0.2648 1.02502
0.2688 1.02707
0.2334 1.02502
0.2435 1.0281
0.2389 1.02605
0.2672 1.02605
0.235 1.02605
0.235 1.0281
0.4411 1.03014
0.4759 1.02912
0.2334 1.0281
0.2439 1.02912
0.25 1.02912
0.2487 1.03014
0.462 1.0281
0.4552 1.02502
0.2573 1.0281
0.2561 1.0281
0.3769 1.02912
0.3627 1.02912
0.2552 1.02502
0.2382 1.0281
0.2496 1.02605
0.2376 1.02912
0.456 1.02502
0.2436 1.0281
0.2475 1.02707
0.2677 1.02912
0.3655 1.02605
0.2708 1.02912
0.2384 1.02707
0.29 1.0281
0.473 1.02707
0.316 1.06598
0.2364 1.02912
0.3625 1.02707
0.2538 1.02502
0.2856 1.02912
0.2479 1.024
0.2564 1.024
0.2474 1.0199
0.3774 1.01683
0.2841 1.01171
0.2532 1.01069
0.4805 1.00454
0.2487 1.00352
0.2529 0.997376
0.271 0.9984
0.3449 0.9984
0.2492 0.990208
0.2658 0.985088
0.2367 0.98304
0.273 0.978944
0.2342 0.974848
0.2597 0.974848
0.2437 0.969728
0.2322 0.964608
0.2949 0.961536
0.2436 0.958464
0.2895 0.958464
0.2659 0.95744
0.2929 0.958464
0.2417 0.956416
0.2339 0.961536
0.4616 0.959488
0.2662 0.95744
0.4699 0.959488
0.2365 0.959488
0.2455 0.958464
0.2666 0.955392
0.2391 0.95744
0.2305 0.958464
0.3847 0.95744
0.2339 0.96256
0.2621 0.970752
0.2406 0.963584
0.2616 0.965632
0.2434 0.965632
0.2369 0.969728
0.2414 0.9728
0.2513 0.97792
0.2361 0.98304
0.2316 0.986112
0.2281 0.989184
0.271 0.994304
0.264 0.996352
0.4462 0.9984
0.2409 1.0025
0.2397 1.00352
0.2546 1.00966
0.2389 1.00864
0.2485 1.0199
0.2393 1.0199
0.2462 1.02502
0.2418 1.02195
0.4188 1.02707
0.3589 1.02912
0.2813 1.03322
0.2437 1.03322
0.2564 1.03731
0.2501 1.04346
0.4796 1.04346
0.3586 1.0496
0.2889 1.04755
0.257 1.0496
0.2324 1.05062
0.2715 1.05165
0.2359 1.05779
0.2575 1.05267
0.2393 1.05882
0.273 1.06086
0.3005 1.06598
0.2409 1.06598
0.2354 1.06291
0.342 1.06598
0.433 1.06598
0.2476 1.06598
0.2572 1.07008
0.2813 1.06086
0.4353 1.05677
0.2545 1.0537
0.293 1.05267
0.3599 1.05267
0.2454 1.05677
0.2786 1.05267
0.2599 1.04755
0.2599 1.06189
0.2342 1.04653
0.2301 1.04243
0.2654 1.03731
0.2355 1.03526
0.2526 1.03117
0.2373 1.03014
0.2738 1.02707
0.2364 1.03322
0.3375 1.02502
0.2636 1.0199
0.2356 1.0199
0.2589 1.01581
0.2383 1.01478
0.2534 1.00966
0.2491 1.0025
0.2458 1.00454
0.2379 0.9984
0.2588 0.994304
0.2942 0.995328
0.2444 0.9984
0.4106 0.986112
0.2514 0.982016
0.2389 0.976896
0.2475 0.975872
0.2894 0.9728
0.254 0.966656
0.2502 0.96768
0.2601 0.961536
0.2949 0.959488
0.2329 0.956416
0.2843 0.950272
0.2517 0.949248
0.2608 0.943104
0.2724 0.940032
0.2486 0.935936
0.242 0.934912
0.246 0.927744
0.2988 0.924672
0.2421 0.9216
0.4463 0.9216
0.2473 0.914432
0.2455 0.91136
0.2582 0.90624
0.4451 0.904192
0.242 0.902144
0.2339 0.894976
0.2644 0.894976
0.2659 0.887808
0.2498 0.883712
0.2352 0.88064
0.2613 0.878592
0.2489 0.876544
0.2493 0.8704
0.2369 0.867328
0.2571 0.86528
0.2484 0.858112
0.2456 0.859136
0.2394 0.854016
0.2727 0.847872
0.2562 0.846848
0.2446 0.845824
0.2682 0.846848
0.3294 0.835584
0.2704 0.835584
0.2384 0.833536
0.3206 0.8448
0.2481 0.825344
0.2771 0.8448
0.4765 0.817152
0.2611 0.81408
0.4677 0.812032
0.2418 0.807936
0.2374 0.806912
0.256 0.804864
0.2465 0.802816
0.2686 0.799744
0.2525 0.796672
0.3315 0.794624
0.2277 0.790528
0.24 0.786432
0.4782 0.787456
0.3045 0.78336
0.2349 0.782336
0.2553 0.777216
0.34 0.777216
0.2201 0.774144
0.4268 0.770048
0.2953 0.768
0.2422 0.766976
0.2361 0.764928
0.2342 0.761856
0.2676 0.761856
0.2458 0.755712
0.2215 0.76288
0.384 0.75264
0.2744 0.750592
0.2229 0.749568
0.2669 0.748544
0.2105 0.743424
0.4387 0.743424
0.4081 0.74752
0.2295 0.736256
0.2195 0.730112
0.2813 0.730112
0.214 0.730112
0.226 0.726016
0.245 0.723968
0.2827 0.726016
0.2265 0.72192
0.2238 0.720896
0.2049 0.713728
0.3104 0.715776
0.4102 0.712704
0.2199 0.709632
0.2454 0.707584
0.2797 0.705536
0.2898 0.704512
0.216 0.707584
0.255 0.705536
0.2163 0.707584
0.2366 0.707584
0.2152 0.707584
0.2389 0.726016
0.218 0.707584
0.4582 0.703488
0.227 0.710656
0.335 0.70656
0.2374 0.70656
0.3953 0.705536
0.2332 0.704512
0.2243 0.705536
0.2132 0.705536
0.2146 0.707584
0.2414 0.705536
0.2131 0.70656
0.2165 0.709632
0.228 0.705536
0.2303 0.704512
0.2232 0.707584
0.4127 0.70656
0.2595 0.705536
0.2176 0.70656
0.3832 0.70656
0.3573 0.704512
0.2395 0.705536
0.2169 0.70656
0.2168 0.70656
0.2177 0.704512
0.2355 0.704512
0.216 0.70656
0.2194 0.70656
0.2495 0.70656
0.2887 0.705536
0.2267 0.70656
0.2331 0.705536
0.2259 0.70656
0.2151 0.704512
0.2752 0.705536
0.2121 0.704512
0.2354 0.705536
0.2252 0.704512
0.2236 0.704512
0.2145 0.70656
0.2485 0.705536
0.2372 0.70656
0.3362 0.705536
0.2219 0.70656
0.2451 0.703488
0.2658 0.707584
0.2094 0.705536
0.4196 0.703488
0.236 0.705536
0.2212 0.70656
0.2259 0.70656
0.2373 0.70656
0.2231 0.704512
0.2087 0.705536
0.2359 0.707584
0.2704 0.707584
0.2221 0.70656
0.2102 0.707584
0.2174 0.705536
0.2309 0.70656
0.2122 0.70656
0.2173 0.703488
0.2201 0.705536
0.228 0.709632
0.2228 0.705536
0.2181 0.70656
0.4521 0.705536
0.229 0.70656
0.2188 0.710656
0.2254 0.705536
0.2399 0.705536
0.2808 0.70656
0.2203 0.705536
0.2196 0.709632
0.2403 0.705536
0.2129 0.704512
0.22 0.705536
0.2594 0.70656
0.3128 0.70656
0.397 0.70656
0.2266 0.705536
0.272 0.70656
0.2284 0.70656
0.2391 0.720896
0.2554 0.704512
0.2435 0.709632
0.2537 0.723968
0.2284 0.705536
0.2204 0.705536
0.2593 0.70656
0.2327 0.705536
0.2242 0.707584
0.2186 0.705536
0.2244 0.705536
0.2248 0.71168
0.2566 0.70656
0.2497 0.70144
0.2285 0.697344
0.2196 0.698368
0.2121 0.693248
0.2533 0.690176
0.2853 0.689152
0.2522 0.685056
0.2785 0.681984
0.2459 0.679936
0.2206 0.676864
0.2212 0.676864
0.2212 0.672768
0.2181 0.667648
0.2265 0.664576
0.2369 0.662528
0.2338 0.66048
0.2238 0.656384
0.2233 0.654336
0.3777 0.653312
0.5115 0.649216
0.2163 0.64512
0.233 0.644096
0.2411 0.638976
0.2474 0.636928
0.2286 0.635904
0.2413 0.628736
0.2624 0.625664
