1.1441 7.05946
1.0054 7.29805
0.931 7.05946
1.6282 7.30522
2.2393 7.10246
1.5277 7.30522
0.9939 7.10246
1.8031 7.48954
1.0075 7.10246
0.9589 7.48954
1.1715 7.33798
1.0443 7.48954
1.0788 7.42093
1.2533 7.68922
1.1677 7.3472
1.0597 7.50797
1.2956 7.09018
1.281 7.32262
1.1636 7.43629
1.0898 7.42093
1.0696 7.28064
1.0603 7.35232
1.1047 7.39021
1.0481 7.3001
1.0818 7.00518
1.1855 7.26938
1.0483 7.04819
1.2195 7.05536
1.1093 7.27962
1.0835 7.05843
1.1037 7.32058
1.078 7.05946
2.1509 7.3001
1.1116 7.0615
1.0524 7.26323
1.0875 7.30726
1.1419 7.04512
1.0937 7.24992
2.5471 7.30829
1.1642 7.28986
1.1561 7.06662
1.0426 7.34413
1.0466 7.21306
1.0733 7.25402
1.0846 7.26323
1.1304 7.26323
1.0439 7.28371
1.1719 7.296
1.084 7.26835
1.0683 7.27757
1.7679 7.35027
2.1783 7.34413
1.084 7.27347
1.0428 7.31136
1.1775 7.27654
1.0631 7.2663
1.0562 7.07686
1.0827 7.06355
1.0609 7.28474
1.0524 7.27142
1.0499 7.05946
1.0737 7.29498
1.1115 7.29907
1.1209 7.2745
1.1317 7.33594
1.0883 7.25197
1.1043 7.29498
1.047 7.3001
1.0682 7.27962
1.0664 7.28883
1.0765 7.296
1.0446 7.31136
1.0859 7.28166
1.0546 7.3216
1.1503 7.06253
1.0741 7.2407
1.1745 7.30419
1.0793 7.28064
1.3647 7.05434
1.054 7.31546
1.0709 7.33286
1.3334 7.23149
1.0714 7.30931
1.0882 7.30214
1.0609 7.27962
1.0776 7.29805
1.2422 7.05434
1.4311 7.09018
1.1064 7.27347
1.0756 7.27245
1.0647 7.10758
1.1017 7.04614
1.1509 7.07277
1.2159 7.06662
1.796 7.3001
1.0621 7.08608
1.1456 7.27962
1.0534 7.32877
1.049 7.25709
1.5547 7.35539
2.1678 7.30419
1.0499 7.29702
2.1762 7.30726
1.0392 7.33389
1.0732 7.10349
1.1121 7.31648
1.0473 7.03488
1.941 7.28576
1.0716 7.07277
1.0624 7.32262
1.1663 7.0441
1.6448 7.34515
1.0472 7.04205
1.0733 7.04205
1.0848 7.07482
1.0698 7.06867
1.4785 7.24685
2.0927 7.29395
1.0655 7.36154
1.0786 7.29395
1.7625 7.23251
1.0575 7.30522
1.6118 7.2192
1.8367 7.31955
1.452 7.23968
1.1397 7.3257
1.0985 7.28986
2.1168 7.23661
1.045 7.07072
1.0883 7.26528
1.0823 7.05741
2.101 7.0912
1.061 7.31648
1.0341 7.06355
1.1256 7.06458
1.8093 7.25504
2.1544 7.29498
1.2633 7.33594
1.1287 7.23968
1.0517 7.06662
1.0495 7.28166
1.0929 7.28576
1.0785 7.33901
1.1891 7.30112
1.4014 7.28371
1.0838 7.38509
1.044 7.07891
1.154 7.25299
1.0605 7.28166
1.1071 7.28371
1.2075 7.11475
1.0953 7.04717
1.1759 7.05434
1.0735 7.27654
1.1053 7.25402
1.0745 7.07686
1.18 7.07994
1.0679 7.2704
1.0752 7.27552
1.067 7.32877
1.3199 7.25299
1.0962 7.2745
1.0836 7.2919
1.0594 7.32467
1.079 7.28064
1.698 7.0953
1.1673 7.26016
1.3135 7.2745
1.1319 7.29805
1.0481 7.30829
2.1223 7.2745
1.1337 7.34106
1.2909 7.28883
1.6178 7.30726
1.3312 7.30624
1.1702 7.28269
1.1542 7.06355
1.0945 7.31341
1.0592 7.30624
1.0989 7.04205
1.0953 7.28883
1.1848 7.0185
1.1324 7.27347
1.0675 7.0912
1.1323 7.30726
1.078 7.31136
1.1397 7.25606
1.0644 7.31034
1.0422 7.24787
2.1283 7.33389
1.0792 7.26426
1.0564 7.34925
1.1097 7.32467
2.1361 7.27962
1.1354 7.06765
1.0693 7.26221
1.396 7.29293
1.1457 7.31341
2.0784 7.3257
1.0523 7.29293
1.2614 7.33184
2.2756 7.26733
1.0466 7.05741
1.0479 7.28576
1.0753 7.02669
1.1352 7.28269
1.0963 7.07994
1.1632 7.29395
1.0254 7.24992
2.4204 7.33082
1.4462 7.28678
2.1552 7.30112
1.2102 7.28883
2.4715 7.2745
1.0617 7.30829
1.0952 7.08915
1.1062 7.29702
1.0477 7.37382
1.0518 7.30522
1.1139 7.04205
2.378 7.35949
1.0517 7.30419
1.1046 7.20077
1.0601 7.25914
1.1155 7.2704
1.0688 7.28678
1.0505 7.27347
1.3857 7.06253
1.0622 7.09734
1.0432 7.27142
1.0415 7.24787
1.1271 7.07584
1.049 7.04717
1.043 7.27245
1.3608 7.23968
1.078 7.05843
1.0473 7.06458
2.0785 7.28781
1.0438 7.27962
1.0904 7.34208
2.0548 7.30624
1.9882 7.2745
2.2109 7.04
1.0986 7.33491
1.1189 7.3769
1.084 7.05229
1.8221 7.2663
1.0683 7.23661
1.0584 7.27245
1.3873 7.31136
1.0905 7.37075
1.0484 7.07686
1.2478 7.28883
1.0665 7.27552
1.0795 7.34003
1.0879 7.03386
1.1135 7.30726
1.0919 7.37997
1.683 7.32979
2.2903 7.05638
1.9117 7.26733
1.5319 7.32979
1.0441 7.30214
1.8396 7.28064
1.1182 7.28986
1.0679 7.27962
1.0414 7.08096
1.0757 7.32877
1.0695 7.07789
1.1533 7.07891
1.8126 7.2448
1.0549 7.25811
1.9673 7.34208
1.247 7.26835
1.0459 7.13523
2.2113 7.29293
2.1927 7.28576
2.1218 7.32262
1.8112 7.32467
2.3184 7.2704
1.067 7.29395
1.0461 7.06253
1.154 7.28986
1.3087 7.34618
1.0889 7.28678
1.0764 7.07072
1.0928 7.29395
1.077 7.08096
1.1471 7.06253
1.2547 7.07994
1.1564 7.32979
1.1696 7.09018
1.0842 7.05024
1.0835 7.27757
1.1558 7.06662
1.0718 7.07789
1.577 7.29088
2.2023 7.31648
1.0594 7.10042
1.0618 7.2919
1.1351 7.27757
1.1169 7.28678
1.0715 7.1895
1.1162 7.30726
1.0531 7.31034
1.0428 7.28166
1.1775 7.28064
1.0728 7.28474
1.4721 7.32365
1.1614 7.04205
1.1355 7.2663
1.0653 7.32672
1.1148 7.28781
1.0405 7.2663
1.2372 7.11475
1.1739 7.30829
1.0991 7.29395
1.0727 7.31853
1.0865 7.26733
1.1378 7.29498
1.2102 7.33389
1.1367 7.27347
1.083 7.06867
1.0518 7.07277
1.0875 7.03898
1.0903 7.26733
1.0686 7.3175
1.131 7.28678
1.0585 7.07379
1.0782 7.31443
1.0794 7.29805
1.0676 7.36051
1.2425 7.29498
1.4044 7.08915
1.171 7.06048
1.06 7.2745
1.1147 7.26016
1.0714 7.05536
1.0562 7.2407
1.1097 7.0615
1.0637 7.08096
1.0834 7.04
1.1235 7.2663
1.0637 7.28678
1.1251 7.30112
2.1234 7.29395
1.0739 7.2919
1.7472 7.27962
1.4941 7.06355
1.068 7.07277
2.317 7.30624
1.1455 7.3001
1.064 7.27757
1.0445 7.27347
1.1142 7.30112
1.0953 7.0656
1.1824 7.31443
1.3439 7.27245
1.5806 7.31955
1.152 7.07584
1.195 7.09222
1.1262 7.35642
1.1004 7.03386
1.0757 7.31853
1.0565 7.25914
1.0777 7.07789
1.1225 7.27347
1.0647 7.3001
1.0526 7.32262
1.3414 7.26118
1.083 7.09427
1.0589 7.25606
1.2483 7.05536
1.0499 7.33286
1.1829 7.30624
1.1188 7.05638
1.1343 7.37587
1.0519 7.36973
1.0938 7.27552
1.0583 7.29907
1.0469 7.06662
1.4933 7.07891
1.7998 7.27245
1.1916 7.26835
1.1054 7.23763
2.0956 7.30931
1.0744 7.3513
1.0733 7.08608
1.0593 7.36051
1.0655 7.26221
1.1242 7.32774
1.1137 7.26733
1.1055 7.2745
2.2665 7.26323
1.8813 7.35027
1.492 7.28371
1.0785 7.34925
1.6751 7.29702
1.0818 7.31648
1.0642 7.25914
1.0875 7.28371
1.0871 7.09427
1.0815 7.05331
2.3657 7.31853
1.1413 7.25709
1.0879 7.22227
2.1134 7.0441
1.0485 7.26221
1.1705 7.24992
1.1697 7.05229
1.1053 7.31955
1.067 7.27859
1.1237 7.30214
1.0761 7.34208
1.1316 7.296
1.2225 7.31648
1.076 7.28678
1.1015 7.25914
1.0847 7.27654
1.2299 7.30726
1.1215 7.34925
1.06 7.296
1.1079 7.0697
1.1148 7.32058
1.0956 7.37485
1.1059 7.05229
1.0553 7.06048
1.0735 7.30214
1.1022 7.2745
1.0921 7.2704
1.1965 7.06765
1.9055 7.05843
2.3167 7.04512
1.0409 7.09018
1.3256 7.35232
1.1128 7.29702
1.5488 7.36973
1.0631 7.06458
1.0883 7.35232
1.0714 7.05946
1.0431 7.26938
1.1588 7.31853
1.8621 7.27757
1.5978 7.3001
1.0675 7.30419
1.0534 7.06765
1.6244 7.28576
1.1028 7.27347
1.0986 7.09427
1.0582 7.28269
1.2475 7.25811
1.0465 7.26835
1.8007 7.31341
1.2419 7.28269
1.193 7.34822
1.4347 7.25606
1.4365 7.25914
1.1649 7.07789
1.0545 7.36256
1.0833 7.26426
1.0885 7.07789
1.1183 7.07482
1.066 7.30112
1.0628 7.2745
1.0937 7.25402
1.0777 7.06662
1.0646 7.20179
1.0459 7.29088
1.125 7.35232
1.0506 7.25606
2.1551 7.04205
1.1465 7.2663
1.0882 7.25402
1.0605 7.29702
1.0809 7.25402
1.045 7.0441
1.0786 7.2745
1.0625 7.32262
1.0812 7.2919
1.0713 7.25709
1.3327 7.30624
1.0944 7.28678
1.0653 7.04205
1.1851 7.05434
1.1198 7.08403
1.125 7.3472
1.0623 7.32467
1.1041 7.29088
1.0445 7.06867
1.0846 7.3513
1.0783 7.07584
1.1044 7.27552
1.0572 7.27859
2.1528 7.06765
1.0521 7.26118
1.1044 7.26733
1.1363 7.31341
1.1812 7.06765
1.3551 7.3431
1.0697 7.26118
1.0855 7.3001
1.1214 7.37485
1.1034 7.10656
1.3048 7.04205
1.064 7.28371
1.1191 7.33286
2.1069 7.04717
1.0946 7.0441
1.0701 7.29702
1.0474 7.48646
1.089 7.29805
1.0591 7.29702
1.8802 7.08608
1.0998 7.08403
1.0782 7.07174
1.2859 7.28678
1.8695 7.26835
1.1385 7.23866
1.1694 7.25606
1.2038 7.28883
1.0907 7.08608
1.0889 7.31238
1.1364 7.05434
1.1756 7.30931
1.0648 7.23046
1.2209 7.0656
1.0442 7.06048
1.3606 7.27859
1.3704 7.31648
1.1779 7.18541
1.1254 7.33491
1.569 7.06867
1.1518 7.25606
1.0858 7.27245
1.076 7.24378
1.0616 7.28678
1.0831 7.31136
1.8269 7.04512
1.0495 7.2663
1.0522 7.30931
1.0818 7.26016
1.0792 7.33286
1.131 7.23558
1.1447 7.30931
1.0838 7.02771
1.178 7.25504
1.0865 7.31341
1.0755 7.03693
1.0626 7.26938
1.1095 7.07994
1.0735 7.3472
1.0919 7.3431
1.0843 7.05536
1.2339 7.0615
1.1071 7.34003
1.0811 7.02874
1.0708 7.32672
1.1196 7.3175
1.1743 7.05741
1.1349 7.29088
1.051 7.29395
1.1539 7.06458
1.1278 7.03078
1.1029 7.32262
1.158 7.10042
1.2297 7.34413
1.0747 7.04
1.063 7.27142
1.0785 7.296
1.0498 7.3216
1.114 7.05741
1.1094 7.30829
1.142 7.0871
1.1451 7.07072
1.0587 7.27757
1.1172 7.05331
1.2017 7.28371
1.0723 7.30931
1.3998 7.10554
1.066 7.27654
1.0569 7.36666
1.1763 7.30624
1.0675 7.01645
1.0979 7.2704
1.0899 7.29088
1.0869 7.27654
1.0649 7.04307
1.5146 7.30624
1.2971 7.07379
2.0426 7.30726
1.793 7.24992
1.7332 7.27347
1.9509 7.37178
1.058 7.05536
1.0531 7.32058
1.1066 7.28576
1.0922 7.06253
1.0652 7.05331
1.0708 7.2745
1.0739 7.27654
1.1484 7.05126
1.8614 7.28064
1.7812 7.30522
1.0715 7.26528
1.1081 7.2704
1.1667 7.25709
1.4026 7.09632
1.1529 7.28064
1.0731 7.20077
1.2959 7.30112
1.0677 7.30829
1.0755 7.03693
1.0819 7.05434
1.0531 7.2919
1.0999 7.06048
1.1624 7.24787
1.1148 7.26118
1.0615 7.33184
1.0862 7.30214
1.0519 7.3001
1.0819 7.29395
1.2184 7.28064
1.2648 7.29805
1.0687 7.24378
1.0803 7.00006
1.0712 7.31136
1.2234 7.08403
1.0534 7.27859
1.0683 7.3175
1.0503 7.33696
1.2006 7.07891
1.8098 7.28064
1.0936 7.04614
1.0869 7.0697
1.1659 7.2489
1.1039 7.30726
1.1301 7.29088
1.2193 7.28781
1.4142 7.19667
1.0907 7.07789
1.1185 7.07174
1.0775 7.26835
1.0946 7.29702
1.0665 7.26733
1.0924 7.2663
1.6873 7.25197
1.0976 7.21715
1.1403 7.34925
2.183 7.02669
1.1313 7.31546
1.1874 7.19155
1.1528 7.27347
1.0725 7.28064
1.0613 7.25811
1.078 7.26221
1.0616 7.3513
1.1182 7.26323
1.068 7.36666
1.0608 7.07379
1.8566 7.2663
2.3294 7.07277
1.0589 7.26016
1.1724 7.05331
1.0879 7.25094
1.0778 7.30624
2.1284 7.32058
2.1067 7.25094
1.098 7.23456
1.1459 7.26426
1.7079 7.27347
1.6313 7.08096
1.0794 7.24378
1.0579 7.28269
1.0566 7.31648
1.0584 7.26323
1.8874 7.29395
1.0505 7.06253
1.055 7.2704
1.2702 7.0656
1.6034 7.27757
1.0814 7.25914
1.0942 7.2704
1.1046 7.26016
2.4463 7.29907
1.1641 7.30317
1.0689 7.04922
1.2791 7.27654
1.1382 7.27552
1.2769 7.27245
1.0766 7.06253
1.0694 7.29702
1.0921 7.22637
1.7679 7.18643
1.1774 7.15366
1.1465 7.16288
2.1992 7.07994
1.1041 6.83213
1.0618 7.03693
1.1637 7.4537
1.5261 7.3513
1.0686 7.14342
1.1528 7.40762
1.0549 7.10144
1.0867 7.22739
1.0517 7.02362
1.0787 7.20998
1.0707 7.00621
1.0589 6.98573
1.1569 7.14957
1.1875 7.17619
1.1525 7.15776
1.2519 7.20691
1.1037 7.12704
1.0481 6.96627
1.7142 6.95091
2.11 6.93043
1.069 7.11168
2.1262 7.1168
1.082 7.22227
1.073 6.94477
1.0759 7.11987
1.0533 6.9161
1.0397 7.10144
1.3994 6.92941
1.0746 7.1977
1.1191 7.09734
1.0678 6.96422
1.0845 7.1721
1.068 7.17926
1.0537 7.23558
1.0661 7.23558
1.0637 7.07789
1.0625 7.27757
1.0441 7.33594
1.0465 7.12192
1.1471 7.33901
1.1556 7.08198
1.9649 7.04614
1.1331 6.86694
1.0958 7.168
1.0761 6.96218
1.0865 7.17517
1.0775 6.95398
1.0541 6.98573
1.0732 7.02669
1.062 7.24378
1.7968 7.27347
1.7861 7.3216
1.1743 7.11578
1.0476 7.18029
1.0957 7.31955
1.1593 7.33491
2.1764 7.39123
1.2115 7.40659
1.1723 7.20179
1.2012 7.51309
1.0572 7.49875
1.1535 7.4455
1.0487 7.4793
1.1959 7.48646
1.0675 7.28269
1.1189 7.51411
1.1262 7.51309
1.0593 7.28371
1.07 7.51514
3.1229 7.5264
1.8582 7.59194
1.0506 7.53562
1.117 7.52947
1.1286 7.51002
1.8546 7.49978
1.2428 7.26835
1.4684 7.47213
1.6885 7.47315
1.0673 7.24992
1.1086 7.42707
1.0853 7.47622
1.0854 7.13114
1.0484 7.43322
1.04 7.17824
1.0738 7.1127
1.075 7.31136
1.0938 7.11987
1.0661 7.28883
1.4818 7.28474
1.0473 7.26938
1.6093 7.10554
1.089 7.24275
1.1884 7.30112
1.079 7.20896
1.0719 7.24378
1.0822 6.95091
1.0689 6.84954
1.0645 7.13523
1.0617 7.4496
1.0807 7.38099
1.9513 7.37894
1.2272 7.41786
2.0263 7.1424
1.0661 7.26938
1.0929 7.3257
1.1104 7.2704
1.1053 7.21408
1.0697 7.18541
1.0702 7.1936
1.0717 7.25606
1.1627 7.11885
1.0485 7.11475
1.1629 7.14854
1.1062 6.84544
1.0954 7.03795
1.1451 7.00826
1.1317 6.99494
1.0928 6.96934
1.1024 6.73792
1.2317 6.91814
1.0646 6.88742
2.0012 6.91814
1.061 6.86387
1.0617 6.8137
1.1621 6.57203
2.0339 6.68262
1.0901 6.59968
1.048 6.6775
1.2098 6.70515
1.1588 6.68877
1.1002 6.64883
1.0536 6.6601
1.2379 6.63245
1.0495 6.58125
1.105 6.62221
1.0685 6.56077
1.0851 6.56282
1.0723 6.55053
1.0653 6.51264
1.0784 6.47885
1.1015 6.45939
1.104 6.47578
1.0666 6.42253
1.0765 6.41843
1.1743 6.36006
1.1999 6.38566
1.441 6.33856
1.1755 6.26381
1.089 6.28736
1.4881 6.26278
2.1917 6.26995
1.0653 6.27814
2.1271 6.1737
1.08 6.18598
1.075 6.13786
1.0896 6.09178
1.0907 6.12352
1.1019 6.06413
1.1242 6.11942
1.1812 6.08358
1.0166 5.97914
1.077 6.04979
1.9998 5.94022
1.264 5.94432
1.0313 5.91667
1.5426 5.8583
1.5768 5.92179
1.0627 6.01702
2.0534 6.0201
1.1045 5.92282
1.0363 5.99142
1.0298 5.89312
1.0378 5.86035
1.0953 5.86138
1.091 5.86138
1.0248 5.84602
1.9528 5.7856
1.394 5.71494
1.1003 5.7129
1.0841 5.72416
1.0192 5.72826
2.041 5.71494
2.0108 5.71187
1.04 5.66784
1.0203 5.64019
1.2183 5.64531
1.0287 5.60333
1.0684 5.60845
1.0417 5.60435
1.1127 5.57056
1.0175 5.59309
1.022 5.58592
1.0354 5.54086
1.2729 5.54189
1.2818 5.53472
1.0184 5.71187
1.0711 5.69651
1.115 5.68218
1.4758 5.70778
1.0069 5.68422
1.053 5.74362
1.0145 5.6873
1.0861 5.72314
1.0084 5.74976
1.0773 5.62176
1.0244 5.69549
2.2956 5.66886
1.1147 5.71597
1.576 5.68627
1.0339 5.71597
1.9604 5.7129
1.038 5.69958
1.015 5.72621
1.0265 5.70163
1.0329 5.74259
1.0586 5.66067
1.0236 5.69549
1.0193 5.76307
1.0536 5.7344
1.054 5.69754
1.0558 5.66989
2.0332 5.72621
1.9636 5.71392
1.0226 5.70982
1.909 5.70163
1.8227 5.68832
1.0184 5.68627
1.011 5.74566
1.0213 5.69651
1.0214 5.72826
1.037 5.70061
1.0488 5.68218
1.027 5.69958
1.0428 5.67808
1.2095 5.71187
1.092 5.68525
1.0449 5.70778
1.0661 5.69446
1.0361 5.72314
1.103 5.69958
1.0017 5.72416
1.1145 5.68934
1.0653 5.72518
1.0129 5.66579
1.0231 5.70778
1.0406 5.70061
1.1775 5.67501
1.6384 5.69958
1.0361 5.70982
1.0485 5.71392
1.055 5.74669
1.0164 5.71085
2.0635 5.72723
1.1424 5.70061
1.0611 5.70163
1.0071 5.72006
1.052 5.70675
1.0076 5.7344
1.0126 5.7385
1.0697 5.76717
1.1235 5.65658
1.0251 5.72621
1.0075 5.72518
1.0089 5.71187
1.0513 5.69037
1.0065 5.71494
1.0194 5.67603
1.0711 5.71494
1.045 5.65658
1.0731 5.71085
1.0154 5.70061
1.4509 5.70266
1.0429 5.68832
1.011 5.72314
1.012 5.72621
1.0885 5.71494
1.1432 5.71187
1.0455 5.72416
1.0025 5.7129
1.0372 5.69446
1.0171 5.67398
1.0236 5.67194
1.0845 5.70778
1.7114 5.68525
1.4034 5.70368
1.0833 5.7344
1.1377 5.74566
1.0684 5.73542
1.0408 5.61254
1.1292 5.74669
1.0613 5.6791
1.0633 5.62176
1.0634 5.71392
1.0164 5.67603
1.0611 5.69344
1.0367 5.69446
1.2647 5.68934
1.1149 5.7303
1.1068 5.65862
1.057 5.70675
1.102 5.68422
1.1336 5.62893
1.0651 5.62688
1.0224 5.61766
1.0156 5.60947
1.038 5.61664
1.3191 5.62278
1.1644 5.62381
1.122 5.54496
1.0466 5.55315
1.0616 5.57056
1.0107 5.51424
1.1535 5.48454
1.0322 5.51936
1.0404 5.53267
1.0243 5.42003
1.034 5.41901
1.0194 5.4272
1.0148 5.40262
1.8906 5.43027
2.1517 5.40058
1.0204 5.36269
1.0229 5.36883
1.1311 5.34426
1.0635 5.32173
1.047 5.31661
1.0764 5.31149
1.2175 5.31354
