0.4513 0
0.5719 0
0.1508 0
0.1501 0
0.1484 0
0.1468 0
0.1452 0
0.1775 0.452608
0.1693 0.452608
0.1529 0.453632
0.1495 0.456704
0.1444 0.452608
0.1515 0.454656
0.3199 0.453632
0.147 0.452608
0.1504 0.449536
0.1469 0.453632
0.1516 0.452608
0.1554 0.454656
0.1624 0.452608
0.1466 0.45568
0.1519 0.45568
0.1462 0.453632
0.1465 0.453632
0.1554 0.453632
0.3208 0.449536
0.1475 0.453632
0.1783 0.453632
0.1512 0.453632
0.2204 0.457728
0.1506 0.454656
0.1495 0.453632
0.144 0.454656
0.1459 0.45568
0.1558 0.452608
0.178 0.452608
0.2757 0.451584
0.1418 0.454656
0.2287 0.453632
0.1491 0.456704
0.1508 0.453632
0.1468 0.452608
0.3873 0.451584
0.1577 0.452608
0.2836 0.453632
0.1588 0.453632
0.1519 0.451584
0.1472 0.451584
0.1568 0.456704
0.3306 0.453632
0.1467 0.453632
0.1823 0.453632
0.1469 0.452608
0.1434 0.451584
0.3691 0.452608
0.2791 0.453632
0.1658 0.453632
0.1529 0.453632
0.1668 0.45568
0.1481 0.45056
0.1506 0.45568
0.1479 0.452608
0.1414 0.451584
0.1454 0.453632
0.1473 0.452608
0.1538 0.453632
0.1725 0.452608
0.1517 0.452608
0.1618 0.454656
0.1527 0.454656
0.1566 0.454656
0.1454 0.45056
0.2231 0.453632
0.17 0.452608
0.2561 0.452608
0.1715 0.452608
0.1711 0.456704
0.1451 0.452608
0.1495 0.453632
0.1814 0.45568
0.1996 0.453632
0.1525 0.45568
0.3279 0.451584
0.1459 0.454656
0.1476 0.452608
0.2451 0.453632
0.148 0.453632
0.1441 0.452608
0.1575 0.451584
0.1494 0.456704
0.1487 0.453632
0.1842 0.453632
0.1563 0.454656
0.1486 0.453632
0.1463 0.454656
0.3257 0.456704
0.1545 0.45568
0.1485 0.457728
0.2722 0.452608
0.1666 0.454656
0.1442 0.453632
0.1481 0.454656
0.3056 0.451584
0.2063 0.45056
0.1621 0.45056
0.211 0.452608
0.1594 0.451584
0.1473 0.454656
0.1458 0.453632
0.2809 0.453632
0.1536 0.452608
0.1468 0.451584
0.1496 0.45056
0.1462 0.454656
0.1499 0.453632
0.1929 0.453632
0.1469 0.458752
0.1535 0.453632
0.1725 0.453632
0.1517 0.456704
0.1489 0.453632
0.1508 0.452608
0.1465 0.453632
0.218 0.45056
0.1685 0.453632
0.1476 0.454656
0.1599 0.456704
0.1531 0.454656
0.1953 0.454656
0.1497 0.451584
0.1711 0.453632
0.1475 0.456704
0.1738 0.453632
0.1541 0.453632
0.156 0.454656
0.1587 0.452608
0.1518 0.453632
0.1451 0.453632
0.1576 0.453632
0.1541 0.454656
0.1513 0.45568
0.1536 0.451584
0.1684 0.451584
0.1457 0.451584
0.1483 0.452608
0.1548 0.454656
0.1849 0.45568
0.1475 0.451584
0.1481 0.453632
0.1493 0.453632
0.149 0.454656
0.3416 0.458752
0.1691 0.45056
0.1663 0.446464
0.1479 0.453632
0.1487 0.453632
0.1461 0.45568
0.2569 0.454656
0.156 0.453632
0.1443 0.451584
0.3294 0.45568
0.1584 0.454656
0.3631 0.454656
0.177 0.453632
0.163 0.454656
0.1473 0.452608
0.1511 0.448512
0.1527 0.451584
0.1508 0.453632
0.1573 0.452608
0.2435 0.453632
0.2489 0.456704
0.2123 0.453632
1.4509 0.456704
0.2494 0.454656
0.342 0.45056
0.366 0.45056
0.2347 0.453632
0.2522 0.452608
0.1532 0.456704
0.2061 0.45568
0.1871 0.453632
0.1562 0.45056
0.1587 0.456704
0.1502 0.453632
0.1462 0.45568
0.1458 0.45568
0.2273 0.453632
0.251 0.451584
0.149 0.454656
0.1625 0.454656
0.1457 0.454656
0.2031 0.452608
0.2853 0.452608
0.1462 0.453632
0.1468 0.454656
0.1456 0.45568
0.2542 0.453632
0.1431 0.451584
0.1487 0.453632
0.1454 0.454656
0.1587 0.452608
0.15 0.453632
0.2208 0.453632
0.1487 0.454656
0.1563 0.453632
0.1528 0.45056
0.2221 0.453632
0.1434 0.45568
0.3294 0.45568
0.3311 0.452608
0.2728 0.454656
0.2859 0.454656
0.1519 0.452608
0.2607 0.452608
0.1446 0.452608
0.33 0.453632
0.1534 0.454656
0.1625 0.452608
0.2902 0.454656
0.3275 0.454656
0.1604 0.453632
0.3502 0.454656
0.1554 0.45568
0.2565 0.454656
0.2236 0.45568
0.151 0.454656
0.1541 0.451584
0.1661 0.454656
0.1557 0.454656
0.182 0.454656
0.355 0.452608
0.2668 0.452608
0.1458 0.452608
0.159 0.452608
0.1714 0.453632
0.1581 0.454656
0.2658 0.453632
0.2386 0.454656
0.1502 0.454656
0.1533 0.456704
0.1484 0.453632
0.176 0.454656
0.1697 0.454656
0.1449 0.454656
0.1523 0.453632
0.1477 0.454656
0.2092 0.456704
0.1591 0.454656
0.1508 0.456704
0.1626 0.452608
0.149 0.45056
0.3301 0.453632
0.1644 0.454656
0.1945 0.454656
0.1467 0.452608
0.1476 0.454656
0.1422 0.453632
0.1459 0.45568
0.3305 0.454656
0.1503 0.456704
0.1661 0.45568
0.3006 0.453632
0.1613 0.456704
0.1481 0.453632
0.1472 0.452608
0.1435 0.453632
0.1489 0.453632
0.1507 0.453632
0.1461 0.45568
0.1484 0.45568
0.1475 0.454656
0.1479 0.454656
0.3298 0.453632
0.1613 0.454656
0.1452 0.454656
0.1466 0.45568
0.1475 0.45056
0.1463 0.453632
0.1508 0.453632
0.3327 0.454656
0.1445 0.453632
0.1469 0.454656
0.1473 0.452608
0.1501 0.45568
0.1591 0.45568
0.152 0.454656
0.1446 0.457728
0.1487 0.454656
0.1484 0.45568
0.1542 0.456704
0.1497 0.456704
0.1491 0.451584
0.1476 0.454656
0.1467 0.457728
0.154 0.457728
0.1599 0.456704
0.1457 0.452608
0.1892 0.452608
0.1509 0.457728
0.1446 0.454656
0.1655 0.454656
0.145 0.45568
0.1514 0.454656
0.1466 0.45056
0.1462 0.456704
0.1441 0.458752
0.15 0.45568
0.1561 0.45568
0.3459 0.45568
0.1808 0.451584
0.1497 0.454656
0.147 0.454656
0.1481 0.457728
0.1493 0.453632
0.1606 0.454656
0.321 0.45056
0.1478 0.45568
0.1521 0.454656
0.1473 0.45568
0.1679 0.452608
0.1487 0.452608
0.1583 0.453632
0.1496 0.454656
0.15 0.459776
0.149 0.45568
0.1789 0.452608
0.1529 0.45568
0.1457 0.45568
0.1465 0.454656
0.149 0.45568
0.1488 0.453632
0.1531 0.454656
0.1477 0.452608
0.2213 0.45568
0.1859 0.453632
0.2203 0.454656
0.1443 0.45568
0.1535 0.456704
0.1489 0.45568
0.1476 0.456704
0.1939 0.457728
0.1578 0.454656
0.1436 0.452608
0.2119 0.45568
0.1881 0.454656
0.2385 0.45568
0.1545 0.454656
0.1541 0.451584
0.147 0.454656
0.3368 0.453632
0.1509 0.45568
0.1478 0.45568
0.1453 0.457728
0.1476 0.457728
0.1462 0.456704
0.1494 0.45568
0.1452 0.456704
0.1439 0.454656
0.2537 0.454656
0.1669 0.456704
0.2693 0.454656
0.1448 0.456704
0.1514 0.456704
0.151 0.454656
0.1444 0.45568
0.3454 0.452608
0.1523 0.454656
0.1438 0.456704
0.3266 0.458752
0.1597 0.454656
0.1864 0.456704
0.1495 0.457728
0.1467 0.45568
0.1489 0.456704
0.144 0.454656
0.1702 0.454656
0.1516 0.459776
0.3279 0.454656
0.1497 0.454656
0.1463 0.457728
0.1482 0.457728
0.1573 0.458752
0.1472 0.45568
0.1498 0.45568
0.2022 0.453632
0.1954 0.456704
0.1519 0.454656
0.1614 0.456704
0.2111 0.457728
0.1889 0.456704
0.1744 0.456704
0.2068 0.45568
0.1496 0.45568
0.1509 0.45568
0.333 0.452608
0.2343 0.45568
0.1826 0.453632
0.155 0.454656
0.1492 0.459776
0.159 0.456704
0.2397 0.456704
0.1533 0.454656
0.1459 0.452608
0.1796 0.456704
0.1441 0.453632
0.1477 0.45056
0.1654 0.454656
0.1514 0.45568
0.1581 0.453632
0.1601 0.456704
0.144 0.457728
0.1428 0.452608
0.1485 0.45568
0.1861 0.456704
0.3298 0.45568
0.1511 0.45568
0.1502 0.45568
0.1456 0.456704
0.2337 0.452608
0.3405 0.458752
0.1449 0.454656
0.1462 0.454656
0.1544 0.454656
0.145 0.453632
0.1456 0.456704
0.1484 0.454656
0.1438 0.457728
0.1563 0.45568
0.1528 0.45568
0.3343 0.45568
0.3269 0.45568
0.2294 0.453632
0.2532 0.458752
0.2785 0.45568
0.1471 0.453632
0.1521 0.454656
0.1466 0.456704
0.1446 0.4608
0.1696 0.456704
0.1479 0.456704
0.1431 0.451584
0.1451 0.454656
0.1493 0.45568
0.1593 0.454656
0.2115 0.454656
0.2935 0.456704
0.1526 0.45568
0.1471 0.454656
0.1436 0.456704
0.1506 0.458752
0.1489 0.457728
0.1494 0.458752
0.151 0.45568
0.1505 0.456704
0.1449 0.457728
0.1497 0.457728
0.1495 0.458752
0.1634 0.456704
0.1548 0.457728
0.1491 0.457728
0.1434 0.458752
0.2023 0.459776
0.1436 0.456704
0.1717 0.458752
0.3333 0.454656
0.1731 0.458752
0.1431 0.45568
0.1558 0.456704
0.2121 0.457728
0.292 0.457728
0.332 0.457728
0.1554 0.458752
0.1471 0.458752
0.1501 0.459776
0.1453 0.45568
0.3368 0.459776
0.1533 0.457728
0.1488 0.457728
0.1662 0.457728
0.1521 0.45568
0.1492 0.457728
0.1501 0.456704
0.152 0.45568
0.1489 0.459776
0.1492 0.457728
0.1555 0.457728
0.1437 0.4608
0.3741 0.457728
0.1465 0.458752
0.1735 0.45568
0.1546 0.458752
0.145 0.457728
0.296 0.456704
0.1612 0.458752
0.3269 0.457728
0.3621 0.456704
0.1482 0.456704
0.1481 0.45568
0.1469 0.458752
0.158 0.457728
0.1497 0.456704
0.2741 0.45568
0.1543 0.458752
0.147 0.458752
0.3539 0.457728
0.1529 0.458752
0.2242 0.456704
0.3194 0.454656
0.1485 0.457728
0.1652 0.456704
0.1589 0.457728
0.1496 0.461824
0.1567 0.456704
0.144 0.457728
0.1434 0.456704
0.1485 0.458752
0.3295 0.457728
0.2953 0.456704
0.1647 0.458752
0.1921 0.456704
0.1999 0.454656
0.1565 0.458752
0.1498 0.452608
0.1578 0.457728
0.16 0.456704
0.1509 0.457728
0.1511 0.456704
0.1478 0.456704
0.239 0.457728
0.3611 0.458752
0.1751 0.454656
0.1536 0.45568
0.1528 0.456704
0.1498 0.457728
0.1473 0.452608
0.1595 0.457728
0.1799 0.459776
0.1455 0.45568
0.1471 0.456704
0.1474 0.456704
0.1432 0.456704
0.3296 0.457728
0.3019 0.456704
0.3281 0.456704
0.1559 0.453632
0.1446 0.456704
0.148 0.453632
0.1507 0.457728
0.1489 0.4608
0.151 0.456704
0.1464 0.457728
0.2323 0.45568
0.1509 0.45568
0.2432 0.458752
0.1906 0.457728
0.2313 0.456704
0.1452 0.45568
0.1464 0.457728
0.1462 0.454656
0.1436 0.457728
0.2 0.454656
0.2132 0.45568
0.149 0.456704
0.1463 0.458752
0.3315 0.456704
0.1555 0.457728
0.1497 0.458752
0.1495 0.456704
0.1489 0.454656
0.27 0.458752
0.1476 0.456704
0.1482 0.458752
0.1694 0.45568
0.1508 0.456704
0.1475 0.457728
0.1812 0.457728
0.148 0.456704
0.2662 0.456704
0.2331 0.457728
0.161 0.458752
0.1464 0.456704
0.1672 0.456704
0.344 0.453632
0.1486 0.457728
0.1438 0.456704
0.1482 0.45568
0.1579 0.457728
0.1455 0.459776
0.1618 0.45568
0.2257 0.456704
0.3481 0.457728
0.1767 0.459776
0.1454 0.457728
0.1424 0.457728
0.1466 0.458752
0.1512 0.458752
0.1472 0.456704
0.1568 0.458752
0.1534 0.457728
0.1467 0.456704
0.3429 0.454656
0.1478 0.457728
0.1451 0.457728
0.1632 0.457728
0.1463 0.456704
0.1457 0.452608
0.1463 0.454656
0.1586 0.45568
0.1522 0.458752
0.2506 0.45568
0.151 0.456704
0.1512 0.453632
0.1509 0.457728
0.1776 0.454656
0.2602 0.45568
0.2258 0.456704
0.1561 0.456704
0.1713 0.457728
0.2037 0.456704
0.212 0.457728
0.192 0.456704
0.1494 0.457728
0.1489 0.457728
0.1494 0.458752
0.1465 0.456704
0.2071 0.45568
0.2417 0.456704
0.1552 0.457728
0.1494 0.456704
0.1549 0.458752
0.1562 0.459776
0.1489 0.457728
0.1491 0.456704
0.1542 0.45568
0.1484 0.45568
0.149 0.458752
0.1504 0.45568
0.1559 0.45568
0.3481 0.45568
0.1587 0.45568
0.15 0.456704
0.1537 0.454656
0.1472 0.456704
0.1555 0.456704
0.1603 0.454656
0.1445 0.45568
0.1457 0.456704
0.1535 0.454656
0.1446 0.45568
0.146 0.45568
0.2922 0.456704
0.3291 0.45568
0.1437 0.45568
0.1466 0.45568
0.1549 0.45568
0.1613 0.457728
0.1451 0.456704
0.1514 0.456704
0.1555 0.457728
0.1585 0.458752
0.148 0.456704
0.1485 0.45568
0.3226 0.45568
0.1445 0.456704
0.1468 0.456704
0.145 0.454656
0.145 0.453632
0.1508 0.454656
0.1494 0.454656
0.3233 0.457728
0.144 0.45568
0.1577 0.457728
0.1542 0.454656
0.2389 0.454656
0.1431 0.456704
0.1673 0.459776
0.1793 0.458752
0.1494 0.458752
0.1721 0.456704
0.1436 0.457728
0.1491 0.458752
0.2002 0.456704
0.1466 0.45568
0.2111 0.454656
0.1661 0.457728
0.1519 0.457728
0.1451 0.454656
0.1498 0.456704
0.2394 0.454656
0.1499 0.458752
0.1482 0.45568
0.1484 0.459776
0.1468 0.454656
0.1511 0.458752
0.147 0.459776
0.1494 0.456704
0.1486 0.456704
0.1972 0.456704
0.1496 0.457728
0.1459 0.457728
0.2129 0.456704
0.1596 0.458752
0.1471 0.456704
0.1509 0.456704
0.1485 0.458752
0.3267 0.458752
0.197 0.456704
0.1492 0.45568
0.3222 0.454656
0.1487 0.459776
0.1538 0.457728
0.1611 0.458752
0.147 0.453632
0.1433 0.456704
0.1502 0.45568
0.3329 0.456704
0.1599 0.458752
0.1495 0.45568
0.2853 0.456704
0.1548 0.456704
0.1467 0.456704
0.1486 0.456704
0.1475 0.454656
0.1447 0.456704
0.1468 0.452608
0.1501 0.456704
0.1458 0.456704
0.3501 0.45568
0.3331 0.457728
0.1476 0.45568
0.1428 0.457728
0.3447 0.457728
0.1705 0.457728
0.3289 0.454656
0.147 0.456704
0.15 0.457728
0.1472 0.453632
0.1487 0.45568
0.1459 0.45568
0.1587 0.45568
0.1438 0.456704
0.1445 0.457728
0.1503 0.454656
0.1454 0.454656
0.2296 0.458752
0.1529 0.454656
0.1512 0.453632
0.1464 0.456704
0.1475 0.45568
0.3219 0.454656
0.1828 0.454656
0.1488 0.456704
0.1497 0.456704
0.1438 0.45568
0.1499 0.452608
0.1661 0.457728
0.1503 0.457728
0.1463 0.45568
0.1499 0.45568
0.1505 0.456704
0.2511 0.456704
0.313 0.45568
0.1535 0.457728
0.1486 0.457728
0.1785 0.45568
0.1457 0.457728
0.1443 0.45568
0.1494 0.456704
0.1549 0.458752
0.1505 0.45056
0.1817 0.453632
0.1509 0.456704
0.1611 0.45568
0.1708 0.45568
0.1984 0.453632
0.1533 0.45568
0.1917 0.454656
0.1869 0.45568
0.169 0.449536
0.1787 0.456704
0.1508 0.456704
0.148 0.453632
0.1481 0.45568
0.1495 0.456704
0.1467 0.454656
0.1651 0.457728
0.3462 0.454656
0.1518 0.454656
0.1531 0.456704
0.151 0.457728
0.1476 0.456704
0.1486 0.457728
0.148 0.456704
0.1499 0.456704
0.152 0.454656
0.147 0.457728
0.1457 0.457728
0.2498 0.456704
0.1497 0.456704
0.1465 0.457728
0.1521 0.454656
0.1466 0.459776
0.1447 0.456704
0.1639 0.457728
0.149 0.456704
0.1546 0.45568
0.1551 0.456704
0.144 0.452608
0.1479 0.45568
0.1897 0.456704
0.1536 0.45568
0.2447 0.454656
0.1533 0.458752
0.1459 0.45568
0.1505 0.458752
0.1491 0.457728
0.1459 0.456704
0.1525 0.457728
0.1515 0.45568
0.1472 0.451584
0.3279 0.454656
0.2506 0.457728
0.2489 0.456704
0.1441 0.457728
0.3254 0.458752
0.1456 0.456704
0.1478 0.45568
0.1517 0.457728
0.1486 0.454656
0.1462 0.45568
0.1556 0.45568
0.1692 0.459776
0.1442 0.456704
0.2484 0.454656
0.1451 0.456704
0.2767 0.457728
0.1468 0.45568
0.1569 0.459776
0.1631 0.459776
0.2367 0.456704
0.1484 0.456704
0.1461 0.456704
0.2378 0.456704
0.2118 0.457728
0.1473 0.45568
0.1521 0.45568
0.1448 0.458752
0.1464 0.454656
0.3243 0.459776
0.1496 0.451584
0.1459 0.45568
0.15 0.457728
0.1735 0.457728
0.1868 0.457728
0.178 0.45568
0.1503 0.45056
0.1512 0.457728
0.1518 0.454656
0.2193 0.458752
0.2124 0.45568
0.1531 0.45568
0.1568 0.453632
0.1533 0.45568
0.1714 0.457728
0.1508 0.45568
0.1427 0.456704
0.1477 0.459776
0.1507 0.45568
0.1442 0.454656
0.1572 0.456704
0.334 0.457728
0.2742 0.456704
0.1724 0.458752
0.3289 0.454656
0.1499 0.45568
0.1777 0.453632
0.1449 0.456704
0.1504 0.454656
0.1527 0.454656
0.2131 0.454656
0.1574 0.45568
0.2426 0.45568
0.1459 0.457728
0.1645 0.454656
0.2482 0.458752
0.1466 0.456704
0.2451 0.45568
0.2812 0.456704
0.1506 0.45568
0.1438 0.45568
0.168 0.456704
0.1497 0.454656
0.1613 0.459776
0.149 0.45568
0.2135 0.454656
0.3884 0.45568
0.17 0.4608
0.1468 0.45568
0.1481 0.45568
0.1585 0.454656
0.1455 0.456704
0.1459 0.457728
0.1499 0.458752
0.1451 0.45568
0.2836 0.456704
0.1559 0.454656
0.1494 0.453632
0.2309 0.456704
0.1497 0.456704
0.3805 0.456704
0.2163 0.45568
0.1498 0.456704
0.2404 0.45568
0.1702 0.456704
0.1576 0.458752
0.3393 0.456704
0.3329 0.457728
0.1923 0.45568
0.1543 0.45568
0.2052 0.45568
0.2341 0.456704
0.162 0.458752
0.2215 0.45568
0.1537 0.45568
0.1497 0.458752
0.1555 0.457728
0.1473 0.451584
0.1946 0.456704
0.1478 0.456704
0.2614 0.456704
0.1549 0.457728
0.213 0.458752
0.1511 0.457728
0.2215 0.454656
0.3506 0.453632
0.1901 0.458752
0.152 0.457728
0.2852 0.454656
0.1594 0.452608
0.2485 0.45568
0.1707 0.45568
0.1913 0.457728
0.3355 0.45568
0.1484 0.45568
0.3316 0.452608
0.148 0.456704
0.1592 0.456704
0.1525 0.456704
0.146 0.458752
0.1514 0.457728
0.3582 0.457728
0.2196 0.456704
0.1506 0.45568
0.144 0.45568
0.1433 0.454656
0.1474 0.45568
0.1467 0.457728
0.4243 0.456704
0.1641 0.458752
0.2489 0.45568
0.153 0.454656
0.325 0.457728
0.3307 0.457728
0.3239 0.458752
0.1471 0.454656
0.2417 0.45568
0.149 0.454656
0.2087 0.456704
0.334 0.457728
0.173 0.456704
0.1622 0.457728
0.2523 0.458752
0.1515 0.457728
0.2208 0.458752
0.1508 0.454656
0.1453 0.457728
0.2574 0.458752
0.2538 0.45568
0.1466 0.456704
0.1455 0.458752
0.2548 0.45568
0.4063 0.45568
0.2492 0.459776
0.1536 0.456704
0.3703 0.459776
0.3478 0.459776
0.2522 0.458752
0.2527 0.456704
0.2377 0.458752
0.2628 0.457728
0.1618 0.457728
0.3295 0.457728
0.1565 0.456704
0.2227 0.456704
0.19 0.457728
0.1445 0.456704
0.2412 0.456704
0.1461 0.457728
0.1552 0.458752
0.3412 0.459776
0.1517 0.459776
0.3404 0.458752
0.1519 0.458752
0.2597 0.456704
0.2643 0.457728
0.3347 0.456704
0.1456 0.456704
0.1801 0.45568
0.2427 0.45568
0.2371 0.453632
0.3843 0.459776
0.2325 0.458752
0.1636 0.45568
0.2188 0.456704
0.1867 0.45568
0.398 0.45568
0.2143 0.459776
0.1468 0.457728
0.3403 0.457728
0.2581 0.456704
0.1535 0.459776
0.1461 0.458752
0.23 0.458752
