0.3319 0.238592
0.3442 0.24064
0.3893 0.238592
0.4062 0.24064
0.4381 0.23552
0.2279 0.239616
0.2698 0.23552
0.4277 0.239616
0.2103 0.23552
0.4383 0.239616
0.212 0.2304
0.2024 0.239616
0.2121 0.623616
0.2424 0.231424
0.2468 0.239616
0.2395 0.231424
0.2379 0.357376
0.2125 0.232448
0.2109 0.243712
0.225 0.232448
0.2071 0.236544
0.2188 0.232448
0.2232 0.238592
0.2113 0.239616
0.2338 0.236544
0.4648 0.238592
0.4505 0.238592
0.2175 0.239616
0.5428 0.23552
0.4681 0.231424
0.2263 0.236544
0.5005 0.242688
0.2308 0.248832
0.2047 0.2304
0.3938 0.231424
0.2175 0.237568
0.43 0.232448
0.2216 0.238592
0.5305 0.239616
0.4731 0.233472
0.2092 0.236544
0.4691 0.237568
0.2046 0.238592
0.2175 0.23552
0.2158 0.237568
0.4656 0.24064
0.2074 0.233472
0.2182 0.236544
0.3906 0.239616
0.2082 0.234496
0.211 0.232448
0.2364 0.237568
0.3605 0.233472
0.2229 0.237568
0.2138 0.238592
0.4874 0.236544
0.3942 0.236544
0.4338 0.236544
0.2114 0.232448
0.2191 0.241664
0.2157 0.233472
0.2175 0.239616
0.3393 0.24064
0.2069 0.236544
0.2092 0.239616
0.3878 0.236544
0.4005 0.237568
0.2098 0.237568
0.3248 0.222208
0.4477 0.223232
0.2909 0.22528
0.2124 0.223232
0.2216 0.226304
0.2226 0.226304
0.3029 0.22528
0.2086 0.224256
0.3311 0.219136
0.3476 0.22528
0.2236 0.19968
0.4498 0.441344
0.3231 0.443392
0.2081 0.575488
0.4442 0.456704
0.2876 0.432128
0.3334 0.202752
0.2197 0.591872
0.3121 0.310272
0.4598 0.442368
0.4467 0.405504
0.4021 0.437248
0.2083 0.582656
0.2119 0.420864
0.3071 0.421888
0.2975 0.442368
0.4917 0.309248
0.3202 0.586752
0.3832 0.210944
0.3298 0.449536
0.4135 0.418816
0.4583 0.571392
0.2223 0.570368
0.2239 0.439296
0.2061 0.3072
0.2431 0.412672
0.2107 0.3072
0.3439 0.57856
0.4386 0.427008
0.4105 0.41984
0.2091 0.45056
0.2112 0.304128
0.2086 0.418816
0.422 0.436224
0.2092 0.422912
0.2134 0.434176
0.212 0.308224
0.2145 0.44032
0.2154 0.439296
0.2239 0.309248
0.2166 0.416768
0.2942 0.45568
0.3864 0.432128
0.2146 0.607232
0.2362 0.429056
0.2157 0.434176
0.2078 0.421888
0.21 0.439296
0.2816 0.439296
0.2066 0.3072
0.4785 0.427008
0.4988 0.434176
0.3477 0.433152
0.3339 0.407552
0.2207 0.304128
0.2182 0.425984
0.2476 0.58368
0.2192 0.432128
0.3011 0.617472
0.3983 0.301056
0.2384 0.420864
0.3183 0.405504
0.3068 0.577536
0.216 0.434176
0.4998 0.328704
0.4367 0.432128
0.298 0.3072
0.3829 0.438272
0.3893 0.420864
0.5834 0.574464
0.4153 0.431104
0.2945 0.433152
0.2063 0.41984
0.2449 0.436224
0.2221 0.428032
0.2158 0.57856
0.3009 0.448512
0.5422 0.30208
0.6054 0.3072
0.2914 0.309248
0.5336 0.576512
0.3105 0.427008
0.3163 0.44544
0.3066 0.417792
0.2089 0.451584
0.4119 0.446464
0.2317 0.429056
0.2093 0.417792
0.3332 0.58368
0.3571 0.423936
0.2362 0.3072
0.2101 0.295936
0.3247 0.300032
0.2044 0.41472
0.3396 0.30208
0.2138 0.433152
0.2098 0.458752
0.3489 0.402432
0.3441 0.576512
0.2158 0.416768
0.2078 0.434176
0.3756 0.432128
0.559 0.580608
0.2172 0.425984
0.4938 0.443392
0.4638 0.432128
0.2176 0.581632
0.22 0.42496
0.4852 0.439296
0.3858 0.44032
0.5448 0.452608
0.2282 0.574464
0.2614 0.436224
0.4113 0.3072
0.2507 0.423936
0.2178 0.304128
0.2402 0.575488
0.2113 0.416768
0.217 0.439296
0.3067 0.428032
0.2079 0.420864
0.4605 0.416768
0.2109 0.459776
0.215 0.603136
0.415 0.304128
0.3537 0.434176
0.4224 0.4096
0.4662 0.310272
0.5426 0.423936
0.2957 0.56832
0.3437 0.45056
0.2648 0.423936
0.4847 0.299008
0.2453 0.308224
0.2167 0.453632
0.4645 0.606208
0.2307 0.431104
0.2653 0.434176
0.2493 0.429056
0.2119 0.571392
0.2512 0.434176
0.5252 0.304128
0.3223 0.575488
0.3666 0.304128
0.3757 0.607232
0.2098 0.580608
0.2178 0.575488
0.242 0.304128
0.3072 0.301056
0.4337 0.436224
0.3703 0.410624
0.2199 0.587776
0.2092 0.422912
0.2132 0.422912
0.4084 0.569344
0.2119 0.305152
0.2148 0.575488
0.2134 0.306176
0.2177 0.582656
0.3981 0.576512
0.2082 0.443392
0.2116 0.4352
0.3429 0.451584
0.2098 0.60416
0.2337 0.428032
0.2068 0.333824
0.2138 0.453632
0.2083 0.45056
0.2143 0.428032
0.3228 0.579584
0.2207 0.295936
0.2208 0.56832
0.293 0.300032
0.2122 0.305152
0.2311 0.438272
0.2118 0.579584
0.2644 0.60416
0.2117 0.30208
0.2106 0.41984
0.2112 0.42496
0.2145 0.42496
0.2247 0.421888
0.2115 0.470016
0.212 0.580608
0.2484 0.439296
0.4802 0.422912
0.2125 0.420864
0.3472 0.422912
0.4618 0.425984
0.2112 0.442368
0.4864 0.579584
0.2276 0.442368
0.206 0.325632
0.207 0.301056
0.2175 0.438272
0.2062 0.423936
0.2097 0.432128
0.2158 0.297984
0.2195 0.210944
0.2099 0.2048
0.2111 0.584704
0.2027 0.212992
0.2131 0.3072
0.2073 0.305152
0.2117 0.421888
0.2109 0.297984
0.2131 0.303104
0.2022 0.591872
0.2148 0.20992
0.2916 0.305152
0.4715 0.411648
0.2171 0.437248
0.4878 0.30208
0.2122 0.43008
0.2322 0.415744
0.2074 0.41472
0.2117 0.30208
0.3308 0.576512
0.2142 0.300032
0.2439 0.422912
0.4188 0.57856
0.5077 0.305152
0.2704 0.301056
0.2593 0.421888
0.2126 0.585728
0.2092 0.605184
0.2318 0.304128
0.2149 0.304128
0.2068 0.40448
0.2074 0.439296
0.2213 0.422912
0.2154 0.415744
0.4582 0.428032
0.2296 0.214016
0.21 0.206848
0.2097 0.210944
0.27 0.20992
0.2119 0.208896
0.2075 0.207872
0.2247 0.444416
0.2138 0.2048
0.2112 0.208896
0.2148 0.4096
0.2129 0.457728
0.2113 0.328704
0.4589 0.446464
0.2037 0.45568
0.506 0.297984
0.4691 0.454656
0.2093 0.461824
0.2142 0.328704
0.2148 0.427008
0.2237 0.444416
0.2198 0.3072
0.2256 0.581632
0.2087 0.569344
0.3814 0.428032
0.2408 0.297984
0.2091 0.425984
0.2114 0.304128
0.3197 0.418816
0.2132 0.304128
0.2259 0.301056
0.2746 0.306176
0.2842 0.420864
0.2077 0.429056
0.2868 0.305152
0.2382 0.413696
0.2177 0.43008
0.2282 0.436224
0.4141 0.439296
0.2074 0.442368
0.2632 0.400384
0.2076 0.304128
0.5588 0.309248
0.4646 0.576512
0.2016 0.612352
0.2138 0.589824
0.2905 0.306176
0.2172 0.425984
0.5046 0.60928
0.2191 0.421888
0.2033 0.405504
0.5143 0.328704
0.3147 0.442368
0.212 0.464896
0.2083 0.433152
0.4084 0.452608
0.407 0.441344
0.2091 0.439296
0.2121 0.42496
0.4918 0.579584
0.4853 0.454656
0.2737 0.323584
0.2057 0.603136
0.4566 0.423936
0.2289 0.415744
0.4981 0.428032
0.3705 0.4352
0.3863 0.421888
0.2056 0.43008
0.2208 0.41984
0.2112 0.300032
0.2238 0.334848
0.2232 0.444416
0.474 0.57344
0.2113 0.412672
0.2038 0.438272
0.3096 0.29696
0.2024 0.437248
0.2253 0.41984
0.2398 0.603136
0.2168 0.420864
0.2146 0.61952
0.2878 0.449536
0.2085 0.428032
0.2146 0.431104
0.2071 0.415744
0.2083 0.434176
0.2077 0.41472
0.4006 0.305152
0.3034 0.423936
0.2252 0.43008
0.21 0.423936
0.2432 0.436224
0.211 0.439296
0.2078 0.423936
0.2114 0.41984
0.2081 0.423936
0.2221 0.582656
0.2091 0.301056
0.2788 0.433152
0.2344 0.441344
0.2513 0.41984
0.2137 0.308224
0.2205 0.429056
0.2175 0.431104
0.2594 0.416768
0.212 0.432128
0.2068 0.41984
0.2126 0.579584
0.2141 0.443392
0.2186 0.615424
0.2064 0.434176
0.2406 0.229376
0.2643 0.243712
0.4847 0.234496
0.3736 0.239616
0.4653 0.24064
0.2168 0.232448
0.226 0.243712
0.2175 0.236544
0.2221 0.234496
0.2118 0.24576
0.2128 0.237568
0.2441 0.233472
0.2199 0.23552
0.4862 0.237568
0.2114 0.239616
0.2186 0.234496
0.2067 0.238592
0.2132 0.234496
0.4733 0.242688
0.2064 0.238592
0.2121 0.238592
0.2241 0.24064
0.2218 0.242688
0.2144 0.232448
0.2609 0.238592
0.4012 0.236544
0.271 0.233472
0.2195 0.238592
0.2144 0.236544
0.2304 0.24064
0.2057 0.239616
0.2031 0.236544
0.2348 0.24064
0.4138 0.238592
0.2167 0.241664
0.2106 0.233472
0.2107 0.237568
0.2874 0.239616
0.3898 0.232448
0.2819 0.233472
0.2044 0.24064
0.2011 0.236544
0.229 0.232448
0.2143 0.238592
0.2178 0.244736
0.2208 0.234496
0.2166 0.239616
0.2059 0.233472
0.2184 0.229376
0.2192 0.232448
0.2101 0.24064
0.4036 0.233472
0.2072 0.239616
0.2192 0.237568
0.2143 0.239616
0.2096 0.23552
0.2082 0.236544
0.2112 0.236544
0.2019 0.2304
0.2082 0.239616
0.2122 0.233472
0.2037 0.232448
0.2086 0.232448
0.2634 0.238592
0.2154 0.238592
0.2089 0.244736
0.265 0.238592
0.4367 0.244736
0.2129 0.23552
0.2128 0.24064
0.2077 0.239616
0.2096 0.241664
0.2085 0.242688
0.2058 0.234496
0.218 0.229376
0.2794 0.233472
0.209 0.234496
0.2321 0.23552
0.2119 0.244736
0.2002 0.233472
0.2122 0.231424
0.2794 0.236544
0.2076 0.234496
0.2142 0.236544
0.2191 0.234496
0.4982 0.229376
0.4058 0.24064
0.2228 0.238592
0.4315 0.237568
0.2125 0.236544
0.2245 0.234496
0.2094 0.23552
0.2083 0.234496
0.2277 0.238592
0.2169 0.236544
0.2237 0.242688
0.2876 0.236544
0.2254 0.237568
0.4373 0.23552
0.3796 0.241664
0.3396 0.231424
0.2424 0.233472
0.2116 0.24064
0.2077 0.239616
0.216 0.236544
0.2092 0.233472
0.2104 0.236544
0.2072 0.242688
0.2089 0.238592
0.2055 0.233472
0.6996 0.232448
0.4622 0.239616
0.4258 0.234496
0.223 0.233472
0.2604 0.236544
0.3824 0.242688
0.4211 0.246784
0.2607 0.237568
0.2047 0.23552
0.21 0.237568
0.2115 0.231424
0.2171 0.239616
0.2167 0.232448
0.2642 0.237568
0.248 0.237568
0.441 0.239616
0.2218 0.23552
0.5219 0.242688
0.2649 0.231424
0.2121 0.232448
0.2001 0.241664
0.212 0.233472
0.2689 0.23552
0.2049 0.241664
0.206 0.239616
0.4737 0.237568
0.2038 0.24064
0.4748 0.232448
0.2094 0.233472
0.2051 0.238592
0.2158 0.241664
0.2333 0.236544
0.2071 0.23552
0.2311 0.232448
0.2092 0.232448
0.2076 0.23552
0.2668 0.242688
0.2206 0.23552
0.2123 0.232448
0.2106 0.239616
0.2088 0.233472
0.2093 0.234496
0.2323 0.232448
0.2071 0.237568
0.2061 0.23552
0.2119 0.24064
0.2114 0.233472
0.202 0.234496
0.2164 0.237568
0.2112 0.238592
0.2142 0.231424
0.2135 0.24064
0.241 0.232448
0.2066 0.234496
0.2081 0.23552
0.2857 0.23552
0.2103 0.24064
0.2149 0.2304
0.2154 0.234496
0.2103 0.23552
0.2104 0.238592
0.2149 0.239616
0.3401 0.236544
0.243 0.24064
0.2119 0.24064
0.2164 0.234496
0.2112 0.234496
0.2108 0.233472
0.2082 0.23552
0.2414 0.243712
0.211 0.23552
0.2126 0.236544
0.4684 0.238592
0.2123 0.233472
0.4754 0.237568
0.207 0.24064
0.2171 0.23552
0.2078 0.236544
0.2193 0.232448
0.4154 0.243712
0.222 0.231424
0.2065 0.234496
0.2124 0.229376
0.2296 0.237568
0.2201 0.239616
0.452 0.231424
0.474 0.24064
0.2475 0.243712
0.2193 0.233472
0.2049 0.237568
0.239 0.236544
0.2095 0.232448
0.4727 0.23552
0.2098 0.231424
0.2498 0.24064
0.4349 0.238592
0.2077 0.236544
0.2382 0.23552
0.2068 0.24064
0.2177 0.234496
0.4429 0.231424
0.4356 0.237568
0.2132 0.236544
0.224 0.237568
0.2184 0.234496
0.2085 0.244736
0.2118 0.236544
0.218 0.243712
0.3576 0.239616
0.5138 0.236544
0.4261 0.237568
0.2135 0.236544
0.2135 0.239616
0.2112 0.238592
0.2147 0.243712
0.2024 0.241664
0.2145 0.23552
0.2084 0.233472
0.2076 0.234496
0.2154 0.233472
0.2057 0.238592
0.3214 0.234496
0.2239 0.237568
0.3976 0.238592
0.2476 0.24064
0.2067 0.234496
0.2086 0.237568
0.2336 0.236544
0.2109 0.236544
0.2069 0.239616
0.2072 0.237568
0.2119 0.244736
0.2132 0.234496
0.2075 0.24064
0.2363 0.236544
0.2123 0.232448
0.2847 0.236544
0.3787 0.237568
0.5057 0.237568
0.3274 0.238592
0.2057 0.233472
0.2223 0.24576
0.2071 0.237568
0.2067 0.234496
0.2058 0.236544
0.2416 0.233472
0.205 0.233472
0.391 0.233472
0.2927 0.23552
0.4499 0.242688
0.2115 0.242688
0.323 0.231424
0.2316 0.238592
0.2056 0.236544
0.2214 0.241664
0.2136 0.232448
0.2402 0.243712
0.2233 0.23552
0.2387 0.249856
0.2188 0.234496
0.2066 0.24064
0.206 0.231424
0.2474 0.24064
0.2126 0.24064
0.2061 0.239616
0.2123 0.234496
0.2166 0.238592
0.2077 0.234496
0.2922 0.23552
0.2361 0.237568
0.2083 0.237568
0.2014 0.238592
0.2204 0.236544
0.2112 0.236544
0.2104 0.233472
0.2218 0.238592
0.2206 0.2304
0.2022 0.241664
0.205 0.239616
0.2159 0.232448
0.2139 0.234496
0.2144 0.242688
0.2132 0.23552
0.2089 0.241664
0.4464 0.2304
0.2029 0.237568
0.209 0.237568
0.2091 0.23552
0.2101 0.24064
0.2064 0.233472
0.2226 0.234496
0.2088 0.231424
0.2119 0.238592
0.2115 0.233472
0.2192 0.23552
0.208 0.232448
0.2052 0.236544
0.4438 0.239616
0.4772 0.236544
0.2971 0.242688
0.2082 0.23552
0.5334 0.243712
0.2139 0.238592
0.2302 0.239616
0.2036 0.24064
0.4362 0.242688
0.2108 0.23552
0.2239 0.239616
0.2089 0.238592
0.2317 0.24576
0.3047 0.228352
0.4919 0.23552
0.2017 0.234496
0.2099 0.237568
0.2148 0.237568
0.2159 0.236544
0.2233 0.232448
0.4361 0.241664
0.2111 0.238592
0.226 0.24576
0.2121 0.24064
0.4297 0.236544
0.3243 0.237568
0.217 0.244736
0.4649 0.23552
0.2183 0.236544
0.2229 0.237568
0.2104 0.241664
0.3368 0.238592
0.2131 0.238592
0.2175 0.231424
0.2111 0.236544
0.206 0.24064
0.2128 0.238592
0.2049 0.234496
0.2244 0.2304
0.2212 0.24064
0.2055 0.233472
0.2085 0.234496
0.4075 0.23552
0.2065 0.23552
0.2135 0.234496
0.2063 0.233472
0.2182 0.238592
0.2075 0.236544
0.4947 0.236544
0.2069 0.234496
0.426 0.239616
0.2087 0.236544
0.2106 0.234496
0.6201 0.23552
0.2094 0.236544
0.2128 0.236544
0.2053 0.232448
0.4301 0.23552
0.2116 0.244736
0.2279 0.232448
0.2183 0.232448
0.2238 0.24576
0.2969 0.23552
0.2123 0.24064
0.2151 0.236544
0.2091 0.238592
0.211 0.237568
0.2678 0.243712
0.2041 0.2304
0.2058 0.24064
0.207 0.236544
0.2103 0.234496
0.2129 0.238592
0.2097 0.238592
0.2088 0.236544
0.208 0.24064
0.2093 0.24064
0.2209 0.232448
0.2138 0.234496
0.2272 0.228352
0.2066 0.234496
0.2086 0.234496
0.2101 0.234496
0.2045 0.234496
0.2306 0.238592
0.2288 0.24576
0.2179 0.2304
0.5519 0.244736
0.5183 0.242688
0.2473 0.242688
0.2113 0.238592
0.5609 0.231424
0.2065 0.237568
0.2044 0.238592
0.2097 0.233472
0.2039 0.23552
0.2095 0.239616
0.23 0.236544
0.2738 0.239616
0.4142 0.236544
0.2088 0.241664
0.2167 0.238592
0.2067 0.238592
0.2093 0.237568
0.2272 0.236544
0.3999 0.233472
0.2065 0.239616
0.2149 0.241664
0.2163 0.237568
0.2101 0.23552
0.2529 0.241664
0.3224 0.236544
0.207 0.23552
0.2861 0.23552
0.213 0.24064
0.2058 0.238592
0.21 0.237568
0.3843 0.239616
0.5081 0.24064
0.208 0.238592
0.2067 0.233472
0.2245 0.233472
0.2102 0.232448
0.2212 0.239616
0.4266 0.234496
0.3478 0.238592
0.2104 0.238592
0.209 0.231424
0.2337 0.23552
0.2077 0.231424
0.2076 0.23552
0.2081 0.237568
0.2077 0.236544
0.2084 0.233472
0.2103 0.237568
0.2575 0.238592
0.2128 0.231424
0.2076 0.237568
0.4478 0.24064
0.2126 0.236544
0.2017 0.237568
0.2034 0.236544
0.2602 0.233472
0.2534 0.234496
0.4588 0.248832
0.272 0.24064
0.2018 0.24064
0.4699 0.236544
0.2147 0.233472
0.2263 0.237568
0.2285 0.23552
0.2517 0.233472
0.2117 0.232448
0.2202 0.236544
0.2042 0.232448
0.2322 0.234496
0.21 0.232448
0.2064 0.236544
0.2763 0.236544
0.2255 0.238592
0.3529 0.237568
0.3948 0.231424
0.2132 0.236544
0.2176 0.241664
0.2107 0.237568
0.4478 0.23552
0.2284 0.24064
0.2234 0.233472
0.2102 0.234496
0.2076 0.236544
0.21 0.241664
0.2267 0.233472
0.217 0.233472
0.253 0.23552
0.2044 0.236544
0.4505 0.234496
0.2093 0.233472
0.219 0.237568
0.4553 0.238592
0.2216 0.239616
0.2088 0.232448
0.2342 0.237568
0.2062 0.23552
0.2393 0.239616
0.283 0.233472
0.3774 0.237568
0.2158 0.243712
0.2257 0.24064
0.2045 0.237568
0.4568 0.232448
0.2113 0.237568
0.2438 0.241664
0.2076 0.241664
0.2064 0.237568
0.4179 0.241664
0.3947 0.233472
0.377 0.237568
0.5889 0.237568
0.2284 0.243712
0.3732 0.234496
0.2082 0.232448
0.2125 0.232448
0.2064 0.24064
0.2061 0.242688
0.2039 0.238592
0.2028 0.238592
0.2071 0.241664
0.2353 0.234496
0.243 0.231424
0.2062 0.233472
0.2774 0.236544
0.2769 0.23552
0.2632 0.236544
0.2217 0.236544
0.2327 0.238592
0.2058 0.238592
0.2445 0.234496
0.2158 0.239616
0.2102 0.229376
0.2064 0.24064
0.2049 0.233472
0.2171 0.234496
0.2042 0.237568
0.224 0.236544
0.2132 0.239616
0.212 0.239616
0.2096 0.23552
0.208 0.236544
0.2118 0.23552
0.4993 0.238592
0.4677 0.233472
0.2081 0.238592
0.2045 0.24064
0.2064 0.239616
0.2755 0.232448
0.2088 0.24064
0.2071 0.237568
0.2477 0.238592
0.2145 0.239616
0.2095 0.241664
0.2083 0.239616
0.2148 0.236544
0.2107 0.238592
0.2075 0.239616
0.2253 0.239616
0.2512 0.238592
0.3463 0.239616
0.2092 0.24064
0.2061 0.238592
0.2081 0.234496
0.2125 0.23552
0.2057 0.23552
0.219 0.237568
0.2127 0.236544
0.2131 0.237568
0.2095 0.236544
0.2063 0.233472
0.2438 0.243712
0.5351 0.232448
0.4501 0.236544
0.2095 0.24064
0.2143 0.237568
0.2086 0.238592
0.2114 0.233472
0.2109 0.232448
0.209 0.23552
0.2077 0.237568
0.2091 0.238592
0.2045 0.236544
0.2122 0.236544
0.2086 0.24064
0.35 0.238592
0.6256 0.241664
0.2043 0.234496
0.5214 0.23552
0.2137 0.238592
0.2057 0.237568
0.2139 0.234496
0.2368 0.23552
0.2046 0.234496
0.2036 0.239616
0.2043 0.229376
0.2477 0.233472
0.2381 0.238592
0.2089 0.234496
0.209 0.233472
0.2168 0.24064
0.2117 0.23552
0.2171 0.234496
0.2258 0.234496
0.2142 0.239616
0.2087 0.23552
0.2088 0.233472
0.207 0.239616
0.2071 0.237568
