12.0753 0
10.4726 0
15.0794 0
15.1161 0
15.1632 0
15.3032 0
15.1386 0
16.136 10.155
13.8719 9.9881
15.1207 10.965
15.1426 9.07878
15.1107 9.6768
15.4526 9.89491
13.6878 9.89798
15.2898 10.2636
15.0498 10.1212
15.0871 10.2134
15.4306 10.2031
14.9443 9.76794
14.5404 10.0649
15.2596 9.90413
15.0649 9.87341
15.3971 10.154
15.0786 10.0403
15.3632 10.1376
13.7796 9.95123
15.077 10.0301
14.9701 10.4847
15.1395 9.80787
14.4621 10.0588
14.9371 10.0321
15.0451 10.3793
15.1256 9.95123
15.2317 10.0567
15.3048 9.86214
15.1025 10.0342
14.852 10.3055
15.1486 9.77408
14.829 10.2052
15.3566 9.84166
15.3481 10.1468
14.9533 10.0311
14.249 10.5196
15.2278 9.88262
13.9727 9.86317
14.2981 9.97581
15.2004 9.86214
15.1719 10.2093
15.4206 10.0639
13.6036 10.0936
15.3387 10.1796
14.9217 9.78022
15.0934 10.2881
15.5077 10.114
14.323 9.96454
14.4288 10.197
14.7182 10.0454
14.217 10.1765
15.1122 9.96762
15.1488 9.82938
15.0319 10.1601
14.9884 9.89798
15.1232 10.3547
15.1144 9.92051
14.9851 10.0352
15.0217 10.1908
14.9382 10.1919
15.019 9.97581
15.0717 9.93997
14.8091 10.153
14.8148 10.2758
15.1268 9.9799
15.0421 10.0669
15.2645 10.068
14.008 10.0803
14.7812 10.3905
14.332 9.80275
15.1541 10.2328
15.4669 9.84986
14.5962 10.0977
14.8358 10.3393
15.1654 9.88262
13.1795 9.87136
15.0998 10.3352
15.1849 9.79046
14.5804 9.97888
15.0148 10.0536
15.3397 10.0833
14.961 9.90515
15.3987 10.0383
15.0939 9.93382
14.1974 9.93587
14.3186 10.1745
15.159 10.0209
15.3819 9.90925
13.7542 10.0997
15.2215 10.0946
15.106 9.92358
14.2967 10.282
15.3365 9.92256
15.056 10.0424
15.6046 10.2216
14.1704 9.91437
14.3125 10.5431
14.3987 9.90106
15.0153 10.2502
15.1359 9.83552
15.0616 9.91437
15.5918 10.1837
14.3578 10.196
15.1752 10.1663
15.1366 9.82938
15.0211 10.1376
15.2431 9.95021
14.9263 10.0567
14.531 10.069
14.8011 10.2318
14.869 10.326
15.2958 9.8048
14.3132 10.0413
15.2556 10.2349
15.0981 9.84781
15.2032 9.99219
15.0674 10.1796
14.7394 9.84781
15.3314 10.2636
14.3955 9.99936
15.2663 9.94714
15.1592 9.94611
15.1385 10.2748
14.3191 10.0065
15.3306 10.3004
14.3048 9.66554
15.1833 10.1181
15.1493 9.84576
14.9402 9.82835
15.0161 10.2513
15.3648 9.91232
15.1061 10.0035
14.9263 10.1417
15.0327 10.0884
15.1639 9.95021
14.714 10.0076
15.1149 9.78944
15.1755 9.96659
15.0585 10.1693
14.9417 9.86726
14.9874 10.3629
15.172 10.0751
15.0627 10.1908
15.3251 9.99117
14.0749 9.89901
14.4823 10.0864
13.9303 10.1745
14.949 9.95635
15.1481 9.70138
15.469 10.24
14.1867 9.99117
15.0558 10.0209
15.4838 10.2298
13.5429 9.79968
14.801 10.2287
13.8238 9.74234
14.5524 9.98707
14.2234 10.2052
15.178 10.071
15.2179 9.6297
15.4678 10.0854
14.9882 10.2646
14.7464 10.2615
14.6499 9.83245
15.262 9.87955
14.8712 9.86522
13.1082 10.4294
14.5452 9.81402
14.2423 10.2482
13.2822 9.74131
15.1166 10.3055
13.9067 9.89594
15.0178 10.0997
14.9513 9.74234
15.3833 10.0168
14.2815 10.028
15.1296 9.99322
15.1585 9.95123
15.1372 9.73517
15.0938 10.0157
14.996 9.96352
13.847 10.5001
14.7818 10.0229
14.6949 10.0454
15.0172 9.90106
15.0398 9.95635
14.7864 10.0219
14.6918 10.2943
14.9995 10.4724
15.227 9.59693
14.9714 10.1796
15.1325 10.0004
15.0432 10.155
15.3936 10.068
14.3768 10.0864
15.1743 9.96864
14.7704 10.0823
15.3103 10.2953
15.083 9.63584
15.1776 9.88058
14.5763 10.4438
15.1559 9.78022
13.8571 10.0362
13.8619 10.3711
14.5798 10.0301
13.9164 10.2134
15.0705 10.0413
14.6346 9.55187
15.3393 10.1642
13.4303 10.0772
15.0592 10.1714
14.8269 10.2461
13.6858 9.93382
13.3107 10.366
14.7074 9.79661
14.2324 9.98605
14.7166 9.94304
14.3175 10.0301
14.4567 10.0301
14.7065 9.83962
15.2699 10.324
14.9066 9.88979
14.669 9.96352
15.2592 10.1079
14.5429 9.80275
13.7167 10.068
15.2342 10.3066
15.2484 9.62662
14.3468 10.0393
14.4756 10.0608
13.907 10.0116
14.7272 10.0004
14.8662 9.9328
15.0733 10.2246
15.0514 9.98912
14.6866 10.153
15.0045 9.73312
15.1882 9.80378
15.1483 9.98707
14.8192 10.0209
14.8418 10.1192
15.1808 9.8007
15.517 9.94714
14.1266 10.4468
14.5982 10.3168
13.848 9.72083
15.4752 9.9072
14.6463 9.77306
15.1377 10.4745
15.0611 9.83142
15.2878 9.78944
15.1618 10.028
13.6491 10.112
15.5981 10.3516
14.9689 9.74848
13.8221 10.2472
13.9081 9.87136
15.197 9.95123
15.0467 9.60614
15.2886 10.0526
15.0587 9.82426
14.8958 10.2144
15.2553 10.0239
15.0108 10.2758
15.1429 10.0813
15.347 9.96966
13.8292 10.1304
14.3032 10.325
14.9831 10.1059
15.1179 9.79661
15.228 9.96762
15.0511 10.5144
15.2377 9.81914
13.4537 9.95021
15.4489 10.3905
14.974 9.70035
15.1454 10.1048
15.8001 10.1571
13.8894 10.1192
15.0067 10.4294
15.1468 9.86931
15.2076 10.0403
15.2198 10.1837
15.0733 10.3188
15.3131 9.76179
14.9762 10.0321
15.0784 10.0362
15.4003 10.1663
14.6188 10.1325
14.7889 10.071
15.3556 10.0956
14.8958 9.95533
14.974 10.2605
15.1507 10.1018
15.034 9.8007
15.2301 10.0915
15.288 9.92973
15.1402 10.0782
15.2476 10.0762
15.0879 10.0772
15.0753 10.1878
15.424 10.1325
13.6922 9.99322
14.2079 10.5841
14.822 10.2124
15.3315 9.72083
15.3453 9.82733
14.991 10.156
15.2255 10.1478
13.5018 9.70138
15.0587 10.2707
15.1739 9.7239
15.0952 10.0536
15.2338 10.0741
15.3567 10.1724
14.0446 10.0383
14.6156 10.0966
15.2309 9.94202
15.1738 10.0065
15.1318 10.1519
14.8092 10.07
15.1824 10.2543
15.223 10.0526
15.1023 9.84678
15.2943 10.2625
15.2668 10.0291
15.2995 10.1878
15.1355 9.9584
14.1401 9.88262
14.8636 10.0946
15.3224 9.75667
14.99 10.0864
15.3116 10.027
15.0936 10.0803
15.2971 10.2287
14.3546 10.114
15.3371 10.3803
14.8653 9.86317
15.1923 10.1601
14.1861 9.97069
14.737 10.2769
14.7963 9.96147
15.219 10.4151
13.756 9.73107
15.0375 10.0813
15.1244 9.95738
15.3076 9.99014
15.1018 10.1212
15.485 9.98195
14.9939 10.1407
14.964 10.3844
15.5994 9.88365
14.5253 10.068
14.3578 10.1018
13.9268 10.071
15.19 10.028
15.005 9.86726
15.0669 10.0833
15.6173 10.0864
13.3277 9.9031
14.9031 10.2226
15.5867 9.95942
13.5863 9.96045
15.1772 10.0444
14.6381 10.1376
15.3937 10.5011
15.2834 9.8816
14.9557 9.96659
14.9685 10.3137
14.8931 10.0844
15.3206 9.75974
13.7897 10.2318
15.0751 10.2922
15.0561 9.89696
15.2898 10.241
14.6149 9.95226
15.1929 10.028
15.0156 10.1816
14.5548 10.0311
14.7306 10.0516
15.1027 10.1939
14.5599 10.2001
15.0901 10.2226
14.8346 9.6041
15.3359 10.026
14.058 10.24
15.1319 9.91334
15.2463 9.91846
13.1312 9.94611
13.3938 10.1827
14.8882 9.76179
14.7168 9.88979
15.2993 10.3086
14.2708 10.0762
14.9427 10.1765
14.8258 10.0997
15.3512 10.155
14.7434 9.78842
15.1346 10.5626
15.3304 9.84474
14.6152 10.0772
14.4274 10.4346
15.1784 10.1571
14.971 9.91334
14.784 10.583
15.2269 10.3076
15.1053 9.50682
14.8234 10.1243
13.286 9.92973
14.4426 9.89286
14.8761 10.5964
15.3223 9.63174
15.0888 10.0383
13.2514 10.2298
15.1874 10.3578
15.2468 9.65734
15.1557 10.4479
15.0528 9.89594
15.3051 10.1775
15.0617 9.99629
15.1737 10.0485
15.3033 9.8089
15.0572 10.1734
13.6985 10.4131
14.135 9.8857
14.5293 10.2543
14.1536 10.0168
13.8849 9.99014
15.4439 10.0362
15.1285 9.55904
15.6809 10.3854
14.7582 9.80173
15.1956 10.5093
15.24 9.69728
15.0937 10.0178
15.119 10.026
15.1467 9.94304
14.8057 10.3045
14.7109 10.1396
14.2786 9.85498
14.953 10.2892
15.19 10.07
15.2411 9.31942
15.1461 8.83405
15.383 8.97741
14.9948 8.70298
14.7958 8.49306
15.2753 8.85043
15.2658 8.80026
15.3901 8.77363
14.5417 8.42854
14.8172 9.08902
15.3189 8.25139
14.8991 8.64154
15.4586 8.90675
15.0409 8.86477
15.2781 8.66918
14.7881 8.53504
13.4604 9.07878
14.1046 8.9385
15.7245 8.18586
14.7692 8.3753
15.2738 9.41261
14.5929 8.30874
13.8233 8.73165
15.1458 8.46438
15.3186 8.57293
15.0489 8.56269
15.6709 8.92109
13.0234 8.27494
15.0397 9.15763
15.1908 8.74291
13.6191 8.69069
14.8103 8.83917
15.209 9.23238
14.9998 8.44493
14.9794 8.64154
15.2345 8.42547
15.0518 8.41011
14.9213 8.79923
15.2388 8.79514
14.0428 8.46746
15.0171 8.69786
14.9059 8.74906
15.1678 8.87296
15.5008 8.64358
14.0057 8.58317
14.1675 9.04499
14.9472 8.25446
14.5976 8.52992
15.0697 8.704
15.1568 8.31181
15.0252 8.56678
15.1015 8.89037
14.9535 8.56678
14.1893 8.66202
14.1762 8.94976
15.4513 8.5207
12.8804 8.59341
15.2005 8.99686
14.6457 8.79309
14.0119 8.94157
15.1949 8.30669
14.7 8.88934
14.8796 8.38554
14.9166 8.67533
14.9428 8.77158
15.241 8.33638
15.2236 8.51251
15.2559 8.87091
13.1879 8.88013
13.996 8.54426
14.4597 8.84531
15.0296 8.7593
15.038 8.19814
14.6685 8.8873
15.0589 8.59546
15.1322 8.57293
14.4624 8.74086
15.1013 8.5719
14.8978 8.7511
15.614 9.14432
14.7519 8.76544
13.7568 8.82483
14.8161 8.63846
15.1691 9.09926
15.0621 8.28621
15.0366 8.74189
15.3664 8.50432
14.9888 8.76442
14.5948 8.71629
15.1446 8.79206
15.417 8.46746
15.0197 8.54016
15.4841 8.66304
13.6878 8.56781
14.597 8.62925
14.1396 8.87603
15.1895 8.4439
15.1353 8.59341
15.0335 8.51866
15.3992 8.51456
15.0345 8.72653
15.1822 8.75213
15.2699 8.84019
15.0886 8.82381
15.5821 8.31898
14.176 8.87706
14.8445 8.81562
15.0139 8.1705
15.1749 8.78182
15.0664 8.95386
15.1838 8.79411
15.2813 8.3712
14.8629 8.9897
15.1889 8.52992
15.1234 8.68966
15.2257 8.71834
13.9851 8.37427
15.0259 8.78182
15.1104 8.95386
15.1347 8.60058
15.4162 8.32614
14.6808 8.97843
15.3119 8.95078
15.1937 8.24934
15.0341 8.73574
15.4867 8.40806
15.0731 8.52173
15.1173 9.20166
15.2006 8.62515
13.9209 8.5033
14.4167 8.57293
15.3578 9.05011
14.7704 8.27802
14.667 9.0839
13.9024 8.27904
14.801 8.36096
15.0242 9.01222
15.2749 8.43366
15.0499 8.5289
15.1873 8.67021
15.2654 8.90573
15.0247 8.81869
13.6054 8.97331
15.1064 8.4992
15.4288 8.5248
15.091 8.50227
15.2954 8.93338
15.096 8.41011
15.0519 8.81152
14.9502 8.78387
15.1681 8.47155
15.1334 8.96922
14.0198 8.75827
15.2844 8.52685
15.1157 8.89344
14.9103 8.6569
15.318 8.51251
15.1315 8.57702
15.0267 8.96819
15.2141 8.31795
14.9141 8.89651
14.8615 9.02861
15.0957 8.43981
15.5272 9.08698
15.1541 8.48794
15.3811 8.94259
13.729 8.73165
14.6092 9.22931
14.6926 8.21862
15.117 8.85043
15.2635 8.20326
14.9956 8.52992
14.535 8.67635
14.9704 8.99379
15.267 8.6528
15.1494 9.06752
15.1611 8.55654
14.7159 8.54835
14.686 8.77773
13.8064 8.66406
15.3207 8.54016
15.175 8.57907
15.2379 8.48589
14.9901 8.68659
15.074 8.53094
15.3523 8.56986
15.1515 8.70502
15.2948 8.83098
15.1249 8.36301
14.7586 8.97126
13.2933 9.35936
14.7761 8.36096
15.2338 8.43469
14.8679 8.7593
15.2375 8.93952
14.6947 8.38349
14.7937 8.71629
15.4202 8.56064
14.8778 8.69274
15.0873 8.83302
15.2642 8.69888
15.7076 8.65178
13.88 8.44902
13.2832 9.15866
15.3106 8.51456
15.1355 8.52173
15.3346 8.60058
14.5952 8.5975
14.8644 9.07366
15.2544 8.79002
15.5393 8.27494
14.7413 8.60774
15.2357 9.07981
15.2945 8.20736
13.6712 8.81664
15.2569 8.44698
14.9093 8.56678
15.1619 9.06854
14.9823 8.50534
15.0755 8.55654
14.3155 8.59853
14.0877 8.9047
15.3844 8.56781
14.7419 8.68454
15.018 8.55142
14.4646 8.6825
15.4025 8.82483
14.755 8.61286
14.7049 8.68557
14.9347 8.56064
15.1762 8.92928
15.2293 8.51456
15.0249 8.39578
15.2861 8.71117
14.9678 8.63539
15.125 8.63949
15.2274 8.61594
15.1774 8.59853
15.3868 8.69888
15.2067 8.54118
14.4328 8.99379
14.745 8.61389
15.0307 8.70502
15.2242 8.69683
15.061 8.43162
15.3365 8.96205
15.2079 8.38042
15.2704 8.5719
14.9974 8.67021
15.0689 8.57907
15.1743 8.57907
14.8085 9.19142
14.4719 8.94259
14.5952 8.38656
14.9779 8.99686
15.1414 8.4695
15.0791 8.87194
13.9254 8.9559
15.2077 8.38758
15.3458 8.51456
13.636 8.8105
15.3153 8.43878
15.1853 8.89446
14.8781 8.51149
15.2695 8.92826
15.0606 8.55962
15.4358 9.05318
13.5926 8.63027
14.1967 9.10234
15.2906 8.57702
14.2078 8.3712
15.1512 8.8832
15.2047 8.81664
15.0529 8.50534
15.2293 8.55859
15.3206 8.55347
15.3126 8.62413
15.0853 9.00096
15.2398 8.93133
14.7874 8.73165
13.6557 8.71322
15.2928 8.98662
15.1315 8.41523
13.7872 8.5504
15.5694 8.69069
13.4459 8.65382
15.0231 8.71219
15.3037 8.50739
15.503 8.80128
14.8309 8.69069
15.1031 8.89754
15.3651 8.51456
14.9909 8.61184
15.3175 8.8617
15.2967 8.19302
15.0692 8.81869
14.9998 8.74189
14.9862 8.42445
15.2343 8.99891
15.1858 8.56883
15.5401 8.70093
13.6561 8.99379
14.5415 8.74906
15.3497 8.62106
15.0447 8.50842
15.693 8.9344
14.467 8.36813
14.9724 8.60672
15.132 8.73165
15.1277 8.8361
15.2306 8.68045
15.2982 8.81664
15.135 8.52275
13.88 8.9641
14.9869 8.7767
14.9768 8.33229
14.8742 8.86886
14.8228 8.45926
15.2591 8.59238
15.2547 8.5248
14.5714 8.6057
15.281 8.66202
14.9444 8.7808
14.973 8.92928
13.9293 8.55347
14.5122 8.51046
14.7916 8.58726
15.2913 8.84634
14.5043 8.97843
14.5188 8.49613
15.1479 8.64154
14.5079 8.49613
15.0805 9.00608
15.1864 8.73882
15.0289 8.67942
15.0777 9.00506
15.96 8.55552
14.3682 8.56474
13.6873 9.14432
15.0353 8.38144
14.9427 8.4695
15.1723 8.45107
15.0917 8.63027
15.2935 8.75827
15.2546 8.46029
15.0951 9.02758
15.2036 8.76544
15.2101 8.71731
15.4098 9.09619
14.3839 8.5719
15.13 8.56678
15.4174 8.74701
15.0062 8.55142
15.2939 8.61798
15.1799 8.59136
14.3617 8.56371
15.2083 8.60877
15.1166 8.65894
14.8946 8.6487
15.2782 8.62515
15.5297 8.61286
13.5907 8.61491
14.3915 8.87091
14.9383 8.55859
14.7174 8.55552
15.3315 8.87706
14.9865 8.80435
14.9667 8.89651
15.2974 8.71424
14.2768 8.89549
14.8982 8.45005
14.9848 9.6041
14.155 7.97184
14.1342 8.81254
14.6294 8.88013
14.7575 8.82483
13.8861 8.46336
15.2462 8.18176
15.1822 9.1351
15.2514 8.53709
15.0311 8.84941
15.4695 8.70912
14.6412 8.63846
15.1528 8.76134
15.7664 8.47258
13.9329 8.5504
15.0025 8.94464
14.3368 8.3497
14.7824 8.58931
14.6722 8.83814
14.8761 8.53811
14.3712 8.65075
14.9795 8.90163
15.2852 8.64768
14.5312 8.88525
14.4108 8.6487
15.1095 8.54016
14.7877 8.57293
15.2072 8.7593
15.415 8.65997
14.113 8.57498
14.5637 8.84326
15.0674 8.84224
15.2687 8.1367
14.8114 8.75008
14.8781 8.59955
14.7588 9.19757
14.8302 8.74394
15.5169 8.448
15.2891 8.48794
15.164 9.10234
14.5246 8.88013
14.9786 8.7808
14.9694 8.75827
15.0734 8.61082
14.8028 8.77875
14.9985 8.6016
15.2223 8.56781
15.0134 8.9385
15.1856 8.25549
15.2616 8.73882
15.411 8.35994
14.0706 8.63232
14.0289 8.94669
15.1494 8.65792
13.6859 8.64051
15.3264 8.35072
15.0557 8.56269
14.9598 8.97946
15.146 8.91597
15.425 8.86579
14.7081 8.38554
14.9708 8.83712
13.8844 8.70912
15.2281 8.72858
14.176 8.73472
13.7945 8.87194
15.1404 8.48179
14.6658 8.70502
14.4896 8.73574
15.0638 8.67738
15.1203 8.58214
14.3152 8.49408
15.1106 8.96307
15.1947 8.48998
15.185 8.68147
14.5223 8.99482
13.8706 8.85965
14.1255 8.60774
15.119 8.44186
15.0267 8.70298
14.5706 8.81971
15.1662 8.4992
15.1505 8.45107
14.8659 8.75315
15.0021 8.88013
14.6124 8.54323
14.8497 8.66304
15.4015 8.9856
13.9916 8.50637
14.8773 8.99789
14.2164 8.35277
14.5936 8.48589
14.964 8.9088
14.673 9.01837
14.6729 8.79821
14.7624 8.69786
13.7426 8.87808
13.7937 8.45107
14.6092 8.90266
15.0104 8.62515
15.58 8.35891
13.6588 8.81664
14.8419 8.704
14.351 8.25446
14.691 8.84019
14.8664 8.66099
15.2347 8.52582
14.9335 8.35584
14.7645 8.9088
15.3335 8.52275
14.3359 8.36608
14.8026 9.01939
14.6468 9.02554
15.0299 8.04557
14.0836 9.0368
13.4888 8.35789
14.7012 8.61286
15.0284 8.43776
13.6508 8.79309
15.0559 8.32819
14.6528 8.74189
14.354 8.63949
14.8043 8.90163
14.1425 8.39782
14.8797 8.60672
13.7083 8.74598
15.1902 8.62618
14.5184 8.50125
15.0445 8.43776
15.1878 8.59443
15.2592 8.92109
13.8011 8.58829
14.469 8.72653
15.3022 9.01427
14.9146 8.84941
15.2134 8.51661
15.2014 8.91597
15.509 8.92621
13.9537 8.54118
14.0303 9.216
15.0262 8.6743
15.1594 8.75725
14.0035 8.92621
13.7142 8.83507
13.8106 8.28416
15.1873 8.54528
14.5042 8.92518
15.2562 8.55142
15.3686 8.78387
13.6594 8.78694
14.4953 8.80742
14.1808 8.80128
14.6755 8.69171
15.5453 8.46234
14.7819 8.35686
14.9168 8.98458
15.1601 8.576
14.7149 8.39066
14.5445 8.80435
14.8265 8.72346
15.4307 8.6487
14.9083 8.66816
13.8203 8.55962
14.685 8.9897
15.3067 8.45517
13.733 8.55757
13.4544 8.51558
14.8556 8.70195
14.2432 8.576
14.6749 8.8791
14.4736 8.3415
14.2461 8.44288
13.9225 8.7593
14.9841 8.57293
14.8177 8.832
14.6757 8.51456
15.0728 9.13408
14.7443 8.71834
15.1021 8.40192
15.4111 8.90266
13.5196 8.39987
15.3502 8.92416
13.5723 8.76954
15.2036 8.85146
14.2947 8.63437
14.4013 8.76237
14.029 8.48998
14.9181 8.8535
14.3155 8.77158
14.6426 8.37427
15.0161 8.48794
13.0554 8.73574
14.1299 8.74701
14.7345 8.6569
14.4071 8.20224
14.6649 8.94566
14.5692 8.44083
14.648 8.52685
15.4676 8.84429
14.1606 8.35584
14.1048 8.98867
14.9364 8.65792
15.2308 8.52275
1.1416 8.65894
