1.514 7.89606
1.5755 7.88992
1.8583 7.89606
1.8729 7.88992
2.8254 7.81312
1.1393 7.72301
1.0758 7.81312
1.5702 7.72301
1.128 7.81312
1.9918 7.72301
1.2408 8.03942
0.9915 7.72301
1.1676 8.03123
1.1574 8.12646
1.5527 8.05274
1.1565 7.98003
1.1761 7.71584
1.0654 7.64723
1.0797 7.65542
1.3759 7.85715
1.0924 7.66566
1.1471 7.99334
1.139 7.73018
1.1702 8.08141
1.0824 7.71072
2.1134 7.9616
1.9683 7.88685
1.1575 7.89402
2.2847 7.8807
2.1718 7.63802
1.0821 7.90528
1.9839 7.89606
1.2813 7.97082
1.0808 7.86637
1.5332 7.90118
1.2452 7.88378
1.8355 7.64314
1.1022 7.90016
2.338 7.86534
2.1557 7.8807
1.1236 7.86637
2.1431 7.95238
1.0743 7.89094
1.1376 7.93805
1.2097 7.87149
2.113 7.88378
1.1065 7.63802
1.3487 7.84384
1.8889 7.6544
1.1156 7.6759
1.1265 7.85203
1.1312 7.90528
1.6194 7.65338
1.1263 7.89709
1.0956 7.96365
2.1929 7.9401
1.7487 7.95238
2.0916 7.6841
1.1896 7.64109
1.1945 7.94624
1.1677 7.89914
1.1121 7.88378
1.5683 7.65542
1.0684 7.63392
1.0675 7.87558
1.7397 7.8889
1.7791 7.65747
1.0566 7.92474
1.4628 7.35744
2.0519 7.00518
1.4287 7.20486
1.1526 7.03078
1.0752 7.18336
1.0506 7.16288
1.3223 7.18438
1.0916 7.19155
1.7488 7.05946
1.6464 7.05024
1.1245 6.8905
1.5717 6.54234
2.0112 6.53312
1.0616 6.67955
2.0574 6.53926
1.7263 6.5321
1.5128 6.5577
1.0815 6.70925
1.8773 6.42048
2.1666 6.5495
2.0224 6.43174
1.8023 6.43072
1.0598 6.66214
1.0774 6.48397
1.5602 6.48806
1.3816 6.5065
2.3051 6.39693
1.7635 6.67648
1.7663 6.46861
1.6749 6.50854
1.9094 6.4727
2.0973 6.57203
1.1868 6.57715
1.1858 6.48806
1.0787 6.37542
1.3472 6.4297
1.1557 6.36109
1.5793 6.64781
1.977 6.48294
1.8567 6.45939
1.0948 6.49318
1.0866 6.30784
1.1674 6.42662
1.8774 6.4256
1.0434 6.47066
1.3234 6.50445
1.1101 6.34368
1.1259 6.47578
1.1636 6.49011
1.2051 6.37235
1.0816 6.43789
1.4037 6.41638
1.7951 6.3959
1.0956 6.56589
1.1059 6.41434
1.0899 6.42765
1.0592 6.4256
1.1298 6.46656
1.5709 6.48909
1.1249 6.38464
2.2147 6.47578
2.0748 6.44096
1.57 6.41638
1.6194 6.43072
1.1649 6.30477
1.146 6.40717
1.1312 6.58944
1.0842 6.41843
1.7104 6.61094
1.66 6.31501
1.1246 6.4297
1.5755 6.38157
1.3002 6.56282
1.5345 6.38976
1.818 6.28634
1.8916 6.39488
1.7263 6.33856
1.6692 6.50035
1.8132 6.4809
2.0611 6.63757
1.8118 6.45018
1.7074 6.46861
1.0567 6.40819
1.4203 6.47987
1.1004 6.47885
1.0826 6.64986
1.5698 6.4983
2.3767 6.35085
2.2677 6.36723
1.4106 6.36826
2.1107 6.61299
1.5278 6.42662
1.5928 6.49523
1.4675 6.47885
1.11 6.48294
1.8265 6.4768
1.2136 6.46861
1.0797 6.46144
1.6075 6.63962
1.6288 6.45632
1.2089 6.36723
1.1026 6.3191
1.3917 6.272
1.0603 6.39488
1.554 6.28429
1.1657 6.38669
1.1113 6.41946
1.7525 6.37645
1.7413 6.59456
1.0898 6.43891
1.1865 6.4256
1.6831 6.41024
2.3542 6.57715
1.0821 6.42765
2.1435 6.48602
2.1082 6.49523
1.073 6.6601
1.237 6.48499
1.7943 6.52083
1.538 6.47782
2.4583 6.51981
1.149 6.6345
1.2889 6.46144
1.3164 6.38054
1.842 6.4768
1.1285 6.35085
1.2515 6.63859
1.0903 6.45018
1.1131 6.48294
1.575 6.46451
1.062 6.44403
2.1443 6.44301
1.1166 6.39898
1.056 6.5792
1.7997 6.31603
1.6632 6.43174
1.5194 6.38874
2.0699 6.32013
2.0984 6.49114
1.7564 6.62221
1.6002 6.50957
1.1596 6.47578
2.1212 6.32013
1.1086 6.32627
1.1386 6.42867
2.1381 6.60275
1.1121 6.42048
1.4509 6.40922
1.2311 6.40614
1.0817 6.59354
1.3587 6.41434
3.4179 6.32013
1.6037 6.5833
1.8694 6.30784
1.6802 6.62323
1.0694 6.58842
1.1675 6.5792
1.7854 6.31398
1.5466 6.30886
1.9878 6.43891
1.6944 6.42458
1.179 6.60378
1.1447 6.49523
1.0955 6.47373
1.5427 6.63347
1.1293 6.3703
1.1 6.62426
1.1433 6.3703
1.0634 6.62733
1.8022 6.62528
1.0613 6.48192
1.1091 6.47475
1.7102 6.39386
1.0705 6.57613
1.2972 6.4041
1.0649 6.29555
1.0679 6.40205
1.1623 6.41024
1.094 6.4256
1.1621 6.59661
1.1593 6.33344
1.0987 6.59149
1.6154 6.33754
1.0745 6.30989
1.2771 6.44608
1.0725 6.56998
1.1574 6.61606
1.0664 6.32115
1.0704 6.41536
1.0969 6.42048
1.0923 6.44506
1.122 6.41843
1.1839 6.40819
1.063 6.63552
1.1032 6.43379
2.24 6.45734
1.13 6.45427
1.793 6.46758
1.9787 6.47885
1.1883 6.48499
2.198 6.64781
1.1118 6.49011
1.0492 6.28838
1.062 6.28838
1.1136 6.39181
1.0411 6.40102
1.0607 6.42458
1.1194 6.33344
1.1198 6.61504
1.1167 6.58944
1.298 6.7287
1.0412 6.73485
1.123 6.40307
1.0603 6.41024
1.0708 6.4768
1.2459 6.3744
1.1588 6.38054
1.0413 6.67648
1.0831 6.35597
1.197 6.39386
2.2288 6.46349
1.0852 6.51162
2.245 6.32422
1.0763 6.42662
1.1446 6.40922
1.1373 6.42048
1.1109 6.32934
1.7559 6.58739
1.0674 6.29248
1.1076 6.41638
1.8688 6.58227
2.0689 6.32013
1.16 6.3017
1.2515 6.3959
1.1478 6.59149
1.0563 6.61094
1.0666 6.3232
1.0912 6.30886
1.1774 6.41536
1.0526 6.41946
1.099 6.36109
1.1679 6.40922
1.8562 6.43379
1.0726 6.62528
1.1487 6.61606
1.2068 6.6263
1.2178 6.59558
1.0616 6.61811
1.0735 6.49626
1.104 6.55565
1.0863 6.56896
1.0686 6.46963
1.1299 6.45837
1.0651 6.40307
1.0648 6.30989
2.2121 6.40717
1.0374 6.4215
2.1608 6.25971
2.092 6.41638
1.0741 6.40614
1.0419 6.29146
1.1271 6.38976
1.1311 6.41024
1.1379 6.29248
1.0718 6.5751
1.0659 6.54131
1.6975 6.4256
1.1261 6.33037
1.0413 6.40819
1.112 6.29862
1.3322 6.42048
1.141 6.30374
1.1971 6.2976
1.145 6.31808
1.1459 6.41946
1.0781 6.41434
1.1571 6.30886
1.1121 6.41331
1.0863 6.42355
1.1054 6.41536
1.8137 6.4727
1.0512 6.47782
1.1937 6.43686
1.048 6.31501
2.2421 6.31296
2.1878 6.58637
1.0546 6.60582
1.0497 6.58227
1.1979 6.30886
1.1073 6.41126
2.1998 6.60582
1.0772 6.42867
1.0355 6.39488
2.3802 6.29043
1.2166 6.39795
1.0651 6.41536
1.0657 6.52698
1.8451 6.54029
1.8415 6.52902
1.0782 6.52595
1.2276 6.4983
2.2146 6.66522
2.1566 6.54746
1.1976 6.29862
1.0558 6.57101
2.0229 6.37747
1.2103 6.37645
2.1564 6.3959
1.7342 6.41536
1.7362 6.40512
1.0543 6.42458
1.0523 6.41024
1.1437 6.31194
1.1831 6.2976
1.1248 6.39693
2.209 6.56896
1.0952 6.39078
1.0345 6.42048
1.661 6.3191
1.0809 6.42355
1.1029 6.40614
1.1619 6.59558
1.0791 6.42253
1.1133 6.5751
1.1496 6.40307
1.0817 6.40717
1.1102 6.39386
1.2879 6.41638
1.0345 6.4809
1.0743 6.44096
1.6969 6.36006
1.7341 6.47373
1.1948 6.46554
1.0523 6.42355
1.1303 6.41843
1.0474 6.43482
1.0544 6.46451
1.1137 6.40512
1.0643 6.41434
1.1617 6.5833
1.0852 6.34368
1.4221 6.45939
1.1701 6.48397
1.3215 6.41741
1.3199 6.32218
1.2282 6.40102
1.0746 6.41638
1.121 6.41741
1.0912 6.40922
1.0607 6.41331
1.0452 6.58432
1.0724 6.41536
1.0452 6.60275
1.0641 6.43072
1.2316 6.81882
1.2382 7.9063
2.16 7.9145
1.488 7.63699
1.9721 7.66157
1.0493 7.87046
1.2013 7.89197
1.0608 7.9319
1.1562 7.82438
1.0694 7.88992
1.0699 7.9063
1.0774 7.88685
1.1876 7.65133
2.2006 7.94522
1.202 7.83053
1.1897 7.94112
1.0439 7.63904
1.102 7.64006
2.1781 7.89811
1.0695 7.87968
1.0654 7.64006
1.1985 7.87763
1.0671 7.94112
1.0607 7.88378
1.1754 7.90733
1.8245 7.88787
1.1526 7.87968
1.1038 7.66054
1.05 7.6759
1.1127 7.62163
1.0491 7.86944
1.0402 7.88582
1.0786 7.89811
1.7069 7.6503
1.2387 7.6544
1.0725 7.66157
1.3025 7.64314
1.3732 7.87456
1.7865 7.8889
1.1271 7.9104
1.0713 7.88378
1.0347 7.87661
1.0893 7.86944
1.0507 7.90323
1.1019 7.63392
1.2206 7.85306
1.072 7.67488
1.0714 7.87046
1.1265 7.86432
1.2088 7.93293
1.1303 7.8889
1.8628 7.64006
1.0644 7.90733
1.065 7.88582
1.0848 7.89094
1.0745 7.93498
1.0324 7.87046
1.0789 7.85101
1.032 7.6503
1.0832 7.87251
1.0524 7.84794
1.0471 7.63085
1.0648 7.62778
1.1509 7.6329
1.1024 7.64006
1.0838 7.65645
1.1038 7.90221
1.696 7.90528
1.0585 7.87046
1.0658 7.92166
1.0631 7.8551
1.0886 7.64416
1.0802 7.94624
1.0613 7.87968
1.09 7.89606
1.196 7.65338
1.0512 7.65133
1.0763 7.64109
1.1262 7.88992
1.0279 7.84794
1.0556 7.87046
1.5036 7.87354
1.1064 7.6503
1.0444 7.85203
1.1211 7.92781
2.2277 7.88685
1.8847 7.85613
1.1686 7.66669
1.9052 7.89914
1.1822 7.86739
1.0952 7.88378
1.0477 7.85818
1.051 7.95341
1.1974 7.85408
1.0534 7.89811
1.1642 7.64723
1.2574 7.86944
1.1167 7.88378
1.8915 7.63187
1.7024 7.88992
1.6593 7.88173
1.0919 7.6503
1.0709 7.64109
1.0716 7.62573
1.0671 7.94419
1.0971 7.9401
1.0437 7.86739
1.0655 7.90733
1.0618 7.87661
1.0463 7.90016
2.239 7.64211
1.9719 7.87558
1.9036 7.64826
1.1795 7.92781
1.1208 7.87661
1.8032 7.94419
1.8393 7.6503
1.1347 7.62778
1.0433 7.84282
1.08 7.64518
1.0739 7.8633
1.057 7.6288
1.0472 7.63597
1.2771 7.86432
1.183 7.66362
2.0331 7.65235
1.1253 7.63494
1.9828 7.93498
1.3117 7.64621
1.0684 7.88173
1.1325 7.94317
1.0469 7.63904
1.1245 7.87661
1.0636 7.64826
1.0826 7.66362
2.1399 7.6247
1.0425 7.86739
2.1412 7.84691
1.0784 7.9145
1.0635 7.86022
1.0686 7.65542
1.1659 7.90528
1.049 7.84589
1.0653 7.87866
1.1242 7.87456
1.0816 7.87968
1.1304 7.89094
1.1043 7.8551
1.1096 7.8336
1.0762 7.92986
1.0706 7.88173
1.0535 7.6503
1.0853 7.86022
1.0923 7.64109
1.0379 7.93293
1.0454 7.87866
1.0841 7.88378
1.0802 7.63699
1.1242 7.65133
1.081 7.85101
1.3261 7.86022
1.1715 7.64826
1.0908 7.64518
1.0653 7.6247
1.0619 7.87354
1.211 7.87968
1.0613 7.94214
1.0856 7.88173
1.1109 7.88378
1.054 7.86944
1.0736 7.8848
1.114 7.6503
1.5273 7.62778
1.3081 7.90733
1.091 7.6503
1.1092 7.65747
1.0686 7.92166
1.0543 7.89299
1.0528 7.92474
1.1018 7.64006
1.0814 7.93088
1.0517 7.66259
2.1054 7.86432
1.1003 7.64518
2.4234 7.62675
1.0344 7.65952
1.0499 7.9401
1.1124 7.85306
1.1264 7.88582
1.8325 7.89504
1.0959 7.9104
1.0768 7.90118
1.1274 7.6329
1.1023 7.64416
1.1287 7.91654
1.7513 7.90016
2.0946 7.86842
1.2818 7.86739
1.0919 7.92883
1.106 7.88582
1.1665 7.6329
1.1175 7.80186
2.1751 7.93702
1.0363 7.87149
1.3344 7.87456
1.8127 7.93088
1.1283 7.65952
1.0894 7.86227
1.1109 7.88582
1.0726 7.64723
1.9292 7.59091
1.8741 7.87251
1.1022 7.8848
1.1059 7.86534
1.0937 7.6503
1.0763 7.96774
1.0481 7.62573
1.1933 7.9145
1.6753 7.67181
2.1525 7.936
1.8483 7.89504
1.1662 7.89504
1.0904 7.88582
1.0707 7.87558
1.0544 7.6503
1.0786 7.89914
1.0425 7.86022
1.0387 7.66976
1.055 7.87046
1.0781 7.63187
1.059 7.65952
1.1984 7.8592
1.147 7.94317
1.8296 7.90323
1.3121 7.94931
1.053 7.88378
1.0746 7.93702
1.3238 7.88787
1.0588 7.6585
1.0405 7.65952
1.0671 7.90118
1.0499 7.97389
1.0501 7.66566
1.0866 7.87456
1.0832 7.66566
1.0722 7.64416
1.4451 7.89299
1.6053 8.0128
1.8992 7.87251
1.5985 7.98413
1.0526 7.65645
1.1332 7.66874
1.1041 7.90016
1.0379 7.92781
1.0465 7.94112
1.1011 7.89197
1.0421 7.64826
1.7473 7.87149
1.3408 7.86842
1.9194 7.87763
1.1378 7.90528
1.2588 7.90323
1.0994 7.9657
1.0758 7.85203
1.1307 7.63904
1.1299 7.84691
1.1674 7.89402
1.2902 7.66771
1.0822 7.97491
1.0634 7.8633
1.0933 7.89914
1.0593 7.89299
1.1156 7.87456
1.0791 7.87251
1.0625 7.8848
1.0466 7.90426
1.0662 7.95648
1.086 7.87661
1.3237 7.92576
1.0735 7.87149
1.1177 7.96365
1.0704 7.96365
1.1091 7.86739
1.0689 7.68614
1.1058 7.64416
1.1126 7.91757
1.053 7.86022
1.0999 7.89914
1.0696 7.97082
1.0812 7.90016
1.0646 7.95853
1.1363 7.87251
1.0762 7.88173
1.0802 7.64621
1.8271 7.65542
1.1133 7.85408
1.2033 7.88582
1.0358 7.86842
1.0391 7.91654
1.0365 7.92781
1.1196 7.8889
1.0479 7.93805
1.2672 7.85306
1.0823 7.89914
1.1094 7.97184
1.0912 7.90938
1.0513 7.9657
1.4991 7.97389
1.9458 7.89914
1.4241 7.92781
1.0727 7.9145
1.9477 7.92064
1.0804 7.8633
1.0755 7.86534
1.0504 7.86842
1.8944 7.88173
1.0671 7.87251
1.082 7.87149
1.078 7.99846
1.2275 7.66362
1.3158 7.8807
1.9563 7.89811
1.0608 7.87456
1.1367 7.83565
1.0475 7.64928
1.094 7.64416
1.1682 7.89402
1.9155 7.89709
1.0383 7.92986
1.0581 7.88173
1.0967 7.89094
2.0143 7.94419
1.5656 7.90938
1.2079 7.98003
2.1251 7.94726
1.1059 7.89914
1.1276 7.8889
1.1084 7.66259
1.7591 7.66566
1.0658 7.90528
1.1305 7.84998
1.1036 7.6503
1.0867 7.90426
1.0462 7.85613
1.0428 7.81619
1.2275 7.63085
1.1555 7.88275
1.051 7.94214
1.0577 7.64416
1.8047 7.64314
1.0656 7.8889
1.0592 7.85818
1.0792 7.64826
1.1284 7.65133
1.0398 7.90733
2.0803 7.94214
1.0681 7.86944
1.9608 7.88787
1.0719 7.9401
1.0952 7.84077
2.4361 7.86022
1.0408 7.91347
1.0491 7.86227
1.0423 7.95034
1.7122 7.65747
1.0563 7.86739
1.1174 7.8807
1.155 7.94829
1.1746 7.97798
1.4988 7.93907
1.053 7.65235
1.0594 7.94419
1.0625 7.8633
1.0674 7.6288
1.1514 7.90323
1.0709 7.84896
1.0501 7.90118
1.0591 7.64416
1.0518 7.91142
1.104 7.89811
1.0386 7.8848
1.0737 7.92678
1.0859 7.64928
1.0593 7.67181
1.1079 7.89914
1.1067 7.84589
1.0932 7.85306
1.0476 7.86432
1.0521 7.90323
1.0412 7.86637
1.0691 7.63597
1.1167 7.88787
1.1055 7.93907
1.1289 7.57862
1.8972 7.97594
2.1661 7.64211
1.1429 7.87251
1.2549 7.92474
2.1868 7.92166
1.0476 7.64621
1.0421 7.92371
1.0598 7.8633
1.0449 7.63494
1.0484 7.65235
1.0748 7.6329
1.2458 7.62163
1.8299 7.6329
1.049 7.9104
1.0578 7.86125
1.0625 7.87866
1.0555 7.64314
1.1326 7.88787
1.979 7.87968
1.0672 7.8121
1.0652 7.87558
1.1632 7.88378
1.083 7.67078
1.3331 7.67181
1.6676 7.84179
1.0724 7.95034
1.8081 7.87661
1.0434 7.9319
1.0457 7.87354
1.0542 7.87866
1.9497 7.87866
2.0134 7.99232
1.171 7.89914
1.0925 7.6288
1.1175 7.9319
1.0576 7.65952
1.09 7.89197
1.965 7.83053
1.6338 7.88992
1.0581 7.89606
1.0516 7.84179
1.1267 7.62778
1.065 7.61446
1.0534 7.84589
1.2259 7.8807
1.1089 7.89299
1.097 7.9319
1.0627 7.67488
1.2453 7.83155
1.0577 7.8807
1.1386 7.64621
2.0812 7.93805
1.0774 7.88582
1.035 7.93088
1.0375 7.88378
1.0889 7.87149
1.3608 7.94931
1.8346 7.94931
1.1338 7.95546
1.0426 7.87456
2.1628 7.8551
1.0877 7.94317
1.1407 7.94419
1.1066 7.64518
1.1644 7.87354
1.0534 7.89094
1.1043 7.89094
1.0803 7.64928
1.1136 7.86944
1.0623 7.87558
1.0589 7.87354
1.1853 7.66054
1.0914 7.64518
1.6876 7.94317
1.6955 7.86534
1.1015 7.88173
1.0652 7.89709
1.105 7.86637
2.1167 7.65645
1.191 7.8848
1.1748 7.89606
1.0999 7.86842
1.1095 7.95136
1.0805 7.8633
1.1065 7.86022
1.3526 7.65338
1.1165 7.66464
1.0726 7.8889
2.0163 7.93088
1.0971 7.86227
1.1407 7.93293
2.0814 7.80493
1.0736 7.66566
1.1056 7.62982
1.1929 7.95546
1.0747 7.87354
1.071 7.88582
1.3609 7.93088
1.8096 7.87046
1.0969 7.88787
1.0678 7.86534
1.0704 7.62573
2.1181 7.93293
1.0604 7.96979
1.0737 7.84486
1.0822 7.8633
1.0446 7.93293
1.8639 7.86739
1.8094 7.8889
1.6286 7.63392
2.4345 7.94624
1.1107 7.85715
1.8013 7.90323
1.0616 7.87354
1.1247 7.87149
1.0491 7.85715
1.0794 7.62778
1.0397 7.89299
1.0441 7.95238
1.0717 7.86022
1.1124 7.90938
1.1084 7.65235
1.0808 7.64006
1.3081 7.86022
1.5049 7.86534
1.1261 7.62266
1.1086 7.8848
1.1766 7.94931
1.053 7.64314
1.0759 7.85818
1.0724 7.6288
1.0855 7.85203
1.0398 7.64518
1.0973 7.87456
1.0593 7.88787
1.0606 7.84794
1.1356 7.87866
1.0658 7.65952
1.0968 7.936
1.0511 7.64006
1.057 7.64723
1.1718 7.94214
2.2192 7.91245
2.1323 7.89811
1.0728 7.83462
1.0563 7.90221
1.0749 7.96877
1.1428 7.8551
1.1777 7.6585
1.0856 7.64006
1.1072 7.88582
1.0674 7.87763
1.0644 7.91245
1.0662 7.93088
1.2082 7.6503
1.0564 7.88992
1.0537 7.94624
1.0931 7.84691
1.2293 7.89504
1.6241 7.64518
1.0705 7.66054
1.0835 7.6329
1.0807 7.62778
1.0739 7.8848
1.0507 7.90835
1.1026 7.86227
1.1611 7.64416
1.1591 7.63597
1.0748 7.91347
1.074 7.89094
1.2438 7.66362
1.9366 7.88992
1.894 7.65952
1.0604 7.95238
1.0881 7.86022
1.0413 7.6544
1.0935 7.6288
1.0427 7.60934
1.058 7.64314
1.0817 7.90835
1.0836 7.65952
1.052 7.92474
1.0491 7.84486
1.0743 7.64109
1.805 7.66669
2.5489 7.87763
1.0305 7.8551
2.2936 7.87251
1.0716 7.6329
1.0459 7.8807
1.2598 7.63494
1.1538 7.8848
1.0597 7.62778
1.0365 7.84896
1.0411 7.62368
1.168 7.6288
1.159 7.85715
1.1086 7.88275
1.2589 7.63597
1.1014 7.94317
1.075 7.86944
1.0944 7.87763
1.1937 7.84794
1.0626 7.83667
1.0771 7.62778
1.0587 7.87968
1.0967 7.64109
1.1066 7.8807
