0.3606 0.238592
0.4699 0.24064
0.4704 0.238592
0.5102 0.24064
0.2831 0.234496
0.2116 0.228352
0.2326 0.234496
0.2212 0.228352
0.1822 0.234496
0.2069 0.228352
0.2308 0.70144
0.23 0.237568
0.4431 0.236544
0.6156 0.239616
0.2338 0.24064
0.2032 0.239616
0.2203 0.228352
0.2068 0.23552
0.2335 0.24064
0.2124 0.243712
0.2102 0.233472
0.2136 0.23552
0.2361 0.237568
0.365 0.237568
0.2699 0.236544
0.2065 0.237568
0.2013 0.237568
0.2075 0.234496
0.206 0.243712
0.2035 0.232448
0.4799 0.238592
0.2132 0.234496
0.2052 0.23552
0.4606 0.237568
0.2131 0.236544
0.2321 0.234496
0.5122 0.233472
0.2155 0.231424
0.3283 0.24064
0.2104 0.24064
0.2111 0.233472
0.236 0.234496
0.2086 0.242688
0.2112 0.234496
0.2147 0.239616
0.2025 0.237568
0.2107 0.239616
0.2042 0.23552
0.48 0.23552
0.2081 0.234496
0.211 0.23552
0.233 0.237568
0.2524 0.239616
0.2153 0.239616
0.4051 0.242688
0.2248 0.234496
0.2057 0.242688
0.2125 0.237568
0.2898 0.233472
0.2057 0.247808
0.2058 0.238592
0.4591 0.239616
0.2159 0.23552
0.2272 0.242688
0.2046 0.233472
0.266 0.236544
0.2119 0.24064
0.2057 0.24064
0.208 0.236544
0.2056 0.234496
0.2053 0.24064
0.2093 0.236544
0.2068 0.233472
0.2545 0.234496
0.3284 0.234496
0.4344 0.238592
0.2128 0.23552
0.2036 0.2304
0.2074 0.238592
0.2571 0.236544
0.2027 0.241664
0.2075 0.243712
0.2683 0.239616
0.2183 0.237568
0.2252 0.226304
0.52 0.237568
0.2607 0.236544
0.2134 0.237568
0.2098 0.233472
0.2084 0.24064
0.2045 0.237568
0.2401 0.239616
0.2106 0.239616
0.2078 0.238592
0.2119 0.241664
0.2344 0.24064
0.2581 0.228352
0.2061 0.238592
0.3295 0.241664
0.2078 0.232448
0.2061 0.237568
0.2192 0.23552
0.4688 0.232448
0.204 0.231424
0.2091 0.237568
0.2074 0.233472
0.2262 0.236544
0.2053 0.236544
0.2067 0.239616
0.2093 0.236544
0.2066 0.241664
0.2147 0.23552
0.2136 0.237568
0.4315 0.244736
0.2128 0.234496
0.2102 0.238592
0.2093 0.23552
0.5111 0.231424
0.2054 0.238592
0.209 0.233472
0.2092 0.24064
0.238 0.239616
0.2171 0.23552
0.2426 0.227328
0.203 0.23552
0.2765 0.23552
0.4067 0.23552
0.2153 0.231424
0.2176 0.2304
0.2054 0.228352
0.2119 0.236544
0.4584 0.233472
0.5 0.23552
0.4152 0.234496
0.2166 0.241664
0.2186 0.2304
0.2075 0.236544
0.2096 0.23552
0.2072 0.239616
0.2215 0.232448
0.2019 0.231424
0.2027 0.236544
0.243 0.236544
0.2221 0.234496
0.2086 0.23552
0.484 0.243712
0.2061 0.241664
0.2057 0.236544
0.206 0.241664
0.2079 0.237568
0.2051 0.236544
0.2074 0.23552
0.2032 0.231424
0.4425 0.237568
0.2614 0.239616
0.2052 0.24064
0.5591 0.246784
0.2157 0.231424
0.3351 0.232448
0.512 0.242688
0.4763 0.231424
0.4531 0.233472
0.2139 0.237568
0.2056 0.23552
0.2251 0.24064
0.2313 0.229376
0.2068 0.234496
0.2093 0.23552
0.2716 0.239616
0.2069 0.236544
0.3273 0.236544
0.2301 0.2304
0.2149 0.232448
0.2214 0.24576
0.1972 0.24576
0.2039 0.236544
0.2056 0.257024
0.2064 0.23552
0.2126 0.238592
0.2097 0.237568
0.2047 0.242688
0.2082 0.238592
0.2065 0.239616
0.2094 0.243712
0.4009 0.237568
0.2782 0.238592
0.2177 0.239616
0.2055 0.24064
0.214 0.253952
0.2039 0.241664
0.2259 0.237568
0.2041 0.237568
0.2169 0.247808
0.2055 0.241664
0.2346 0.239616
0.2115 0.246784
0.21 0.241664
0.2102 0.238592
0.4701 0.24064
0.2044 0.242688
0.2028 0.244736
0.2214 0.238592
0.4951 0.241664
0.2363 0.234496
0.4279 0.243712
0.2113 0.238592
0.2175 0.244736
0.2282 0.239616
0.2231 0.244736
0.2152 0.244736
0.213 0.24064
0.5401 0.246784
0.2144 0.24064
0.2041 0.24576
0.2124 0.24064
0.2421 0.242688
0.3565 0.24064
0.2064 0.25088
0.2053 0.241664
0.3216 0.243712
0.2136 0.25088
0.2141 0.24064
0.4185 0.25088
0.2427 0.248832
0.2111 0.25088
0.2088 0.239616
0.3922 0.247808
0.2058 0.244736
0.21 0.249856
0.2103 0.248832
0.2554 0.244736
0.2076 0.248832
0.2097 0.243712
0.2129 0.24576
0.2089 0.243712
0.2046 0.247808
0.2125 0.243712
0.2079 0.244736
0.2082 0.239616
0.2054 0.24576
0.2091 0.242688
0.2048 0.239616
0.205 0.236544
0.2199 0.247808
0.2399 0.241664
0.2042 0.246784
0.239 0.243712
0.2135 0.246784
0.212 0.244736
0.2099 0.246784
0.4633 0.24064
0.2072 0.242688
0.2053 0.248832
0.2066 0.241664
0.2124 0.238592
0.3019 0.244736
0.2087 0.238592
0.2241 0.239616
0.2134 0.243712
0.2076 0.238592
0.293 0.256
0.2094 0.249856
0.2051 0.239616
0.2343 0.248832
0.2099 0.246784
0.2071 0.241664
0.2118 0.246784
0.2234 0.244736
0.2141 0.24064
0.424 0.25088
0.2124 0.238592
0.2583 0.247808
0.2076 0.242688
0.4422 0.24064
0.4455 0.249856
0.2074 0.243712
0.4259 0.244736
0.2043 0.242688
0.2395 0.242688
0.2052 0.241664
0.3467 0.243712
0.2066 0.246784
0.2341 0.238592
0.2068 0.25088
0.2209 0.249856
0.2532 0.251904
0.2067 0.247808
0.4223 0.239616
0.3841 0.24576
0.2305 0.242688
0.6277 0.243712
0.2121 0.241664
0.6151 0.242688
0.2119 0.249856
0.4112 0.254976
0.4622 0.242688
0.4657 0.247808
0.4809 0.246784
0.4595 0.24576
0.4539 0.24576
0.2052 0.24064
0.2112 0.241664
0.2541 0.249856
0.2076 0.244736
0.2136 0.239616
0.2095 0.248832
0.5724 0.242688
0.2079 0.24064
0.2078 0.241664
0.21 0.24576
0.2087 0.24576
0.2065 0.238592
0.2043 0.246784
0.2082 0.238592
0.2138 0.24576
0.4593 0.238592
0.2087 0.242688
0.2163 0.241664
0.4458 0.242688
0.2034 0.24064
0.2048 0.244736
0.2074 0.24064
0.4208 0.24064
0.2676 0.244736
0.2252 0.247808
0.235 0.243712
0.2101 0.239616
0.2025 0.24064
0.2168 0.24576
0.2907 0.25088
0.2158 0.243712
0.2116 0.24064
0.2056 0.248832
0.206 0.244736
0.2028 0.243712
0.2116 0.247808
0.4461 0.24064
0.2208 0.249856
0.2064 0.242688
0.2078 0.244736
0.2214 0.239616
0.3257 0.241664
0.2507 0.249856
0.2051 0.244736
0.4733 0.248832
0.2666 0.246784
0.2048 0.248832
0.2021 0.246784
0.219 0.246784
0.2004 0.24576
0.2099 0.248832
0.304 0.249856
0.2205 0.239616
0.3734 0.242688
0.2091 0.24064
0.3002 0.247808
0.212 0.24064
0.2034 0.243712
0.2045 0.237568
0.2033 0.239616
0.2078 0.249856
0.2025 0.244736
0.214 0.24576
0.2428 0.24576
0.2073 0.244736
0.261 0.24576
0.5107 0.24576
0.3706 0.244736
0.2136 0.239616
0.3029 0.236544
0.2075 0.234496
0.2132 0.256
0.4577 0.241664
0.2632 0.238592
0.4225 0.247808
0.2211 0.242688
0.2319 0.238592
0.2641 0.241664
0.2034 0.244736
0.4623 0.242688
0.2045 0.24576
0.2099 0.24576
0.2214 0.247808
0.5155 0.242688
0.4753 0.244736
0.4514 0.24064
0.2227 0.246784
0.4623 0.244736
0.4823 0.246784
0.3715 0.243712
0.3322 0.241664
0.4713 0.24576
0.2155 0.236544
0.2165 0.237568
0.6197 0.243712
0.2267 0.247808
0.5866 0.246784
0.2147 0.243712
0.4469 0.248832
0.5113 0.246784
0.2084 0.239616
0.344 0.242688
0.2117 0.236544
0.2138 0.24576
0.381 0.24064
0.2385 0.24064
0.2258 0.242688
0.2153 0.24576
0.2457 0.246784
0.2055 0.243712
0.2876 0.25088
0.6183 0.24064
0.2289 0.246784
0.2233 0.242688
0.5141 0.241664
0.4656 0.244736
0.2247 0.244736
0.2123 0.25088
0.2158 0.239616
0.2109 0.24576
0.4242 0.237568
0.212 0.24576
0.2162 0.238592
0.2248 0.247808
0.5013 0.246784
0.3651 0.237568
0.394 0.238592
0.4601 0.247808
0.2214 0.246784
0.2053 0.24064
0.2124 0.246784
0.2083 0.24064
0.2068 0.23552
0.2138 0.241664
0.21 0.243712
0.2076 0.248832
0.208 0.246784
0.2093 0.241664
0.4883 0.243712
0.3952 0.242688
0.2053 0.246784
0.2088 0.242688
0.2152 0.246784
0.3414 0.244736
0.4062 0.24064
0.5173 0.242688
0.2092 0.243712
0.2113 0.252928
0.4706 0.24576
0.2094 0.247808
0.2319 0.243712
0.4352 0.241664
0.2073 0.243712
0.4545 0.248832
0.2125 0.247808
0.2149 0.248832
0.4594 0.238592
0.2112 0.244736
0.2127 0.241664
0.5009 0.242688
0.419 0.24064
0.2188 0.251904
0.2114 0.242688
0.2116 0.24576
0.2096 0.24064
0.2096 0.246784
0.2069 0.239616
0.2159 0.243712
0.2099 0.24064
0.4648 0.237568
0.2051 0.239616
0.2164 0.24576
0.2079 0.237568
0.2067 0.238592
0.4337 0.243712
0.3116 0.237568
0.2139 0.24064
0.4213 0.227328
0.2185 0.234496
0.2024 0.242688
0.2038 0.233472
0.4513 0.234496
0.2065 0.238592
0.2082 0.24064
0.2181 0.238592
0.2095 0.238592
0.2123 0.241664
0.3055 0.248832
0.2129 0.226304
0.4642 0.237568
0.2103 0.234496
0.2099 0.233472
0.2719 0.23552
0.203 0.236544
0.2078 0.24064
0.4637 0.229376
0.2141 0.238592
0.2124 0.237568
0.4322 0.233472
0.2028 0.239616
0.3639 0.241664
0.3174 0.234496
0.247 0.233472
0.5319 0.229376
0.2182 0.226304
0.212 0.234496
0.2106 0.241664
0.2065 0.232448
0.2071 0.237568
0.2108 0.238592
0.2026 0.239616
0.2113 0.236544
0.2192 0.233472
0.4493 0.233472
0.2043 0.233472
0.2113 0.236544
0.2288 0.2304
0.2724 0.237568
0.2061 0.24064
0.2142 0.23552
0.2094 0.231424
0.2057 0.229376
0.2326 0.249856
0.3812 0.248832
0.4685 0.232448
0.3101 0.231424
0.2173 0.23552
0.2108 0.231424
0.214 0.234496
0.2183 0.24064
0.2128 0.228352
0.3974 0.242688
0.2047 0.234496
0.2141 0.23552
0.4475 0.24064
0.2189 0.241664
0.2037 0.232448
0.2412 0.23552
0.214 0.243712
0.2078 0.232448
0.2251 0.23552
0.2119 0.232448
0.2858 0.232448
0.2246 0.232448
0.2084 0.237568
0.2051 0.24064
0.3709 0.2304
0.2062 0.227328
0.2083 0.224256
0.2092 0.236544
0.5418 0.23552
0.234 0.233472
0.2121 0.227328
0.2159 0.238592
0.2141 0.232448
0.2107 0.231424
0.2073 0.228352
0.2019 0.2304
0.2093 0.236544
0.2035 0.234496
0.2137 0.227328
0.596 0.23552
0.4571 0.24064
0.2138 0.228352
0.3953 0.236544
0.2106 0.226304
0.2125 0.2304
0.2099 0.228352
0.2112 0.228352
0.4553 0.232448
0.2107 0.228352
0.2075 0.229376
0.4491 0.2304
0.2265 0.233472
0.4635 0.238592
0.4292 0.231424
0.2324 0.231424
0.2059 0.231424
0.2087 0.23552
0.4617 0.23552
0.2086 0.24064
0.2077 0.238592
0.2092 0.23552
0.2094 0.239616
0.2075 0.24064
0.2105 0.238592
0.3471 0.242688
0.7155 0.242688
0.21 0.24064
0.2304 0.247808
0.2041 0.242688
0.2021 0.252928
0.4518 0.241664
0.248 0.246784
0.218 0.241664
0.2068 0.241664
0.2109 0.246784
0.2083 0.24576
0.2147 0.24064
0.2137 0.242688
0.2106 0.242688
0.2303 0.236544
0.5418 0.243712
0.215 0.241664
0.2112 0.24576
0.2116 0.244736
0.2309 0.244736
0.2043 0.244736
0.2023 0.248832
0.261 0.249856
0.5388 0.25088
0.2283 0.25088
0.2152 0.257024
0.207 0.251904
0.2153 0.25088
0.2172 0.257024
0.211 0.26112
0.2087 0.251904
0.3791 0.254976
0.2114 0.26112
0.2056 0.254976
0.2107 0.259072
0.2253 0.258048
0.3085 0.256
0.3762 0.262144
0.2066 0.251904
0.2041 0.247808
0.2063 0.25088
0.2092 0.248832
0.4275 0.244736
0.2053 0.244736
0.214 0.252928
0.2122 0.24576
0.2101 0.242688
0.2149 0.241664
0.5014 0.241664
0.516 0.226304
0.2088 0.239616
0.2059 0.23552
0.2082 0.24064
0.213 0.237568
0.2086 0.236544
0.2021 0.234496
0.2049 0.233472
0.2089 0.23552
0.2105 0.242688
0.285 0.23552
0.2227 0.24576
0.4649 0.234496
0.2356 0.2304
0.2072 0.228352
0.2092 0.238592
0.2051 0.232448
0.226 0.227328
0.3751 0.227328
0.2088 0.22528
0.2042 0.228352
0.3152 0.229376
0.2226 0.228352
0.2151 0.222208
0.2107 0.226304
0.2117 0.221184
0.2112 0.223232
0.4453 0.216064
0.2127 0.219136
0.2052 0.226304
0.2233 0.224256
0.2161 0.22016
0.2547 0.228352
0.264 0.224256
0.216 0.221184
0.2124 0.222208
0.3462 0.22016
0.2164 0.221184
0.206 0.223232
0.2393 0.22528
0.2186 0.223232
0.2065 0.227328
0.2204 0.216064
0.2407 0.228352
0.2031 0.224256
0.3877 0.22528
0.2173 0.223232
0.29 0.228352
0.3936 0.221184
0.4276 0.228352
0.2095 0.228352
0.2077 0.223232
0.2145 0.232448
0.2061 0.231424
0.2153 0.223232
0.2119 0.224256
0.2154 0.2304
0.2083 0.232448
0.2174 0.23552
0.2042 0.228352
0.5798 0.227328
0.5046 0.219136
0.2089 0.227328
0.4667 0.22528
0.2051 0.227328
0.2132 0.22528
0.4607 0.221184
0.2089 0.227328
0.2032 0.224256
0.4399 0.226304
0.2063 0.233472
0.2106 0.228352
0.2136 0.229376
0.2136 0.224256
0.2064 0.229376
0.2307 0.22528
0.2049 0.229376
0.2064 0.224256
0.2174 0.238592
0.2138 0.224256
0.2087 0.226304
0.2073 0.229376
0.2061 0.237568
0.2175 0.2304
0.2391 0.223232
0.2062 0.227328
0.2073 0.227328
0.4615 0.224256
0.2056 0.226304
0.2126 0.228352
0.2112 0.234496
0.2397 0.226304
0.205 0.238592
0.2077 0.232448
0.206 0.231424
0.2047 0.232448
0.4939 0.231424
0.2072 0.234496
0.322 0.232448
0.2105 0.229376
0.2047 0.23552
0.2364 0.232448
0.4319 0.234496
0.2123 0.233472
0.2131 0.239616
0.2188 0.232448
0.2074 0.23552
0.2076 0.231424
0.5886 0.236544
0.3578 0.231424
0.206 0.227328
0.2145 0.23552
0.2054 0.228352
0.2035 0.2304
0.2097 0.227328
0.4274 0.231424
0.4172 0.23552
0.2221 0.227328
0.2056 0.227328
0.2025 0.227328
0.2397 0.228352
0.512 0.232448
0.3339 0.222208
0.3391 0.237568
0.2024 0.224256
0.2096 0.226304
0.2154 0.224256
0.2399 0.226304
0.2114 0.224256
0.2078 0.231424
0.2112 0.227328
0.2105 0.23552
0.2085 0.233472
0.3738 0.233472
0.4338 0.233472
0.2284 0.229376
0.216 0.232448
0.2073 0.233472
0.2049 0.2304
0.2081 0.234496
0.2103 0.238592
0.2145 0.239616
0.2141 0.236544
0.2075 0.224256
0.2504 0.231424
0.3905 0.2304
0.3574 0.222208
0.4105 0.2304
0.2159 0.2304
0.209 0.22528
0.2086 0.219136
0.2144 0.217088
0.2079 0.222208
0.2092 0.2304
0.2191 0.224256
0.227 0.226304
0.2086 0.224256
0.2182 0.222208
0.2091 0.22528
0.4677 0.221184
0.2058 0.227328
0.2067 0.223232
0.5015 0.2304
0.2047 0.2304
0.2028 0.226304
0.2131 0.228352
0.2144 0.228352
0.2097 0.229376
0.439 0.22528
0.2369 0.228352
0.2824 0.232448
0.2164 0.229376
0.2271 0.238592
0.211 0.229376
0.2142 0.226304
0.2155 0.231424
0.2072 0.229376
0.2119 0.2304
0.2119 0.232448
0.207 0.242688
0.4733 0.234496
0.2141 0.23552
0.22 0.236544
0.2263 0.24064
0.2988 0.239616
0.2104 0.239616
0.2159 0.248832
0.2542 0.24576
0.2028 0.24576
0.2186 0.247808
0.2092 0.253952
0.2075 0.246784
0.2123 0.246784
0.2082 0.247808
0.436 0.247808
0.2902 0.249856
0.2119 0.24064
0.2076 0.239616
0.5873 0.252928
0.2146 0.248832
0.2195 0.24576
0.3412 0.258048
0.2089 0.242688
0.2111 0.243712
0.2635 0.249856
0.2181 0.251904
0.3264 0.247808
0.4048 0.24576
0.2116 0.24576
0.2074 0.246784
0.2262 0.244736
0.4318 0.254976
0.2021 0.251904
0.2065 0.248832
0.2182 0.251904
0.2064 0.244736
0.2424 0.238592
0.4555 0.239616
0.2903 0.239616
0.401 0.237568
0.4635 0.23552
0.2068 0.23552
0.2753 0.239616
0.2024 0.239616
0.2022 0.24064
0.2196 0.234496
0.2078 0.24064
0.2442 0.241664
0.4313 0.242688
0.2041 0.246784
0.391 0.239616
0.3024 0.24064
0.2047 0.242688
0.209 0.24576
0.2195 0.251904
0.2048 0.241664
0.2126 0.242688
0.2129 0.236544
0.2052 0.237568
0.2083 0.242688
0.461 0.237568
0.2045 0.237568
0.2167 0.24576
0.228 0.237568
0.22 0.232448
0.2069 0.242688
0.2476 0.2304
0.2094 0.237568
0.2049 0.236544
0.2136 0.236544
0.2148 0.239616
0.2108 0.236544
0.2072 0.239616
0.2256 0.236544
0.2047 0.247808
0.2065 0.243712
0.2116 0.239616
0.222 0.24064
0.2142 0.238592
0.209 0.239616
0.2096 0.239616
0.2109 0.239616
0.2118 0.243712
0.2057 0.238592
0.2582 0.25088
0.2078 0.23552
0.2017 0.237568
0.521 0.251904
0.4861 0.233472
0.2089 0.241664
0.2793 0.236544
0.2097 0.23552
0.2146 0.24064
0.2053 0.236544
0.2059 0.241664
0.2027 0.236544
0.2224 0.234496
0.2118 0.24064
0.2166 0.237568
0.345 0.233472
0.2108 0.231424
0.2062 0.242688
0.2179 0.241664
0.2072 0.23552
0.2132 0.234496
0.3242 0.242688
0.2147 0.241664
0.2991 0.239616
0.4602 0.234496
0.3346 0.24064
0.2122 0.233472
0.5766 0.247808
0.3069 0.238592
0.2114 0.236544
0.3101 0.239616
0.2055 0.243712
0.2108 0.242688
0.2087 0.239616
0.2168 0.243712
0.2064 0.238592
0.4169 0.241664
0.2107 0.236544
0.2033 0.241664
0.2685 0.241664
0.2588 0.238592
0.3343 0.241664
0.2124 0.239616
0.2107 0.243712
0.2028 0.234496
0.2284 0.239616
0.2065 0.24064
0.2047 0.244736
0.4347 0.236544
0.2092 0.237568
0.2069 0.238592
0.216 0.23552
0.4614 0.246784
0.3435 0.248832
0.2153 0.234496
0.4378 0.242688
0.2081 0.233472
0.2177 0.23552
0.2174 0.239616
0.2065 0.236544
0.4635 0.241664
0.2092 0.241664
0.2183 0.24576
0.2163 0.237568
0.206 0.243712
0.2109 0.241664
0.2189 0.23552
0.2093 0.233472
0.2489 0.24064
0.216 0.237568
0.2187 0.232448
0.2115 0.239616
0.4534 0.246784
0.2097 0.249856
0.2097 0.238592
0.2097 0.25088
0.2961 0.241664
0.2131 0.239616
0.2725 0.246784
0.2339 0.233472
0.2116 0.242688
0.2545 0.236544
0.2311 0.239616
0.5111 0.247808
0.209 0.243712
0.204 0.239616
0.2063 0.244736
0.2138 0.232448
0.2193 0.24064
0.2627 0.23552
0.4243 0.241664
0.2182 0.247808
0.5148 0.24064
0.2526 0.236544
0.2119 0.24064
0.2092 0.251904
0.4209 0.242688
0.2119 0.234496
0.2079 0.24064
0.2291 0.246784
0.2051 0.238592
0.3469 0.244736
0.2161 0.237568
0.2107 0.239616
0.2145 0.23552
0.2778 0.241664
0.4658 0.239616
0.205 0.239616
0.2154 0.238592
0.2073 0.24576
0.2063 0.238592
0.2191 0.241664
0.24 0.238592
0.3607 0.238592
0.3173 0.238592
0.2177 0.24064
0.2173 0.244736
0.2395 0.24064
0.2106 0.243712
0.2113 0.247808
0.4661 0.25088
0.2008 0.232448
0.2013 0.242688
0.2123 0.25088
