0.0601 0.185344
0.0567 0.186368
0.0686 0.185344
0.0683 0.186368
0.0672 0.186368
0.0766 0.186368
0.0422 0.186368
0.0522 0.186368
0.0485 0.186368
0.0629 0.186368
0.0412 0.185344
0.0389 0.186368
0.0471 0.615424
0.0428 0.18432
0.0505 0.185344
0.0477 0.185344
0.051 0.186368
0.0424 0.186368
0.044 0.185344
0.0427 0.186368
0.0476 0.185344
0.0455 0.186368
0.055 0.186368
0.0439 0.186368
0.048 0.185344
0.0741 0.186368
0.078 0.185344
0.045 0.185344
0.0823 0.185344
0.0737 0.185344
0.0438 0.185344
0.0711 0.186368
0.0447 0.185344
0.0492 0.186368
0.0482 0.186368
0.0449 0.185344
0.0722 0.186368
0.0453 0.185344
0.0793 0.186368
0.0759 0.185344
0.0435 0.185344
0.0772 0.185344
0.0429 0.185344
0.0434 0.185344
0.051 0.186368
0.0745 0.185344
0.0443 0.185344
0.0445 0.186368
0.0739 0.186368
0.0433 0.185344
0.0427 0.186368
0.0466 0.186368
0.0632 0.185344
0.0462 0.185344
0.0446 0.186368
0.0772 0.186368
0.0853 0.186368
0.0679 0.186368
0.0551 0.185344
0.048 0.185344
0.0429 0.185344
0.05 0.185344
0.0597 0.185344
0.0425 0.185344
0.0435 0.185344
0.0578 0.185344
0.0639 0.186368
0.043 0.186368
0.0451 0.173056
0.2066 0.173056
0.0554 0.173056
0.0439 0.173056
0.0439 0.17408
0.0429 0.173056
0.0423 0.173056
0.0451 0.17408
0.0714 0.17408
0.0644 0.172032
0.0479 0.150528
0.044 0.151552
0.0693 0.152576
0.0428 0.152576
0.0608 0.151552
0.0633 0.152576
0.0543 0.152576
0.0448 0.151552
0.1241 0.151552
0.0759 0.151552
0.0672 0.147456
0.0739 0.150528
0.0434 0.150528
0.0428 0.150528
0.0588 0.149504
0.0574 0.149504
0.0854 0.150528
0.0746 0.150528
0.0741 0.149504
0.0696 0.149504
0.0657 0.14848
0.0727 0.147456
0.0484 0.147456
0.0441 0.149504
0.0477 0.14848
0.0508 0.149504
0.0426 0.14848
0.0644 0.149504
0.065 0.149504
0.0651 0.14848
0.0434 0.149504
0.0438 0.147456
0.0515 0.147456
0.0779 0.147456
0.045 0.149504
0.0439 0.149504
0.0434 0.14848
0.0438 0.149504
0.0506 0.14848
0.0762 0.149504
0.0431 0.149504
0.0519 0.145408
0.0731 0.145408
0.0484 0.145408
0.0475 0.147456
0.0449 0.147456
0.0427 0.147456
0.0433 0.149504
0.047 0.14848
0.0498 0.149504
0.0785 0.14848
0.0656 0.147456
0.0588 0.147456
0.0569 0.147456
0.0439 0.147456
0.0478 0.147456
0.0454 0.147456
0.0522 0.147456
0.0667 0.147456
0.0574 0.147456
0.043 0.147456
0.0597 0.145408
0.044 0.145408
0.0518 0.145408
0.0613 0.145408
0.0664 0.145408
0.0695 0.149504
0.057 0.149504
0.0699 0.14848
0.0661 0.149504
0.0586 0.14848
0.066 0.14848
0.0433 0.14848
0.0596 0.149504
0.0466 0.149504
0.045 0.149504
0.0548 0.14848
0.0874 0.149504
0.0796 0.149504
0.0509 0.149504
0.0761 0.149504
0.0559 0.14848
0.0643 0.149504
0.0553 0.149504
0.0467 0.149504
0.0676 0.149504
0.0546 0.14848
0.0443 0.14848
0.0619 0.149504
0.0611 0.149504
0.0478 0.149504
0.0538 0.14848
0.0517 0.145408
0.0437 0.146432
0.0608 0.145408
0.0451 0.145408
0.0507 0.146432
0.0679 0.146432
0.0724 0.147456
0.0434 0.147456
0.044 0.147456
0.0581 0.145408
0.0781 0.14848
0.0494 0.147456
0.0807 0.149504
0.0733 0.149504
0.0488 0.150528
0.0452 0.150528
0.0624 0.149504
0.0565 0.150528
0.1367 0.150528
0.0555 0.150528
0.0428 0.14848
0.0445 0.149504
0.0596 0.149504
0.0435 0.149504
0.0495 0.14848
0.0445 0.149504
0.0478 0.149504
0.0569 0.149504
0.0448 0.14848
0.0779 0.149504
0.0423 0.145408
0.0447 0.145408
0.0682 0.147456
0.0571 0.146432
0.0433 0.147456
0.068 0.147456
0.0842 0.149504
0.0543 0.149504
0.0547 0.149504
0.0444 0.149504
0.0767 0.147456
0.0429 0.147456
0.0436 0.146432
0.0749 0.147456
0.0424 0.147456
0.0494 0.147456
0.0449 0.147456
0.0592 0.147456
0.0458 0.147456
0.0747 0.147456
0.065 0.146432
0.1418 0.147456
0.0635 0.146432
0.0433 0.147456
0.0472 0.147456
0.1173 0.147456
0.0552 0.14848
0.0671 0.147456
0.0575 0.147456
0.0504 0.147456
0.0547 0.149504
0.0447 0.14848
0.0464 0.149504
0.0444 0.14848
0.0437 0.14848
0.0486 0.149504
0.0451 0.149504
0.0743 0.149504
0.0476 0.149504
0.0478 0.14848
0.0604 0.145408
0.0437 0.145408
0.0459 0.145408
0.0601 0.145408
0.044 0.146432
0.0442 0.146432
0.0452 0.147456
0.0439 0.147456
0.0512 0.147456
0.0496 0.147456
0.0492 0.147456
0.0417 0.146432
0.0451 0.147456
0.0433 0.147456
0.0444 0.147456
0.0566 0.147456
0.0424 0.14848
0.0439 0.146432
0.0432 0.147456
0.043 0.147456
0.0437 0.145408
0.0431 0.149504
0.0507 0.149504
0.0751 0.149504
0.0516 0.14848
0.0669 0.149504
0.0666 0.14848
0.0473 0.149504
0.0785 0.149504
0.0575 0.149504
0.043 0.146432
0.0422 0.145408
0.0489 0.145408
0.0435 0.147456
0.0418 0.147456
0.043 0.146432
0.0465 0.154624
0.0476 0.154624
0.0458 0.1536
0.0433 0.1536
0.0445 0.150528
0.0474 0.150528
0.0452 0.150528
0.0441 0.150528
0.0535 0.150528
0.0434 0.149504
0.0434 0.150528
0.0445 0.149504
0.0868 0.150528
0.0444 0.150528
0.0727 0.147456
0.0427 0.147456
0.0519 0.147456
0.0472 0.147456
0.0544 0.147456
0.0755 0.147456
0.0533 0.146432
0.0494 0.147456
0.0717 0.14848
0.0767 0.147456
0.0567 0.147456
0.0528 0.147456
0.0579 0.147456
0.0498 0.147456
0.0431 0.147456
0.0513 0.147456
0.0503 0.147456
0.0434 0.147456
0.0447 0.147456
0.0468 0.147456
0.0736 0.147456
0.0434 0.154624
0.0445 0.1536
0.0515 0.154624
0.0441 0.1536
0.0429 0.154624
0.0437 0.1536
0.066 0.1536
0.0428 0.154624
0.0431 0.152576
0.0442 0.144384
0.0435 0.145408
0.0476 0.145408
0.0837 0.146432
0.0426 0.146432
0.0849 0.145408
0.0722 0.146432
0.0429 0.145408
0.043 0.145408
0.0437 0.145408
0.0464 0.145408
0.0443 0.147456
0.0428 0.14848
0.0454 0.146432
0.0582 0.147456
0.0456 0.147456
0.0436 0.147456
0.0441 0.14848
0.0462 0.147456
0.0491 0.146432
0.0447 0.147456
0.0435 0.147456
0.043 0.147456
0.051 0.147456
0.0436 0.147456
0.0462 0.147456
0.0434 0.147456
0.0435 0.149504
0.0673 0.149504
0.0427 0.14848
0.0592 0.14848
0.0478 0.147456
0.0912 0.147456
0.0772 0.147456
0.0425 0.147456
0.0421 0.147456
0.0472 0.147456
0.0441 0.147456
0.0822 0.147456
0.0447 0.14848
0.0427 0.146432
0.0886 0.145408
0.0443 0.145408
0.0433 0.145408
0.0448 0.151552
0.0744 0.152576
0.0678 0.151552
0.0473 0.151552
0.049 0.151552
0.0771 0.151552
0.0773 0.151552
0.0479 0.145408
0.0425 0.145408
0.0735 0.145408
0.0494 0.145408
0.0754 0.146432
0.0615 0.145408
0.0665 0.147456
0.0514 0.147456
0.0431 0.146432
0.0454 0.147456
0.0527 0.145408
0.0591 0.145408
0.0744 0.146432
0.0525 0.147456
0.0446 0.147456
0.0644 0.147456
0.0429 0.14848
0.0576 0.147456
0.0504 0.147456
0.0436 0.147456
0.0427 0.145408
0.0461 0.145408
0.0486 0.145408
0.0463 0.145408
0.0441 0.149504
0.0465 0.149504
0.0433 0.149504
0.0792 0.149504
0.0671 0.149504
0.0445 0.149504
0.0444 0.147456
0.0427 0.147456
0.0436 0.147456
0.044 0.147456
0.0447 0.147456
0.0437 0.147456
0.0443 0.149504
0.0425 0.14848
0.0546 0.149504
0.0631 0.149504
0.044 0.147456
0.0485 0.147456
0.0494 0.146432
0.0438 0.14848
0.049 0.146432
0.0468 0.147456
0.0429 0.147456
0.0475 0.147456
0.0432 0.147456
0.0427 0.147456
0.0425 0.147456
0.0492 0.185344
0.0469 0.185344
0.0772 0.186368
0.058 0.186368
0.0735 0.186368
0.0432 0.185344
0.0537 0.186368
0.0441 0.185344
0.0564 0.185344
0.0502 0.185344
0.043 0.185344
0.042 0.186368
0.0589 0.185344
0.0912 0.186368
0.0523 0.186368
0.0453 0.186368
0.0471 0.186368
0.044 0.186368
0.0789 0.185344
0.0426 0.185344
0.0498 0.185344
0.0705 0.186368
0.0436 0.186368
0.0431 0.186368
0.0502 0.186368
0.0645 0.186368
0.0434 0.186368
0.0433 0.185344
0.0422 0.186368
0.0432 0.185344
0.0439 0.185344
0.0431 0.186368
0.0437 0.186368
0.0464 0.186368
0.0454 0.186368
0.0439 0.185344
0.0425 0.185344
0.0482 0.186368
0.0628 0.186368
0.0435 0.185344
0.0442 0.185344
0.0489 0.185344
0.0443 0.186368
0.0478 0.186368
0.0427 0.186368
0.0464 0.185344
0.0432 0.185344
0.0428 0.185344
0.0454 0.186368
0.047 0.186368
0.0468 0.186368
0.0669 0.186368
0.0494 0.185344
0.0499 0.186368
0.0503 0.185344
0.0432 0.186368
0.0417 0.186368
0.0453 0.186368
0.0419 0.185344
0.0484 0.185344
0.0437 0.185344
0.0494 0.186368
0.0429 0.186368
0.0488 0.18432
0.0437 0.186368
0.0467 0.186368
0.0426 0.186368
0.0641 0.185344
0.0427 0.186368
0.0447 0.186368
0.0451 0.186368
0.0474 0.186368
0.0534 0.186368
0.0437 0.185344
0.043 0.186368
0.0468 0.186368
0.0441 0.185344
0.0433 0.186368
0.044 0.185344
0.0434 0.185344
0.0419 0.185344
0.0583 0.186368
0.0499 0.185344
0.0427 0.185344
0.0446 0.185344
0.0788 0.185344
0.0691 0.185344
0.0582 0.186368
0.075 0.185344
0.0432 0.185344
0.0566 0.186368
0.0481 0.18432
0.0424 0.185344
0.0474 0.186368
0.0423 0.186368
0.053 0.186368
0.0578 0.186368
0.0578 0.185344
0.0635 0.185344
0.0631 0.186368
0.0597 0.186368
0.0487 0.186368
0.0505 0.185344
0.043 0.186368
0.0432 0.185344
0.0422 0.185344
0.0432 0.185344
0.0653 0.186368
0.0481 0.185344
0.0429 0.185344
0.0867 0.186368
0.0636 0.186368
0.0736 0.185344
0.0448 0.185344
0.0486 0.185344
0.0605 0.186368
0.0706 0.186368
0.0449 0.185344
0.0427 0.185344
0.0438 0.185344
0.0506 0.185344
0.0445 0.185344
0.0434 0.186368
0.0542 0.185344
0.0483 0.185344
0.072 0.186368
0.0453 0.185344
0.074 0.186368
0.0446 0.186368
0.0453 0.185344
0.051 0.185344
0.0443 0.186368
0.0495 0.185344
0.0427 0.186368
0.0428 0.185344
0.0784 0.186368
0.0446 0.185344
0.0757 0.186368
0.0446 0.186368
0.0492 0.185344
0.0432 0.185344
0.0439 0.185344
0.0438 0.185344
0.043 0.186368
0.0431 0.185344
0.0437 0.186368
0.049 0.18432
0.0426 0.186368
0.0427 0.186368
0.0431 0.186368
0.0485 0.185344
0.0516 0.186368
0.043 0.186368
0.0438 0.185344
0.0431 0.186368
0.0426 0.186368
0.046 0.18432
0.0433 0.185344
0.0576 0.186368
0.0425 0.185344
0.0542 0.185344
0.0446 0.186368
0.0434 0.185344
0.0491 0.185344
0.0476 0.185344
0.0437 0.185344
0.0424 0.185344
0.0438 0.185344
0.0705 0.185344
0.0429 0.185344
0.0433 0.185344
0.0462 0.185344
0.0601 0.185344
0.0469 0.186368
0.0433 0.186368
0.0532 0.186368
0.0434 0.185344
0.0426 0.185344
0.0495 0.186368
0.0429 0.186368
0.05 0.185344
0.0438 0.185344
0.0741 0.185344
0.0432 0.185344
0.073 0.185344
0.0417 0.185344
0.0424 0.185344
0.0505 0.185344
0.0462 0.185344
0.0716 0.185344
0.0458 0.185344
0.0428 0.186368
0.0671 0.185344
0.0431 0.18432
0.0467 0.186368
0.0744 0.186368
0.0719 0.186368
0.0534 0.185344
0.0436 0.185344
0.0438 0.185344
0.0515 0.185344
0.044 0.186368
0.0758 0.185344
0.0415 0.185344
0.0466 0.186368
0.0728 0.185344
0.0516 0.186368
0.0434 0.185344
0.0466 0.186368
0.043 0.185344
0.0744 0.185344
0.0698 0.185344
0.045 0.186368
0.0459 0.185344
0.0502 0.185344
0.0436 0.186368
0.0426 0.186368
0.0476 0.186368
0.0698 0.185344
0.0771 0.185344
0.0683 0.186368
0.0426 0.185344
0.0425 0.186368
0.043 0.185344
0.0433 0.185344
0.0421 0.186368
0.0447 0.185344
0.0424 0.186368
0.0476 0.186368
0.0437 0.185344
0.0487 0.186368
0.048 0.186368
0.0442 0.185344
0.0677 0.185344
0.0683 0.185344
0.0435 0.186368
0.043 0.186368
0.0583 0.186368
0.0496 0.186368
0.0479 0.186368
0.0436 0.185344
0.051 0.185344
0.0428 0.186368
0.0433 0.185344
0.0436 0.186368
0.0439 0.185344
0.0558 0.186368
0.0673 0.186368
0.0585 0.186368
0.0581 0.186368
0.0426 0.185344
0.0449 0.186368
0.0428 0.186368
0.043 0.185344
0.0429 0.185344
0.0463 0.185344
0.0441 0.186368
0.0651 0.186368
0.0458 0.186368
0.0697 0.185344
0.0496 0.186368
0.0428 0.185344
0.0427 0.186368
0.043 0.185344
0.0608 0.185344
0.0475 0.185344
0.0457 0.186368
0.0515 0.186368
0.0437 0.185344
0.0444 0.185344
0.0425 0.185344
0.0496 0.186368
0.0425 0.185344
0.0431 0.185344
0.0461 0.186368
0.0426 0.185344
0.043 0.185344
0.0439 0.186368
0.0477 0.186368
0.049 0.186368
0.0442 0.186368
0.0428 0.185344
0.0419 0.186368
0.0438 0.185344
0.0433 0.186368
0.0431 0.185344
0.0428 0.185344
0.0425 0.186368
0.0425 0.185344
0.0434 0.186368
0.0429 0.185344
0.0467 0.186368
0.0439 0.185344
0.044 0.186368
0.0684 0.185344
0.0423 0.185344
0.0434 0.186368
0.0428 0.186368
0.0476 0.186368
0.0433 0.185344
0.0427 0.186368
0.0504 0.185344
0.0463 0.185344
0.0439 0.185344
0.051 0.186368
0.0427 0.186368
0.0424 0.186368
0.0562 0.186368
0.0712 0.185344
0.0612 0.185344
0.0443 0.185344
0.0738 0.186368
0.0447 0.185344
0.0487 0.185344
0.0441 0.185344
0.0675 0.186368
0.0437 0.185344
0.0442 0.186368
0.0512 0.186368
0.0522 0.186368
0.0539 0.186368
0.0743 0.186368
0.0489 0.186368
0.0426 0.186368
0.0431 0.185344
0.0441 0.185344
0.0553 0.185344
0.067 0.186368
0.0425 0.185344
0.0475 0.186368
0.0423 0.186368
0.0751 0.186368
0.0595 0.186368
0.047 0.186368
0.0839 0.186368
0.0467 0.185344
0.0439 0.185344
0.0432 0.185344
0.0788 0.185344
0.0471 0.186368
0.0445 0.185344
0.0472 0.186368
0.0465 0.185344
0.0462 0.185344
0.0425 0.185344
0.0459 0.185344
0.0521 0.185344
0.0431 0.185344
0.047 0.185344
0.0697 0.185344
0.0438 0.186368
0.0416 0.185344
0.0436 0.185344
0.0712 0.186368
0.0416 0.185344
0.0648 0.186368
0.0442 0.185344
0.0711 0.185344
0.0428 0.186368
0.0435 0.185344
0.1506 0.185344
0.042 0.186368
0.0427 0.185344
0.0418 0.185344
0.0637 0.186368
0.0488 0.185344
0.055 0.185344
0.0453 0.185344
0.0572 0.185344
0.0432 0.185344
0.0446 0.186368
0.0432 0.186368
0.0491 0.186368
0.0439 0.185344
0.0467 0.185344
0.0486 0.185344
0.0426 0.186368
0.0482 0.186368
0.0428 0.186368
0.0452 0.185344
0.0474 0.185344
0.0426 0.185344
0.0452 0.185344
0.0448 0.186368
0.0474 0.186368
0.0461 0.186368
0.0438 0.185344
0.0489 0.186368
0.0433 0.185344
0.0427 0.185344
0.042 0.185344
0.0509 0.185344
0.0436 0.186368
0.0512 0.185344
0.0662 0.186368
0.0727 0.186368
0.0466 0.186368
0.0434 0.186368
0.073 0.185344
0.0431 0.185344
0.0433 0.185344
0.048 0.185344
0.0453 0.186368
0.0483 0.186368
0.0433 0.185344
0.0459 0.186368
0.0747 0.185344
0.0445 0.186368
0.0444 0.185344
0.0461 0.185344
0.0483 0.185344
0.0428 0.186368
0.0655 0.186368
0.0427 0.186368
0.0473 0.185344
0.0446 0.185344
0.0476 0.186368
0.0419 0.185344
0.0648 0.186368
0.0432 0.185344
0.0743 0.186368
0.0429 0.186368
0.0433 0.186368
0.043 0.185344
0.0777 0.186368
0.0754 0.186368
0.0429 0.185344
0.0428 0.185344
0.0453 0.185344
0.043 0.185344
0.0455 0.185344
0.0681 0.186368
0.0659 0.186368
0.0447 0.185344
0.047 0.185344
0.0437 0.185344
0.0449 0.185344
0.0494 0.186368
0.0434 0.185344
0.0426 0.185344
0.0475 0.185344
0.0595 0.186368
0.0528 0.186368
0.0435 0.185344
0.0419 0.185344
0.0668 0.185344
0.0428 0.186368
0.0429 0.186368
0.0432 0.185344
0.0437 0.185344
0.0477 0.186368
0.0563 0.185344
0.043 0.185344
0.0411 0.185344
0.076 0.186368
0.0513 0.185344
0.0428 0.186368
0.0452 0.185344
0.0458 0.185344
0.0429 0.185344
0.0459 0.186368
0.0468 0.185344
0.0627 0.186368
0.0436 0.186368
0.0511 0.185344
0.0424 0.185344
0.0435 0.186368
0.0626 0.186368
0.0664 0.185344
0.0501 0.186368
0.0458 0.185344
0.0514 0.185344
0.0703 0.186368
0.0463 0.185344
0.0439 0.185344
0.0427 0.186368
0.0439 0.185344
0.0437 0.185344
0.0503 0.185344
0.0509 0.186368
0.043 0.186368
0.0476 0.185344
0.0655 0.186368
0.0445 0.186368
0.0546 0.185344
0.0728 0.186368
0.0436 0.185344
0.0425 0.186368
0.0464 0.185344
0.043 0.185344
0.0435 0.185344
0.0505 0.185344
0.0756 0.186368
0.052 0.186368
0.0428 0.185344
0.0477 0.185344
0.0733 0.186368
0.043 0.186368
0.0425 0.185344
0.0443 0.185344
0.0431 0.185344
0.0618 0.186368
0.0633 0.186368
0.0631 0.185344
0.0974 0.185344
0.0452 0.185344
0.0668 0.186368
0.0434 0.185344
0.044 0.186368
0.0435 0.186368
0.0434 0.186368
0.0469 0.186368
0.0502 0.185344
0.0431 0.185344
0.0517 0.186368
0.048 0.185344
0.0469 0.186368
0.055 0.186368
0.0597 0.186368
0.0437 0.185344
0.0463 0.185344
0.0458 0.185344
0.0499 0.185344
0.0475 0.185344
0.0441 0.185344
0.0442 0.186368
0.043 0.185344
0.0477 0.186368
0.0425 0.186368
0.043 0.185344
0.0534 0.186368
0.0502 0.186368
0.0498 0.185344
0.0468 0.185344
0.0432 0.185344
0.0438 0.185344
0.0776 0.186368
0.0795 0.185344
0.0445 0.185344
0.0421 0.186368
0.0505 0.185344
0.0432 0.185344
0.0495 0.186368
0.0438 0.186368
0.0432 0.185344
0.0537 0.185344
0.0426 0.185344
0.0436 0.186368
0.0442 0.186368
0.043 0.186368
0.045 0.185344
0.0417 0.186368
0.0481 0.186368
0.0618 0.185344
0.0441 0.186368
0.0474 0.185344
0.0509 0.186368
0.0483 0.185344
0.0429 0.185344
0.0494 0.185344
0.0422 0.186368
0.0434 0.186368
0.0487 0.185344
0.0483 0.185344
0.0732 0.186368
0.0695 0.186368
0.0682 0.185344
0.0591 0.185344
0.044 0.185344
0.0427 0.186368
0.0433 0.186368
0.0428 0.186368
0.0487 0.185344
0.0439 0.186368
0.0438 0.185344
0.0432 0.185344
0.0435 0.185344
0.0443 0.185344
0.0731 0.186368
0.0939 0.186368
0.0423 0.186368
0.0779 0.186368
0.0485 0.185344
0.0465 0.185344
0.0432 0.186368
0.0453 0.185344
0.0475 0.185344
0.0436 0.18432
0.0435 0.186368
0.0424 0.185344
0.0454 0.185344
0.044 0.185344
0.0435 0.186368
0.0512 0.186368
0.0431 0.185344
0.0526 0.185344
0.0479 0.186368
0.0428 0.186368
0.0452 0.186368
0.0427 0.186368
0.044 0.185344
0.0433 0.186368
