2.1572 7.79981
1.6412 7.56429
1.5181 7.79981
1.3132 7.56429
1.1008 7.39226
1.7564 7.56429
1.0396 7.39226
1.0342 7.58682
0.9881 7.39226
0.8879 7.58682
0.9937 7.66362
1.217 7.81107
1.3014 7.87661
1.1412 7.57248
1.2917 7.89197
2.4782 7.57965
1.0474 7.78854
1.0942 7.54074
1.0637 7.86022
1.3951 7.7568
1.0589 7.92166
1.0712 8.0128
1.0682 7.73222
1.1287 7.82131
1.0545 7.77011
1.5665 7.7824
1.8535 7.7783
1.0753 7.79571
2.1522 7.74656
1.0795 7.79571
1.0782 7.77728
2.0907 7.77318
1.2316 7.81824
1.1157 7.85408
1.1579 7.55302
1.1764 7.79674
1.0798 7.79776
1.1096 7.84179
1.5168 7.76909
2.2272 7.8336
1.0763 7.82541
1.8184 7.79571
1.0768 7.78752
1.8589 7.7824
1.1145 7.54995
1.6998 7.79981
1.7439 7.8592
1.1091 7.77421
2.1278 7.57453
2.3189 7.55507
1.8677 7.76499
2.1264 7.83872
1.0843 7.77114
1.0998 7.79059
1.0646 7.76909
1.041 7.75885
1.0886 7.54483
1.1107 7.552
1.0635 7.77933
1.5242 7.53254
1.0524 7.75168
1.0884 7.85101
1.1487 7.57248
1.0648 7.84691
1.2556 7.77216
1.0773 7.54176
1.1306 7.82131
1.7953 7.56224
1.0795 7.55712
1.0884 7.808
1.0616 7.54995
1.1966 7.5776
1.1316 7.808
1.0427 7.83974
1.0944 7.79878
1.2924 7.84486
1.0938 7.75373
1.0703 7.84282
1.0918 7.78854
1.2022 7.86125
1.1233 7.55507
2.1248 7.76192
1.0715 7.76294
1.0962 7.79366
1.0907 7.7824
1.0698 7.54278
1.5795 7.78035
1.0663 7.54278
1.0994 7.79264
1.0964 7.552
1.0432 7.77318
1.0585 7.84384
1.0766 7.76192
1.0619 7.84794
1.1882 7.80595
1.0686 7.78957
1.0712 7.53664
1.0808 7.77933
1.2028 7.77728
1.0992 7.75885
2.1309 7.84384
1.0648 7.81414
1.0894 7.75987
1.1185 7.77626
1.0758 7.79264
1.0638 7.80698
1.1652 7.7824
1.1243 7.82234
1.0772 7.79162
1.8998 7.85408
1.1955 7.77114
1.12 7.74758
1.1136 7.84794
1.9113 7.78547
1.0581 7.7609
1.0581 7.7353
1.0565 7.73632
1.0902 7.7527
1.0397 7.73222
1.0954 7.72608
1.074 7.45472
1.0943 7.46496
1.0687 7.68
2.1572 7.43322
1.152 7.68102
1.1143 7.71994
1.1376 7.65235
1.0381 7.68205
1.4318 7.45677
1.0752 7.68717
1.0956 7.69331
1.0784 7.69843
1.1203 7.6585
1.053 7.43014
1.0723 7.43834
1.4551 7.4752
2.1534 7.69946
2.1538 7.43014
1.0894 7.66669
1.2564 7.66464
1.1618 7.6841
1.0502 7.69638
2.0829 7.72403
1.1592 7.7015
1.1116 7.66464
1.6021 7.66566
1.0793 7.42912
2.4829 7.70253
2.4007 7.67078
1.0786 7.42707
1.6883 7.69946
2.3896 7.42093
1.2007 7.67795
1.1388 7.70253
1.1165 7.64621
1.1149 7.68102
1.112 7.68102
1.0493 7.69024
1.107 7.73325
1.0738 7.74554
1.1866 7.67898
1.1673 7.71174
1.0983 7.66259
1.058 7.6329
1.06 7.68307
1.0551 7.44755
1.0666 7.64518
1.0428 7.69946
1.0537 7.67795
1.2316 7.70355
1.1122 7.74861
1.1094 7.68512
2.3098 7.69536
1.6031 7.43424
1.1182 7.68614
2.1276 7.424
1.0848 7.68717
1.078 7.74144
1.0509 7.66259
1.0637 7.73837
1.0678 7.73325
1.081 7.65747
1.8077 7.74246
1.0484 7.68205
1.2485 7.71789
1.2097 7.64621
1.1187 7.69229
1.0585 7.7097
1.1293 7.6544
1.0998 7.67693
1.0397 7.68922
1.1385 7.60218
1.1199 7.45984
1.0567 7.71174
1.1491 7.67386
1.5577 7.43834
1.0926 7.67795
1.1965 7.45677
1.0476 7.68512
1.5808 7.60934
1.9685 7.66976
1.2113 7.66362
1.0886 7.67795
1.1778 7.69434
1.0482 7.67693
1.0434 7.73325
1.0505 7.73427
1.0802 7.68614
1.1022 7.67898
1.3972 7.66157
1.0865 7.66259
1.1371 7.7353
1.0973 7.67283
1.1009 7.67078
1.0681 7.69946
1.0787 7.66259
1.0656 7.43731
1.0762 7.45472
1.1567 7.73939
1.0756 7.73325
1.0489 7.64928
1.1312 7.71789
1.0987 7.73734
1.0782 7.6759
2.146 7.6841
1.0957 7.66874
1.1013 7.43424
1.0933 7.44141
1.0972 7.7097
1.3573 7.44858
1.0649 7.42605
1.0624 7.71891
1.0418 7.66259
1.5433 7.73837
1.1331 7.67181
1.0905 7.44858
1.2248 7.46394
1.097 7.42093
1.0979 7.65542
1.0838 7.68
1.0694 7.64723
1.0633 7.69434
1.068 7.43424
1.0699 7.67693
1.1758 7.73632
1.0885 7.70867
1.9069 7.64314
1.3167 7.42605
1.0765 7.68614
1.1441 7.65952
1.0417 7.43526
1.0593 7.65952
1.1103 7.67693
1.0478 7.65952
1.0806 7.68307
1.0569 7.66259
1.0991 7.6503
1.0878 7.64826
1.0596 7.64109
1.2086 7.6073
1.7718 7.43219
1.0831 7.42502
1.05 7.72813
1.077 7.70458
1.0383 7.66771
1.0855 7.44141
1.0667 7.45574
1.1204 7.64826
1.0569 7.67693
1.1236 7.64006
1.0682 7.42195
1.0816 7.72506
2.3307 7.65133
1.0558 7.67898
1.0734 7.69741
1.0521 7.45472
1.0718 7.66874
1.922 7.45062
1.1278 7.67386
1.1667 7.69229
1.131 7.68819
1.1202 7.67898
1.1924 7.68102
1.0705 7.75168
1.0416 7.68102
1.0433 7.75168
1.0477 7.68102
1.0604 7.75168
1.1492 7.67283
1.5718 7.43936
1.1757 7.72096
1.075 7.66362
1.233 7.73018
1.9858 7.66771
1.0658 7.69331
1.0604 7.74656
1.056 7.68307
1.089 7.65133
1.0551 7.44653
1.0787 7.7056
2.5214 7.66566
1.8562 7.74349
1.0881 7.68102
1.0729 7.66157
1.0465 7.6503
1.1086 7.66259
1.0792 7.66771
2.1034 7.40659
1.0393 7.66566
1.0688 7.4281
1.0606 7.65645
1.3612 7.6544
1.0448 7.70355
1.1347 7.68307
2.2668 7.73939
1.2541 7.45062
1.0572 7.66976
1.1011 7.69843
1.0448 7.41888
1.0457 7.68512
2.0812 7.71686
1.0626 7.44141
1.1557 7.70867
1.0439 7.64928
1.7269 7.68307
1.0672 7.73325
1.0563 7.75066
1.1123 7.7015
1.1392 7.70765
1.122 7.61549
1.0505 7.69843
1.1015 7.64211
1.0937 7.68307
1.0423 7.40659
1.0618 7.63597
1.1203 7.66874
1.637 7.63494
1.0496 7.42912
1.0683 7.6288
1.0974 7.68614
1.0641 7.73018
1.0388 7.72403
1.0441 7.64211
1.1118 7.72915
1.0628 7.73222
1.0769 7.46086
1.0698 7.66259
1.0735 7.73222
1.0672 7.70765
1.0697 7.66874
1.0927 7.73325
1.0728 7.70355
1.1198 7.53766
1.0562 7.77318
1.0792 7.82131
1.0778 7.71277
1.0421 7.51309
1.0512 7.5049
1.0791 7.73939
1.0919 7.74554
1.1077 7.69843
1.9 7.73939
1.0809 7.74451
1.0545 7.70662
1.1111 7.5008
1.1979 7.72608
1.0996 7.75373
1.0773 7.50387
1.1107 7.80288
1.0781 7.4752
1.065 7.78342
1.0347 7.74451
1.0597 7.73939
1.091 7.73632
1.6137 7.79162
1.5072 7.52026
1.1841 7.51821
1.0851 7.7312
1.0571 7.72301
1.0731 7.48442
1.1515 7.73222
1.0476 7.73632
1.1128 7.76192
1.0699 7.47315
1.2536 7.7353
1.7498 7.5049
1.0967 7.81619
1.1139 7.71482
1.0635 7.73018
1.0945 7.69741
1.0767 7.7097
2.1941 7.49978
1.1402 7.7353
1.0574 7.75168
1.0611 7.7568
1.2366 7.72198
1.0838 7.49363
1.2656 7.7865
1.6274 7.71994
1.6226 7.73939
1.0467 7.52845
1.0536 7.71482
1.1095 7.84077
1.0744 7.50592
1.0521 7.51206
1.0456 7.49261
1.0509 7.8121
1.0665 7.51104
1.0551 7.75782
1.0968 7.70253
1.0827 7.72915
1.1545 7.72813
1.0719 7.80698
1.0697 7.75578
1.86 7.74656
2.1163 7.51206
1.0888 7.72403
1.0845 7.53869
1.0617 7.73325
1.0894 7.74042
1.0788 7.48544
1.0511 7.5049
1.0848 7.7271
1.0733 7.79981
1.0471 7.50387
1.1002 7.74144
1.083 7.74554
1.1048 7.4752
1.0517 7.50387
1.0685 7.79571
1.0465 7.74349
1.1249 7.73734
1.0676 7.73325
1.1352 7.7312
1.0416 7.78445
1.1017 7.76294
1.1767 7.73325
1.0835 7.7353
1.0631 7.50797
1.0971 7.73837
1.1219 7.74758
1.176 7.74656
1.8812 7.49158
1.0557 7.72608
1.8269 7.72915
1.068 7.49978
1.1102 7.70048
1.1265 7.76294
1.1564 7.5049
1.0489 7.69843
1.0728 7.74554
1.0579 7.76909
1.0712 7.74246
1.0423 7.73018
1.0531 7.48032
1.3071 7.47725
1.1616 7.76704
1.8339 7.76806
1.2137 7.76909
1.8671 7.71072
1.069 7.75475
1.5071 7.75475
1.0601 7.71072
1.0981 7.52333
1.8798 7.53766
1.0449 7.48851
1.0815 7.75066
1.1394 7.73939
1.0516 7.74246
1.1439 7.78138
2.2695 7.49466
1.1404 7.51923
1.1092 7.75373
1.071 7.82541
1.0874 7.51104
1.051 7.69434
1.0824 7.71277
1.0634 7.51309
1.0698 7.74758
1.8667 7.47315
1.0509 7.74349
1.0408 7.7312
1.7414 7.71891
1.036 7.74554
2.0281 7.72813
1.0922 7.79981
1.152 7.78957
1.2062 7.74451
1.8792 7.75782
1.0873 7.70048
1.0622 7.71994
1.0484 7.51718
1.0538 7.52435
1.106 7.74554
1.0615 7.50797
1.0708 7.79878
1.0635 7.74246
1.086 7.74758
1.0537 7.52128
2.0795 7.52742
1.0785 7.79264
1.0882 7.73018
1.1909 7.75066
1.0781 7.76602
1.0945 7.68
1.1819 7.7353
1.8346 7.72403
1.9016 7.6544
1.3511 7.73632
1.0918 7.51309
1.0509 7.5223
1.0471 7.7783
1.0758 7.74963
1.0682 7.72915
1.045 7.75168
2.0892 7.79981
1.943 7.48032
1.0891 7.71789
1.0577 7.82336
2.1173 7.74451
1.3036 7.72608
1.1148 7.51616
1.322 7.74963
1.0854 7.7271
1.0383 7.74246
1.9038 7.71686
1.0707 7.50899
1.069 7.72506
1.1233 7.72403
1.145 7.74144
1.0874 7.70765
1.0563 7.80186
1.0798 7.79776
1.169 7.82848
1.083 7.51206
1.0903 7.74758
1.0772 7.73734
1.0522 7.81722
1.0785 7.73427
1.0384 7.74861
1.0381 7.4967
1.0595 7.48749
1.0893 7.82541
1.0619 7.74349
1.1617 7.78547
1.1881 7.74963
2.3739 7.53152
1.7279 7.75066
2.1815 7.79878
1.1712 7.7824
1.0854 7.49056
1.9279 7.51514
1.0992 7.47213
1.0608 7.51514
1.0714 7.47213
1.0708 7.51514
1.0505 7.47213
1.0662 7.70662
1.0751 7.7353
1.1268 7.71994
1.0543 7.71686
1.0695 7.77011
1.0787 7.82336
1.2363 7.76499
1.09 7.72301
1.0858 7.75987
1.0555 7.75475
1.0665 7.73837
1.0705 7.51821
1.1033 7.49363
2.1388 7.49875
1.0529 7.74758
1.0525 7.76499
1.0855 7.76602
1.1399 7.81312
1.0852 7.72506
1.0939 7.73632
1.0962 7.50797
1.0619 7.48134
1.0674 7.74349
1.0832 7.51104
1.0362 7.73837
1.0467 7.4967
1.0569 7.74042
1.1398 7.74758
1.064 7.73018
1.0907 7.82438
1.181 7.7312
1.1581 7.70048
1.0467 7.71379
1.0833 7.5305
1.0896 7.49568
1.1666 7.77523
1.0533 7.81414
1.1982 7.50899
1.219 7.79571
1.42 7.53971
2.26 7.74861
1.0681 7.73734
2.2077 7.71789
1.1707 7.50797
1.0901 7.73939
1.0641 7.81312
1.0811 7.81517
1.0524 7.7568
1.4179 7.79059
1.829 7.51206
1.0734 7.73222
1.0368 7.79776
1.0865 7.75066
1.0635 7.49773
1.2736 7.48954
1.0871 7.51718
2.1365 7.56122
1.8673 7.71584
1.0574 7.74246
2.1173 7.75885
1.7897 7.73939
1.076 7.7527
1.0626 7.73734
1.0443 7.51002
1.0841 7.72506
1.0905 7.70662
1.0745 7.81926
1.3566 7.73632
1.0829 7.8336
1.0996 7.77421
1.0862 7.76499
1.0692 7.74042
1.0684 7.72403
1.0516 7.5264
1.062 7.73018
1.0381 7.51718
1.1011 7.5008
1.0837 7.73325
1.89 7.74144
1.0804 7.74349
1.0735 7.75066
1.0973 7.7353
1.0495 7.75578
1.1535 7.75987
1.054 7.74758
2.1353 7.69024
1.0835 7.5264
1.0696 7.77318
1.0434 7.69434
1.0416 7.75885
2.1035 7.7312
1.0909 7.51923
1.0787 7.51718
1.0618 7.74451
1.1943 7.7097
1.083 7.5264
1.0504 7.7353
2.0711 7.51923
1.0771 7.53664
1.0485 7.81005
1.839 7.74758
1.04 7.74042
1.0887 7.75373
1.6321 7.74656
1.0552 7.7271
2.0878 7.72506
1.0707 7.82336
1.8735 7.75885
2.22 7.53562
2.0301 7.7609
1.0806 7.71584
1.069 7.71277
1.0513 7.7783
1.0838 7.73222
1.0464 7.73427
1.904 7.53357
1.2846 7.7609
1.173 7.51718
2.0878 7.7097
1.0537 7.51923
1.0716 7.71072
1.0922 7.46598
1.0746 7.69229
1.0442 7.66771
1.065 7.6759
1.0529 7.42605
1.0867 7.424
1.7845 7.42093
1.6313 7.64518
2.1948 7.63699
1.062 7.39533
1.0913 7.5817
1.0919 7.58784
1.0681 7.35027
1.0481 7.59603
1.1116 7.6032
1.0855 7.60934
1.0442 7.35539
1.3222 7.35846
1.0705 7.5817
1.4474 7.58272
1.21 7.59398
1.1093 7.61446
1.1046 7.60525
1.1085 7.56019
1.0436 7.59296
1.0766 7.65338
1.0998 7.3687
1.0514 7.61651
1.0398 7.58477
2.1429 7.33901
1.0795 7.35744
1.0585 7.48442
1.2895 7.34003
1.0966 7.33082
1.0678 7.63904
1.0885 7.29702
1.1834 7.29088
1.0847 7.29395
1.0494 7.2663
1.051 7.25094
1.0973 7.46496
1.0765 7.45882
1.087 7.53664
1.0827 7.24582
1.0767 7.27962
1.0902 7.26323
1.0978 7.24992
1.063 7.45267
1.9651 7.49773
1.1 7.25197
1.05 7.50899
1.0839 7.52947
1.0722 7.45472
2.1891 7.26528
1.0688 7.26426
1.4081 7.26118
1.0881 7.49056
1.0513 7.52026
1.0587 7.48339
1.0987 7.52845
1.0772 7.51411
1.8558 7.50797
1.0398 7.53766
1.1061 7.4752
1.0948 7.25094
2.1541 7.45984
1.0868 7.48442
1.0758 7.44346
1.0992 7.47008
1.0468 7.15469
1.0752 7.1424
1.0751 7.34618
1.0571 7.39533
1.2669 7.38611
1.7165 7.30931
1.0989 7.36154
1.0666 7.3216
1.2471 7.36768
1.138 7.32262
1.0846 7.30214
1.3384 7.33696
1.052 7.30829
1.1443 7.31136
1.0495 7.28781
1.0587 7.25094
1.0493 7.2745
2.1608 7.25811
1.0425 7.32877
1.0596 7.28064
1.0551 7.26426
1.0967 7.07686
1.3265 7.31853
1.334 7.04102
1.1526 7.26426
1.1359 7.35744
1.0579 7.33286
1.0864 7.10246
1.2973 7.29293
1.0844 7.27859
1.0707 7.30317
1.0502 7.04717
2.1475 7.27552
1.0463 7.06458
1.0849 7.25197
1.8888 7.26426
2.2791 7.05741
1.0501 7.31648
1.3866 7.27347
1.1168 7.10451
1.0765 7.25709
1.089 7.27859
1.0808 7.31546
1.106 7.07584
1.1716 7.29498
1.0633 7.31648
1.2478 7.27142
1.5825 7.08813
2.2564 7.34618
1.1826 7.35846
1.0987 7.0615
1.1033 7.29498
1.0664 7.05331
1.0686 7.2663
1.1543 7.26016
1.1021 7.07891
1.1214 7.26323
1.0574 7.22842
1.0779 7.26323
1.1985 7.32672
2.048 7.04
1.0979 7.3175
2.1426 7.30214
1.0589 7.34822
1.0875 7.24275
2.0052 7.27245
1.1869 7.30829
1.0726 7.30419
1.1727 7.31136
1.0964 7.28371
1.1652 7.28269
1.0662 7.29293
1.9629 7.28986
1.0788 7.36768
1.0516 7.35232
1.0645 7.27245
1.0691 7.28269
1.0844 7.28474
1.0578 7.24582
1.0984 7.30214
1.2982 7.25197
1.0673 7.33286
1.0964 7.28678
1.3857 7.36358
1.2356 7.2704
1.1614 7.33082
1.1072 7.09018
1.1488 7.2919
1.1612 7.3943
1.0781 7.30726
1.1123 7.28678
1.0553 7.28371
1.0783 7.28269
1.1045 7.26733
1.0626 7.23763
1.0471 7.03386
2.0558 7.28269
1.1284 7.27654
1.1845 7.2919
1.2733 7.2704
2.5421 7.27142
2.1097 7.07072
1.0778 7.05229
1.0781 7.28678
2.0946 7.296
1.069 7.28576
1.0843 7.27859
1.1201 7.05638
1.1023 7.33389
1.0899 7.25709
2.4495 7.30317
1.1029 7.29088
1.2199 7.33901
1.8235 7.0615
1.1061 7.05741
1.8129 7.27962
1.0684 7.27245
1.1368 7.27757
1.1331 7.0615
1.0989 7.33594
2.3913 7.22227
1.4928 7.28678
1.0655 7.0871
1.065 7.27654
1.0478 7.28576
2.1116 7.25197
1.0604 7.30931
1.0618 7.28474
1.0659 7.06662
1.1141 7.26118
2.1487 7.35744
1.1579 7.26323
1.135 7.2489
1.0777 7.33491
2.1137 7.35334
2.0805 7.29805
1.1493 7.31546
1.0741 7.27962
2.0982 7.28781
1.0435 7.26323
1.0712 7.05741
1.0939 7.32058
1.0539 7.27245
1.7688 7.30624
2.1656 7.26733
1.5696 7.30112
1.0929 7.31546
1.1274 7.08301
1.0967 7.28269
1.0704 7.27654
1.074 7.25914
1.057 7.2745
1.0807 7.3175
1.0505 7.0359
1.1659 7.30214
1.0522 7.32058
1.079 7.3431
1.0527 7.3257
2.36 7.28883
1.1531 7.04614
1.443 7.34106
1.5309 7.35642
1.6758 7.36256
1.0675 7.34515
1.0754 7.35334
1.0604 7.28986
1.0502 7.0441
1.0728 7.2663
1.0361 7.29498
2.1944 7.06355
1.3923 7.31546
1.0811 7.33286
1.2119 7.36256
1.0907 7.33389
1.1164 7.23968
1.098 7.29293
1.2029 7.32058
1.0637 7.2919
1.1027 7.30522
1.1847 7.25197
1.0402 7.27654
2.2799 7.33082
1.1635 7.28064
1.066 7.32262
1.0713 7.05126
1.0803 7.28576
1.0836 7.05741
1.0736 7.32877
1.0507 7.28166
1.0844 7.07174
2.1107 7.27757
1.609 7.27859
1.0467 7.34106
1.0779 7.33286
1.5981 7.34208
1.1462 7.06048
1.1241 7.33491
1.0818 7.27962
1.0488 7.32058
1.04 7.08403
1.0499 7.29702
1.0887 7.26835
1.081 7.29293
1.0885 7.3175
1.0935 7.33082
2.1271 7.34618
1.4745 7.06458
2.0373 7.34515
1.8423 7.05331
1.0576 7.26938
1.0494 7.26528
1.0528 7.05434
1.2056 7.30317
1.1002 7.32467
1.0749 7.30419
1.1316 7.20077
1.1208 7.32774
1.0692 7.29907
1.1281 7.31034
1.2219 7.07277
1.1685 7.05946
1.0671 7.29907
1.0708 7.06253
1.065 7.30829
1.0587 7.35232
1.0787 7.05331
1.0638 7.07072
1.0962 7.08096
1.0733 7.04102
1.0714 7.2489
1.7518 7.27142
1.1859 7.06355
1.0892 7.30931
1.1422 7.08198
1.1131 7.04922
1.111 7.30522
1.2121 7.26426
1.1062 7.28576
1.3485 7.27245
1.2265 7.06355
1.0641 7.32262
1.0744 7.09427
1.557 7.05331
1.1961 7.04205
1.0998 7.3216
1.1071 7.25914
1.1313 7.03386
1.0906 7.35334
1.1139 7.28883
1.088 7.25299
1.1052 7.09222
1.0603 7.08813
1.1653 7.28986
1.0883 7.30317
1.1422 7.04512
1.1154 7.04
1.1825 7.30726
1.2013 7.08198
1.0737 7.07789
1.0701 7.35539
1.0634 7.03693
1.0834 7.2663
1.1048 7.0441
1.2667 7.28883
1.211 7.08813
1.629 7.12294
1.2257 7.27552
2.0502 7.29293
1.1094 7.33901
1.1382 7.34618
1.1113 7.28986
1.1173 7.26118
1.1072 7.27142
1.0503 7.27962
1.0552 7.32262
2.1314 7.0656
1.0677 7.37075
