0.106 0.0512
0.0982 0.0512
0.1093 0.0512
0.0985 0.0512
0.1564 0.050176
0.0685 0.0512
0.0734 0.050176
0.0703 0.0512
0.1109 0.050176
0.1051 0.0512
0.0746 0.050176
0.0613 0.0512
0.0705 0.0512
0.0769 0.052224
0.0686 0.0512
0.0925 0.052224
0.0746 0.0512
0.0676 0.0512
0.0823 0.050176
0.1649 0.052224
0.0743 0.0512
0.0807 0.0512
0.0741 0.0512
0.0733 0.0512
0.0745 0.0512
0.1233 0.052224
0.071 0.0512
0.0691 0.0512
0.122 0.053248
0.1279 0.0512
0.0714 0.0512
0.1037 0.0512
0.0948 0.0512
0.0687 0.0512
0.1696 0.050176
0.0747 0.0512
0.0792 0.0512
0.1212 0.0512
0.1231 0.050176
0.107 0.0512
0.0865 0.050176
0.1196 0.0512
0.0731 0.0512
0.0832 0.050176
0.1335 0.0512
0.1279 0.0512
0.0683 0.0512
0.1247 0.050176
0.0675 0.0512
0.0678 0.0512
0.0872 0.050176
0.069 0.0512
0.1196 0.0512
0.074 0.052224
0.0673 0.0512
0.1202 0.0512
0.0798 0.0512
0.1151 0.0512
0.0731 0.0512
0.0721 0.0512
0.0835 0.0512
0.0732 0.052224
0.1092 0.0512
0.0678 0.0512
0.0724 0.0512
0.0952 0.0512
0.1019 0.0512
0.0788 0.050176
0.0854 0.054272
0.0702 0.050176
0.0755 0.054272
0.0797 0.0512
0.0671 0.050176
0.0735 0.050176
0.0737 0.049152
0.0766 0.050176
0.0747 0.050176
0.1035 0.050176
0.0928 0.048128
0.1222 0.049152
0.1056 0.048128
0.0714 0.048128
0.1068 0.048128
0.0791 0.048128
0.1053 0.048128
0.0714 0.048128
0.0689 0.048128
0.1345 0.048128
0.1089 0.048128
0.0874 0.048128
0.1227 0.048128
0.0823 0.048128
0.1185 0.052224
0.0829 0.047104
0.1266 0.048128
0.0725 0.049152
0.0754 0.048128
0.1645 0.048128
0.1174 0.048128
0.1207 0.048128
0.0786 0.048128
0.066 0.048128
0.0719 0.047104
0.1064 0.048128
0.0724 0.048128
0.1093 0.047104
0.0831 0.047104
0.1056 0.048128
0.0733 0.048128
0.0722 0.050176
0.0862 0.047104
0.0752 0.048128
0.0774 0.048128
0.0767 0.048128
0.0692 0.048128
0.075 0.048128
0.0843 0.048128
0.0713 0.048128
0.0696 0.048128
0.0771 0.048128
0.0756 0.047104
0.0764 0.048128
0.0816 0.048128
0.0674 0.048128
0.0716 0.048128
0.084 0.0512
0.0802 0.048128
0.0764 0.049152
0.1313 0.048128
0.1129 0.048128
0.108 0.048128
0.103 0.048128
0.0742 0.054272
0.0784 0.0512
0.073 0.048128
0.0876 0.048128
0.0715 0.047104
0.1028 0.047104
0.0781 0.0512
0.1033 0.048128
0.0787 0.048128
0.1082 0.047104
0.0995 0.049152
0.1151 0.048128
0.0816 0.048128
0.1119 0.049152
0.0767 0.047104
0.0694 0.048128
0.1232 0.048128
0.0713 0.048128
0.0927 0.049152
0.0737 0.048128
0.0855 0.048128
0.0712 0.048128
0.1074 0.048128
0.132 0.048128
0.0953 0.048128
0.1037 0.050176
0.1267 0.048128
0.1046 0.048128
0.1186 0.048128
0.1019 0.048128
0.0731 0.048128
0.0756 0.048128
0.0818 0.049152
0.0694 0.048128
0.1106 0.048128
0.1323 0.049152
0.1138 0.048128
0.0685 0.048128
0.08 0.048128
0.0758 0.048128
0.1158 0.048128
0.0804 0.049152
0.0822 0.048128
0.0877 0.048128
0.0776 0.048128
0.0676 0.048128
0.0876 0.048128
0.1079 0.048128
0.1236 0.048128
0.0732 0.048128
0.1331 0.047104
0.1188 0.048128
0.0765 0.048128
0.085 0.049152
0.163 0.047104
0.0956 0.048128
0.1173 0.048128
0.1417 0.048128
0.0714 0.049152
0.0739 0.049152
0.1077 0.048128
0.0715 0.048128
0.1023 0.048128
0.0752 0.048128
0.0745 0.048128
0.1036 0.048128
0.0677 0.048128
0.1194 0.048128
0.0826 0.0512
0.0661 0.048128
0.0733 0.048128
0.1042 0.048128
0.118 0.048128
0.1096 0.048128
0.116 0.048128
0.079 0.048128
0.116 0.048128
0.0938 0.048128
0.1202 0.048128
0.0697 0.049152
0.0741 0.048128
0.1351 0.049152
0.0723 0.052224
0.0842 0.048128
0.0927 0.048128
0.0773 0.048128
0.0859 0.048128
0.1256 0.049152
0.1269 0.048128
0.1356 0.048128
0.0998 0.048128
0.0768 0.048128
0.0953 0.049152
0.0736 0.048128
0.1112 0.049152
0.1035 0.048128
0.118 0.048128
0.1152 0.048128
0.0784 0.049152
0.0678 0.048128
0.1304 0.049152
0.0905 0.048128
0.0684 0.048128
0.0867 0.049152
0.1139 0.048128
0.0765 0.047104
0.081 0.048128
0.0731 0.048128
0.1017 0.048128
0.0678 0.048128
0.0741 0.049152
0.0672 0.049152
0.0674 0.048128
0.0691 0.048128
0.0823 0.048128
0.0681 0.048128
0.0761 0.047104
0.0812 0.048128
0.0758 0.048128
0.0727 0.049152
0.0862 0.048128
0.0719 0.048128
0.0836 0.049152
0.0675 0.048128
0.0662 0.048128
0.076 0.048128
0.067 0.047104
0.073 0.048128
0.0677 0.048128
0.0666 0.049152
0.076 0.048128
0.1201 0.048128
0.0763 0.048128
0.0741 0.048128
0.0825 0.048128
0.124 0.048128
0.1208 0.050176
0.0772 0.048128
0.0665 0.050176
0.0698 0.048128
0.0662 0.047104
0.069 0.048128
0.066 0.048128
0.0665 0.049152
0.0719 0.048128
0.0746 0.048128
0.1187 0.049152
0.1116 0.048128
0.0749 0.047104
0.0716 0.048128
0.0668 0.047104
0.073 0.049152
0.0716 0.048128
0.067 0.048128
0.0693 0.048128
0.0804 0.049152
0.1235 0.048128
0.07 0.053248
0.175 0.049152
0.0694 0.047104
0.1051 0.047104
0.0704 0.048128
0.0674 0.047104
0.0724 0.048128
0.0705 0.048128
0.0774 0.048128
0.1076 0.048128
0.1235 0.048128
0.1147 0.050176
0.078 0.052224
0.0818 0.048128
0.069 0.048128
0.0675 0.048128
0.09 0.048128
0.072 0.047104
0.0684 0.048128
0.1035 0.049152
0.0778 0.048128
0.0892 0.047104
0.0671 0.048128
0.0856 0.048128
0.1253 0.053248
0.0796 0.049152
0.0686 0.048128
0.0674 0.048128
0.0735 0.049152
0.0754 0.048128
0.0689 0.048128
0.0677 0.053248
0.0663 0.048128
0.0728 0.048128
0.1328 0.048128
0.0685 0.048128
0.1224 0.048128
0.1169 0.048128
0.0726 0.048128
0.0671 0.048128
0.0672 0.048128
0.0689 0.048128
0.0767 0.048128
0.0674 0.048128
0.0999 0.048128
0.1004 0.048128
0.0701 0.048128
0.0739 0.052224
0.077 0.047104
0.0766 0.048128
0.0759 0.048128
0.0702 0.048128
0.0701 0.049152
0.0749 0.050176
0.0671 0.049152
0.0678 0.048128
0.0687 0.048128
0.0668 0.048128
0.0686 0.048128
0.0724 0.048128
0.0706 0.048128
0.0761 0.048128
0.0741 0.048128
0.1233 0.048128
0.1187 0.047104
0.0698 0.048128
0.073 0.048128
0.0811 0.048128
0.0759 0.048128
0.1267 0.048128
0.0676 0.048128
0.0678 0.047104
0.1235 0.048128
0.0723 0.048128
0.1321 0.048128
0.0682 0.048128
0.0841 0.049152
0.1124 0.049152
0.0673 0.048128
0.0728 0.048128
0.128 0.048128
0.1166 0.050176
0.0729 0.047104
0.0663 0.047104
0.1378 0.048128
0.098 0.049152
0.1187 0.048128
0.1304 0.047104
0.1141 0.047104
0.0687 0.048128
0.0732 0.047104
0.0792 0.048128
0.0913 0.048128
0.0793 0.047104
0.1238 0.048128
0.0727 0.052224
0.0669 0.048128
0.076 0.048128
0.0736 0.048128
0.0669 0.048128
0.0717 0.048128
0.0781 0.047104
0.0749 0.048128
0.0697 0.048128
0.0754 0.047104
0.0976 0.047104
0.0714 0.048128
0.068 0.048128
0.0702 0.053248
0.0816 0.048128
0.075 0.048128
0.1198 0.054272
0.0714 0.047104
0.0678 0.048128
0.0672 0.048128
0.0731 0.048128
0.0734 0.048128
0.0666 0.048128
0.0775 0.049152
0.0747 0.048128
0.0927 0.048128
0.0699 0.048128
0.073 0.048128
0.1047 0.048128
0.0781 0.048128
0.0676 0.048128
0.0686 0.049152
0.0774 0.048128
0.0668 0.048128
0.0668 0.048128
0.0695 0.048128
0.0675 0.048128
0.0657 0.048128
0.0826 0.050176
0.0788 0.0512
0.1241 0.052224
0.074 0.0512
0.0801 0.0512
0.0676 0.0512
0.076 0.0512
0.0678 0.050176
0.0743 0.0512
0.0707 0.050176
0.067 0.0512
0.0677 0.0512
0.0672 0.0512
0.1337 0.050176
0.0765 0.0512
0.0814 0.052224
0.1216 0.050176
0.0677 0.0512
0.1197 0.052224
0.0672 0.0512
0.0734 0.0512
0.0765 0.050176
0.0676 0.0512
0.0684 0.0512
0.0745 0.050176
0.1092 0.0512
0.069 0.0512
0.0848 0.050176
0.0679 0.050176
0.0675 0.0512
0.0711 0.0512
0.0674 0.0512
0.0671 0.054272
0.1456 0.0512
0.1205 0.050176
0.0677 0.052224
0.0757 0.0512
0.1528 0.0512
0.1089 0.052224
0.0754 0.050176
0.0677 0.050176
0.067 0.0512
0.0697 0.0512
0.0736 0.0512
0.068 0.0512
0.1016 0.050176
0.0684 0.052224
0.0709 0.052224
0.0747 0.0512
0.0816 0.0512
0.0714 0.0512
0.0695 0.0512
0.0676 0.050176
0.07 0.0512
0.0793 0.0512
0.0676 0.050176
0.0666 0.0512
0.0688 0.0512
0.0682 0.0512
0.069 0.050176
0.0725 0.0512
0.0839 0.0512
0.0998 0.0512
0.0783 0.0512
0.0679 0.0512
0.0724 0.0512
0.0698 0.0512
0.1084 0.050176
0.0677 0.0512
0.072 0.0512
0.0674 0.0512
0.0736 0.053248
0.1205 0.0512
0.0754 0.0512
0.0669 0.0512
0.0769 0.0512
0.0676 0.0512
0.0687 0.0512
0.0991 0.0512
0.0666 0.0512
0.0671 0.0512
0.1122 0.0512
0.0732 0.0512
0.0683 0.0512
0.0714 0.050176
0.1187 0.052224
0.1205 0.0512
0.0752 0.052224
0.0726 0.0512
0.0781 0.0512
0.0753 0.052224
0.0681 0.050176
0.0681 0.0512
0.0812 0.0512
0.0682 0.0512
0.0712 0.050176
0.0816 0.0512
0.0673 0.0512
0.102 0.0512
0.1176 0.052224
0.1034 0.0512
0.0738 0.0512
0.0732 0.0512
0.0745 0.050176
0.0666 0.052224
0.0763 0.0512
0.0757 0.050176
0.068 0.0512
0.0736 0.0512
0.0691 0.052224
0.1213 0.0512
0.1081 0.0512
0.1456 0.0512
0.105 0.0512
0.0733 0.0512
0.1042 0.0512
0.0734 0.0512
0.0745 0.0512
0.0675 0.050176
0.0683 0.052224
0.1056 0.0512
0.0675 0.050176
0.0672 0.0512
0.1095 0.0512
0.0746 0.0512
0.1145 0.0512
0.0686 0.0512
0.0982 0.052224
0.0906 0.0512
0.0689 0.0512
0.0745 0.0512
0.0675 0.0512
0.0737 0.0512
0.0676 0.0512
0.0678 0.0512
0.1233 0.0512
0.1024 0.0512
0.1211 0.050176
0.0684 0.050176
0.0671 0.0512
0.0763 0.0512
0.0774 0.0512
0.0735 0.050176
0.0683 0.0512
0.0784 0.0512
0.0685 0.050176
0.0693 0.0512
0.069 0.0512
0.0738 0.052224
0.1535 0.0512
0.0688 0.0512
0.0672 0.050176
0.0731 0.050176
0.0698 0.0512
0.0671 0.0512
0.0686 0.0512
0.0835 0.0512
0.0698 0.0512
0.0742 0.0512
0.08 0.0512
0.0724 0.0512
0.1039 0.0512
0.0702 0.052224
0.0809 0.0512
0.0716 0.0512
0.0738 0.050176
0.0742 0.050176
0.0681 0.0512
0.0738 0.0512
0.0667 0.0512
0.0839 0.0512
0.0676 0.0512
0.0845 0.055296
0.1277 0.050176
0.0795 0.052224
0.0708 0.0512
0.0741 0.0512
0.0688 0.0512
0.0658 0.050176
0.0674 0.050176
0.0767 0.0512
0.0676 0.0512
0.1193 0.0512
0.071 0.0512
0.1087 0.0512
0.0699 0.050176
0.0687 0.052224
0.0829 0.0512
0.0838 0.0512
0.1091 0.053248
0.0764 0.0512
0.067 0.0512
0.0689 0.050176
0.0673 0.050176
0.0721 0.0512
0.1275 0.0512
0.1167 0.0512
0.0881 0.0512
0.07 0.050176
0.0681 0.0512
0.0684 0.0512
0.0691 0.0512
0.1282 0.0512
0.0678 0.0512
0.0762 0.0512
0.0815 0.0512
0.0706 0.050176
0.0747 0.0512
0.0675 0.052224
0.0678 0.050176
0.0824 0.050176
0.0868 0.0512
0.0707 0.050176
0.0829 0.054272
0.0723 0.0512
0.0675 0.050176
0.067 0.0512
0.0685 0.0512
0.0946 0.0512
0.1216 0.0512
0.0726 0.0512
0.075 0.0512
0.0706 0.050176
0.0687 0.052224
0.0676 0.0512
0.0742 0.0512
0.066 0.0512
0.0669 0.0512
0.069 0.0512
0.0676 0.0512
0.0717 0.052224
0.0731 0.052224
0.0802 0.050176
0.0786 0.0512
0.0893 0.0512
0.0718 0.0512
0.0746 0.0512
0.0831 0.0512
0.0802 0.0512
0.0676 0.053248
0.0672 0.0512
0.0672 0.050176
0.0662 0.050176
0.0685 0.0512
0.0676 0.0512
0.0749 0.0512
0.0765 0.0512
0.1038 0.0512
0.0702 0.0512
0.1155 0.050176
0.0669 0.050176
0.0757 0.050176
0.0683 0.0512
0.0677 0.052224
0.0684 0.050176
0.0755 0.0512
0.0664 0.0512
0.0726 0.0512
0.1039 0.052224
0.1115 0.050176
0.0827 0.0512
0.1 0.052224
0.0755 0.050176
0.0676 0.0512
0.0721 0.0512
0.0707 0.0512
0.0878 0.0512
0.0737 0.0512
0.0674 0.0512
0.0698 0.0512
0.0693 0.0512
0.0734 0.0512
0.0714 0.0512
0.0791 0.052224
0.0691 0.0512
0.0737 0.0512
0.0912 0.050176
0.0757 0.0512
0.0735 0.0512
0.0781 0.052224
0.0967 0.0512
0.0678 0.0512
0.0673 0.0512
0.0754 0.0512
0.0672 0.050176
0.0733 0.050176
0.0676 0.0512
0.0659 0.0512
0.0677 0.0512
0.0686 0.0512
0.0675 0.050176
0.071 0.0512
0.0684 0.0512
0.068 0.050176
0.0713 0.052224
0.0731 0.0512
0.0701 0.052224
0.067 0.050176
0.0684 0.0512
0.0766 0.0512
0.1235 0.050176
0.0672 0.052224
0.0736 0.0512
0.0755 0.0512
0.0781 0.050176
0.0712 0.0512
0.0775 0.050176
0.0777 0.050176
0.1083 0.052224
0.0946 0.0512
0.0682 0.0512
0.0727 0.0512
0.07 0.0512
0.076 0.050176
0.0683 0.0512
0.077 0.0512
0.068 0.0512
0.0696 0.0512
0.0699 0.0512
0.0898 0.0512
0.0944 0.052224
0.0818 0.0512
0.0715 0.0512
0.0681 0.0512
0.0708 0.0512
0.0745 0.050176
0.0709 0.0512
0.072 0.050176
0.0676 0.0512
0.0747 0.050176
0.0754 0.050176
0.109 0.0512
0.1043 0.0512
0.1044 0.0512
0.124 0.050176
0.0727 0.0512
0.072 0.0512
0.0687 0.0512
0.0907 0.0512
0.0709 0.050176
0.0729 0.0512
0.0831 0.0512
0.0669 0.0512
0.0684 0.0512
0.0784 0.0512
0.1157 0.0512
0.0871 0.050176
0.1427 0.050176
0.0709 0.0512
0.083 0.050176
0.0688 0.050176
0.0686 0.050176
0.066 0.0512
0.0961 0.050176
0.0673 0.0512
0.12 0.0512
0.069 0.050176
0.0678 0.0512
0.0677 0.0512
0.0718 0.0512
0.1211 0.0512
0.073 0.0512
0.0659 0.050176
0.0688 0.0512
0.099 0.0512
0.081 0.0512
0.0675 0.0512
0.0745 0.0512
0.1013 0.0512
0.1324 0.050176
0.0679 0.052224
0.0766 0.050176
0.0693 0.0512
0.0742 0.0512
0.0706 0.0512
0.0702 0.0512
0.0689 0.0512
0.0725 0.050176
0.0665 0.050176
0.0671 0.0512
0.072 0.050176
0.0857 0.0512
0.0676 0.050176
0.0675 0.050176
0.0686 0.0512
0.0739 0.0512
0.0668 0.0512
0.0805 0.0512
0.0728 0.0512
0.0674 0.0512
0.0675 0.0512
0.0754 0.050176
0.0709 0.050176
0.0763 0.0512
0.1241 0.0512
0.1117 0.0512
0.0697 0.0512
0.0717 0.050176
0.0682 0.0512
0.0664 0.0512
0.0683 0.0512
0.0684 0.0512
0.0675 0.0512
0.0721 0.050176
0.0678 0.0512
0.1131 0.0512
0.0715 0.0512
0.068 0.052224
0.1165 0.052224
0.0718 0.052224
0.0685 0.0512
0.0743 0.0512
0.1272 0.0512
0.0735 0.0512
0.0683 0.050176
0.1504 0.0512
0.0686 0.0512
0.1262 0.050176
0.1114 0.0512
0.0875 0.050176
0.0726 0.050176
0.0681 0.0512
0.0691 0.0512
0.0685 0.0512
0.0891 0.050176
0.0768 0.0512
0.1112 0.0512
0.071 0.052224
0.0691 0.0512
0.0676 0.0512
0.0783 0.050176
0.1059 0.0512
0.1072 0.0512
0.0985 0.0512
0.0677 0.0512
0.0675 0.0512
0.0691 0.0512
0.0678 0.0512
0.1209 0.0512
0.0671 0.052224
0.1068 0.0512
0.0699 0.0512
0.0754 0.0512
0.0729 0.0512
0.0672 0.0512
0.1153 0.0512
0.0676 0.050176
0.0707 0.050176
0.0674 0.050176
0.0683 0.0512
0.135 0.0512
0.1136 0.050176
0.0696 0.0512
0.0667 0.0512
0.1217 0.0512
0.0792 0.050176
0.0876 0.0512
0.0815 0.0512
0.0774 0.0512
0.0677 0.0512
0.0724 0.050176
0.0848 0.0512
0.068 0.0512
0.0689 0.050176
0.0704 0.0512
0.0815 0.0512
0.075 0.0512
0.1185 0.0512
0.1009 0.0512
0.0722 0.0512
0.0698 0.054272
0.1515 0.0512
0.1145 0.052224
0.0803 0.0512
0.0791 0.0512
0.0705 0.0512
0.075 0.0512
0.069 0.050176
0.0815 0.0512
0.0794 0.0512
0.0704 0.0512
0.0909 0.052224
0.108 0.0512
0.0682 0.0512
0.0749 0.050176
0.1288 0.050176
0.0753 0.0512
0.0667 0.0512
0.1374 0.0512
0.0686 0.050176
0.0682 0.0512
0.1267 0.0512
0.069 0.052224
0.074 0.0512
0.0678 0.0512
0.0732 0.0512
0.1211 0.0512
0.068 0.0512
0.0665 0.050176
0.0677 0.0512
0.0694 0.050176
0.1319 0.0512
0.0805 0.0512
0.1203 0.050176
0.1243 0.0512
0.0682 0.0512
0.1047 0.053248
0.0798 0.050176
0.0681 0.0512
0.069 0.0512
0.0685 0.0512
0.0681 0.0512
0.0905 0.052224
0.0736 0.050176
0.0735 0.0512
0.082 0.0512
0.0709 0.0512
0.0947 0.0512
0.0789 0.055296
0.0775 0.0512
0.0735 0.0512
0.1015 0.0512
0.074 0.0512
0.073 0.0512
0.0683 0.0512
0.0704 0.0512
0.0749 0.0512
0.0679 0.050176
0.067 0.0512
0.0951 0.0512
0.1071 0.050176
0.0748 0.0512
0.0676 0.0512
0.1165 0.0512
0.0762 0.0512
0.0765 0.050176
0.1253 0.0512
0.1221 0.0512
0.0747 0.050176
0.0763 0.050176
0.093 0.0512
0.0779 0.0512
0.0801 0.0512
0.0684 0.0512
0.0692 0.050176
0.0732 0.0512
0.0756 0.0512
0.0758 0.0512
0.0777 0.0512
0.0691 0.052224
0.0689 0.0512
0.0705 0.052224
0.1061 0.0512
0.1017 0.050176
0.0702 0.0512
0.0738 0.0512
0.0678 0.050176
0.0718 0.0512
0.0719 0.0512
0.0751 0.0512
0.0704 0.0512
0.0726 0.0512
0.0831 0.0512
0.068 0.0512
0.1065 0.052224
0.0752 0.0512
0.1094 0.0512
0.0686 0.0512
0.0678 0.0512
0.0685 0.050176
0.0756 0.0512
0.0677 0.0512
0.075 0.055296
0.0673 0.0512
0.0676 0.0512
0.0674 0.050176
0.0683 0.0512
0.0731 0.0512
0.0931 0.0512
0.1197 0.0512
0.0747 0.0512
0.1297 0.050176
0.0739 0.052224
0.0682 0.050176
0.0912 0.0512
0.1385 0.052224
0.0757 0.0512
0.0674 0.0512
0.0832 0.0512
0.0775 0.050176
0.1194 0.0512
0.0762 0.0512
0.0722 0.0512
0.0743 0.0512
0.1219 0.0512
0.0761 0.052224
0.0789 0.050176
0.0671 0.052224
0.0753 0.0512
0.0729 0.0512
0.0684 0.0512
0.0725 0.0512
