0.0994 1.26362
0.1502 1.5145
0.1323 1.26362
0.1212 1.5145
0.0707 1.28
0.0668 1.52269
0.0724 1.28
0.0756 1.52269
0.0597 1.28
0.0725 1.52269
0.1138 0.815104
0.0711 1.48173
0.1384 0.816128
0.2326 1.13869
0.075 1.53805
0.0702 1.52064
0.0794 1.26669
0.0752 1.26054
0.0751 1.52576
0.0716 1.26669
0.0712 1.50118
0.0766 1.60154
0.0741 1.54931
0.0708 1.52064
0.0934 1.2585
0.0687 1.55341
0.074 1.51654
0.0685 1.27181
0.0697 1.51347
0.0758 1.56774
0.1229 1.50118
0.0766 1.52576
0.0678 1.52269
0.1312 1.51347
0.0686 1.50016
0.0838 1.5145
0.1118 1.26464
0.0743 1.26874
0.0998 1.26259
0.0685 1.26566
0.0704 1.26259
0.0737 1.52781
0.071 1.48992
0.0702 1.50733
0.0701 1.53498
0.0752 1.50938
0.0691 1.28512
0.0683 1.5063
0.18 1.52781
0.0759 1.27078
0.0708 1.26157
0.1003 1.25542
0.073 1.5145
0.0701 1.26669
0.1212 1.26259
0.1059 1.2585
0.07 1.26259
0.0734 1.5145
0.0688 1.27078
0.0737 1.49504
0.0759 1.26157
0.1346 1.26771
0.0692 1.56774
0.0815 1.52781
0.074 1.25338
0.0697 1.2585
0.0785 1.50528
0.0734 1.5104
0.0753 1.26976
0.0746 1.52576
0.0696 1.52883
0.0772 1.51962
0.0727 1.26976
0.0727 1.50323
0.0971 1.51757
0.121 1.52064
0.0686 1.51245
0.0728 1.52576
0.075 1.50938
0.0756 1.49504
0.0716 1.53293
0.0685 1.52269
0.0687 1.25747
0.0795 1.50426
0.0798 1.56262
0.1491 1.25542
0.0935 1.51142
0.0687 1.5063
0.0674 1.52064
0.069 1.52166
0.0684 1.24826
0.0679 1.50323
0.0767 1.57798
0.0765 1.5063
0.0707 1.52269
0.0695 1.56365
0.0765 1.51757
0.0699 1.50528
0.0985 1.2585
0.0694 1.55238
0.0676 1.51552
0.0736 1.53088
0.1307 1.26362
0.0745 1.52781
0.0705 1.536
0.073 1.52883
0.0703 1.5575
0.0702 1.53702
0.0766 1.51245
0.0791 1.26157
0.0758 1.51654
0.0716 1.5104
0.0813 1.27078
0.1294 1.50938
0.0787 1.48787
0.0692 1.5575
0.0775 1.26771
0.1312 1.55341
0.0773 1.26566
0.071 1.26362
0.0729 1.51654
0.0708 1.49299
0.0693 1.26259
0.0701 1.49504
0.0741 1.27386
0.0989 1.5657
0.1132 1.50426
0.0687 1.50118
0.069 1.57389
0.071 1.55034
0.0756 1.25133
0.1433 1.5616
0.1347 1.24518
0.1102 1.53395
0.0801 1.54624
0.0745 1.49402
0.0747 1.50835
0.0701 1.24928
0.0706 1.5575
0.0723 1.55546
0.0732 1.55238
0.0724 1.24826
0.069 1.49197
0.0702 1.24928
0.0708 1.49402
0.1811 1.24928
0.0719 1.25747
0.0712 1.55136
0.0754 1.50733
0.0692 1.25133
0.078 1.48787
0.0683 1.23699
0.0691 1.22982
0.126 1.50221
0.0746 1.55136
0.0681 1.48685
0.244 1.24928
0.0838 1.48582
0.0981 1.54214
0.152 1.50221
0.143 1.50835
0.1311 1.49914
0.0706 1.50528
0.0687 1.51552
0.0791 1.24723
0.07 1.49811
0.0728 1.49709
0.0698 1.51962
0.0698 1.50938
0.0694 1.49197
0.0754 1.48787
0.0764 1.52986
0.0735 1.23597
0.0773 1.2329
0.0725 1.22982
0.0743 1.23085
0.0722 1.47968
0.0669 1.4848
0.0755 1.54522
0.0682 1.23802
0.0723 1.48582
0.0686 1.23085
0.07 1.45715
0.0682 1.49094
0.1206 1.2288
0.072 1.47354
0.0734 1.47251
0.075 1.46022
0.0923 1.22778
0.0721 1.48992
0.072 1.49094
0.0693 1.49914
0.073 1.52883
0.0691 1.50733
0.0803 1.2329
0.0699 1.52474
0.0707 1.5319
0.0681 1.47763
0.1589 1.47558
0.0729 1.46637
0.0748 1.22266
0.0698 1.23904
0.1629 1.23187
0.0692 1.47046
0.1233 1.2247
0.0728 1.48378
0.0695 1.47456
0.0757 1.22982
0.0784 1.21958
0.075 1.48173
0.0734 1.19296
0.1305 1.20627
0.0752 1.45613
0.0738 1.44896
0.0691 1.19706
0.0937 1.18374
0.1055 1.46022
0.072 1.43462
0.0694 1.44486
0.1376 1.20218
0.0699 1.19808
0.0693 1.49504
0.123 1.19398
0.0696 1.21958
0.0692 1.44179
0.0733 1.4848
0.1888 1.43462
0.0808 1.18682
0.0697 1.43462
0.0697 1.22573
0.098 1.22573
0.0742 1.45613
0.0719 1.21958
0.0727 1.44794
0.0708 1.42438
0.0737 1.44691
0.078 1.18682
0.0705 1.20218
0.069 1.42541
0.0693 1.21242
0.0717 1.44077
0.0681 1.43872
0.0749 1.19501
0.0708 1.48992
0.0769 1.46432
0.067 1.4633
0.0713 1.2032
0.067 1.21446
0.0685 1.48582
0.0679 1.4807
0.1428 1.43667
0.067 1.19706
0.0686 1.20013
0.0756 1.42746
0.0695 1.43974
0.0934 1.44282
0.0756 1.45613
0.0817 1.43155
0.0684 1.44077
0.0677 1.44998
0.0724 1.22266
0.0721 1.4551
0.0699 1.43155
0.0712 1.20013
0.069 1.44077
0.072 1.43974
0.0746 1.44179
0.0969 1.45715
0.0705 1.1991
0.1263 1.45203
0.0707 1.46227
0.0679 1.46944
0.0796 1.44179
0.1399 1.44282
0.1333 1.21242
0.0733 1.21344
0.139 1.22266
0.0669 1.22368
0.0708 1.46637
0.0724 1.45101
0.0965 1.20218
0.0695 1.42643
0.076 1.47968
0.0753 1.49299
0.0726 1.20627
0.0737 1.19091
0.0726 1.4807
0.1261 1.43565
0.128 1.43565
0.0719 1.44486
0.2346 1.48378
0.0716 1.45818
0.0962 1.41926
0.0784 1.50118
0.1175 1.47661
0.135 1.44486
0.1387 1.44589
0.1438 1.4336
0.1344 1.45306
0.1364 1.47866
0.0691 1.44282
0.0851 1.47149
0.0693 1.49504
0.068 1.49914
0.069 1.4551
0.0711 1.19398
0.1883 1.46125
0.0691 1.46022
0.0711 1.44998
0.0769 1.4377
0.0689 1.19194
0.0697 1.43667
0.0686 1.47763
0.0731 1.45408
0.0709 1.51859
0.1321 1.4551
0.0726 1.22368
0.0709 1.44282
0.1254 1.46739
0.0758 1.44794
0.0709 1.42234
0.0704 1.19501
0.1335 1.21344
0.1036 1.20627
0.0725 1.46842
0.0685 1.43565
0.0685 1.4592
0.0743 1.44282
0.0893 1.45306
0.0736 1.47046
0.0752 1.44282
0.0755 1.45818
0.0687 1.18272
0.0761 1.44998
0.0687 1.1991
0.077 1.4889
0.1213 1.51552
0.0731 1.19808
0.0686 1.46842
0.0731 1.48173
0.0799 1.4336
0.0743 1.19296
0.0993 1.49094
0.0701 1.19194
0.1401 1.42438
0.0764 1.46534
0.0742 1.44896
0.069 1.48378
0.0886 1.44486
0.0702 1.2073
0.0703 1.44384
0.0979 1.45715
0.0837 1.47763
0.109 1.44794
0.0675 1.20115
0.0739 1.20832
0.0688 1.47763
0.0783 1.44691
0.0733 1.2247
0.0731 1.44794
0.0677 1.44179
0.0747 1.22163
0.0669 1.45203
0.0696 1.44179
0.069 1.19808
0.0762 1.4592
0.1589 1.46432
0.1029 1.20218
0.0755 1.21856
0.0706 1.21139
0.0754 1.19194
0.0703 1.4551
0.1375 1.2247
0.074 1.46227
0.1256 1.4592
0.0906 1.46432
0.0696 1.45818
0.0709 1.49914
0.0705 1.45408
0.1303 1.49606
0.0698 1.4295
0.0821 1.45101
0.0918 1.43053
0.1663 1.4592
0.141 1.4377
0.1379 1.47456
0.0826 1.44282
0.1324 1.4377
0.1476 1.47251
0.1053 1.43872
0.0842 1.408
0.1372 1.22778
0.0709 1.4633
0.0746 1.45306
0.1344 1.43258
0.0734 1.45306
0.2015 1.42438
0.0768 1.20115
0.1353 1.48582
0.1371 1.43258
0.0729 1.48275
0.1039 1.45306
0.0761 1.19398
0.0711 1.47046
0.1265 1.4377
0.0677 1.45613
0.0736 1.46125
0.0697 1.48992
0.07 1.45306
0.0755 1.46125
0.0882 1.48582
0.2256 1.19808
0.0886 1.20627
0.072 1.48173
0.2099 1.43565
0.138 1.45306
0.0767 1.20525
0.0746 1.48378
0.0706 1.20218
0.0704 1.44384
0.1289 1.21549
0.0758 1.4633
0.0785 1.45613
0.0729 1.47251
0.1525 1.44794
0.1293 1.19808
0.113 1.64659
0.1216 1.43155
0.0723 1.47558
0.0732 1.47251
0.0754 1.42848
0.0734 1.18989
0.0698 1.20115
0.0869 1.49606
0.0685 1.18682
0.0744 1.44794
0.0726 1.44998
0.0693 1.46637
0.1404 1.19706
0.1233 1.19091
0.0701 1.21651
0.0759 1.46227
0.0812 1.47046
0.1366 1.42746
0.1188 1.48685
0.1422 1.4633
0.0697 1.4592
0.0764 1.44998
0.142 1.44077
0.0695 1.44998
0.0968 1.4377
0.1583 1.45715
0.0695 1.19398
0.1427 1.43667
0.0689 1.49094
0.0756 1.45101
0.1326 1.50323
0.0713 1.45613
0.0703 1.47763
0.131 1.47968
0.1878 1.44998
0.0757 1.47456
0.0692 1.45715
0.0744 1.19194
0.084 1.45613
0.0682 1.46227
0.0687 1.53702
0.0734 1.22368
0.0707 1.47558
0.1378 1.49914
0.0753 1.23494
0.1055 1.48173
0.0696 1.49709
0.072 1.49504
0.1234 1.50528
0.0992 1.51962
0.0754 1.52576
0.1261 1.50323
0.0682 1.49709
0.0706 1.50118
0.0695 1.51859
0.139 1.52576
0.0721 1.48992
0.0723 1.55546
0.1139 1.5401
0.0698 1.51654
0.1109 1.51347
0.1113 1.52166
0.069 1.56877
0.143 1.58413
0.0668 1.50221
0.0735 1.50221
0.0702 1.51757
0.0721 1.49914
0.0725 1.50835
0.1353 1.50221
0.0685 1.49811
0.0675 1.5063
0.134 1.25952
0.0728 1.25747
0.1123 1.56774
0.1014 1.52166
0.0748 1.52986
0.1445 1.49709
0.0769 1.51757
0.0938 1.50835
0.069 1.5104
0.0736 1.2585
0.0693 1.50938
0.0698 1.24416
0.074 1.51142
0.0706 1.5063
0.0829 1.26259
0.1407 1.26669
0.0738 1.54624
0.0704 1.55136
0.0754 1.54726
0.0709 1.50733
0.07 1.48992
0.0727 1.26566
0.0695 1.52576
0.0734 1.5145
0.0698 1.25542
0.1113 1.50118
0.127 1.50426
0.0977 1.51142
0.0702 1.48378
0.0695 1.51142
0.0784 1.49606
0.0704 1.25645
0.0678 1.25542
0.1374 1.26259
0.0678 1.2585
0.071 1.5104
0.1396 1.50016
0.0724 1.54522
0.067 1.54726
0.1485 1.56058
0.0725 1.57798
0.0773 1.54726
0.0731 1.5104
0.0746 1.5145
0.088 1.55443
0.0703 1.50835
0.0708 1.52986
0.0682 1.55341
0.1057 1.50221
0.0708 1.51347
0.0699 1.25235
0.0701 1.50733
0.1514 1.26259
0.0711 1.57696
0.074 1.52166
0.093 1.53498
0.07 1.5319
0.0745 1.52576
0.0769 1.5145
0.0711 1.54112
0.0822 1.26976
0.0686 1.52371
0.0705 1.27078
0.1552 1.53088
0.1374 1.54214
0.0726 1.56877
0.2582 1.53805
0.0691 1.28205
0.0701 1.27283
0.0743 1.27181
0.0915 1.52576
0.1344 1.52678
0.0739 1.57696
0.0746 1.28614
0.1312 1.58208
0.0801 1.27386
0.1485 1.50938
0.1273 1.58413
0.0703 1.5319
0.0699 1.52781
0.0696 1.53498
0.1381 1.5145
0.0707 1.50016
0.0759 1.50835
0.07 1.50221
0.0749 1.49197
0.0698 1.47661
0.0731 1.22163
0.1073 1.48582
0.0708 1.23085
0.0777 1.51859
0.0683 1.22163
0.0726 1.536
0.0714 1.46842
0.1466 1.47968
0.1022 1.23392
0.0754 1.52883
0.0778 1.21651
0.0681 1.52986
0.0686 1.4807
0.0714 1.23494
0.0766 1.24621
0.0711 1.21242
0.0791 1.47866
0.1492 1.21242
0.0946 1.2329
0.0688 1.48787
0.0678 1.22675
0.0988 1.46739
0.0743 1.47763
0.0676 1.21139
0.0753 1.4889
0.1354 1.41312
0.0715 1.41926
0.0763 1.15302
0.0702 1.40083
0.0673 1.10285
0.0709 1.09568
0.0685 1.35578
0.0763 1.31994
0.1278 1.3056
0.0678 1.3271
0.0774 1.30458
0.0681 1.36499
0.0682 1.05677
0.0976 1.34042
0.1056 1.34451
0.074 1.38445
0.0707 1.3527
0.0688 1.36397
0.0698 1.4295
0.1205 1.41926
0.0749 1.4633
0.0763 1.42643
0.0735 1.47558
0.0758 1.22163
0.0751 1.21446
0.1368 1.22163
0.115 1.30765
0.0679 1.47456
0.0698 1.47046
0.0805 1.25235
0.0696 1.49094
0.0682 1.50733
0.0701 1.49504
0.0749 1.2585
0.0727 1.27181
0.0743 1.5104
0.0766 1.52678
0.0734 1.52064
0.1375 1.56774
0.0972 1.52371
0.0742 1.58515
0.0696 1.52986
0.0693 1.60051
0.073 1.55034
0.1111 1.59539
0.0695 1.56365
0.0736 1.55238
0.127 1.56262
0.0701 1.32301
0.0741 1.55136
0.0781 1.31994
0.07 1.57901
0.0676 1.3271
0.1249 1.33222
0.0732 1.60768
0.0727 1.59437
0.0826 1.59232
0.0719 1.65274
0.0726 1.33837
0.073 1.32813
0.0779 1.59027
0.0746 1.59437
0.0998 1.58208
0.0703 1.58413
0.0751 1.34144
0.071 1.3312
0.0691 1.33427
0.0735 1.58106
0.0741 1.31686
0.0752 1.57696
0.0712 1.33018
0.1298 1.31379
0.094 1.56774
0.1032 1.55341
0.1014 1.29946
0.1215 1.53395
0.0717 1.29024
0.077 1.54112
0.0723 1.59642
0.0751 1.28717
0.1052 1.54522
0.0764 1.52576
0.076 1.58822
0.0689 1.2759
0.0694 1.28819
0.0826 1.57901
0.1443 1.53498
0.1435 1.54419
0.0754 1.53498
0.132 1.54214
0.0745 1.53293
0.0703 1.52986
0.1413 1.53498
0.0752 1.60051
0.0679 1.53702
0.1303 1.52576
0.0752 1.51654
0.0688 1.59539
0.0701 1.28
0.0779 1.52269
0.0753 1.28819
0.0794 1.55955
0.0728 1.5319
0.0692 1.57696
0.0799 1.57389
0.0685 1.52474
0.074 1.29434
0.0698 1.28819
0.0695 1.52064
0.0828 1.28922
0.0801 1.55341
0.0768 1.53293
0.0757 1.60461
0.148 1.30867
0.0688 1.31072
0.0693 1.30355
0.0688 1.56877
0.0736 1.53498
0.0732 1.54112
0.0802 1.55238
0.0716 1.29946
0.0692 1.29741
0.1378 1.54112
0.0724 1.29434
0.0994 1.56979
0.0677 1.60051
0.0683 1.30253
0.073 1.53805
0.1238 1.6087
0.0697 1.3097
0.0923 1.54419
0.0708 1.30458
0.0706 1.59437
0.0699 1.55443
0.1718 1.54214
0.1066 1.53805
0.0695 1.55034
0.0777 1.53805
0.0737 1.30253
0.0762 1.54624
0.0704 1.60973
0.1256 1.55136
0.1272 1.54931
0.0718 1.54214
0.0737 1.52576
0.069 1.55341
0.1126 1.29843
0.2401 1.55136
0.1087 1.60768
0.1063 1.55034
0.0686 1.60563
0.0686 1.54317
0.0743 1.29536
0.067 1.54624
0.0737 1.28307
0.0694 1.2759
0.0762 1.57901
0.0688 1.27488
0.0701 1.28512
0.1415 1.27795
0.1323 1.27181
0.0977 1.28307
0.0704 1.52371
0.0733 1.53293
0.0741 1.27078
0.074 1.59027
0.0696 1.28307
0.0722 1.29024
0.0698 1.53907
0.0718 1.52986
0.0691 1.5616
0.1252 1.55238
0.0976 1.60666
0.1234 1.55034
0.0697 1.54931
0.07 1.56672
0.0744 1.55443
0.0817 1.61587
0.0702 1.3056
0.0703 1.56672
0.0795 1.31584
0.0686 1.31994
0.0708 1.33018
0.0804 1.58618
0.0752 1.58413
0.1364 1.30765
0.0753 1.31072
0.0827 1.60461
0.1448 1.57082
0.075 1.30458
0.0747 1.57389
0.0744 1.3015
0.0694 1.51962
0.0724 1.29946
0.1226 1.5401
0.0829 1.52576
0.075 1.28922
0.0821 1.28
0.073 1.52371
0.0709 1.51962
0.0745 1.57082
0.0681 1.59232
0.0744 1.50835
0.0769 1.56672
0.0849 1.26669
0.0702 1.50426
0.158 1.49606
0.0698 1.50323
0.075 1.49811
0.0764 1.50323
0.0747 1.47968
0.071 1.49197
0.0742 1.22573
0.0687 1.22368
0.0721 1.52474
0.07 1.22266
0.0724 1.47456
0.0677 1.48173
0.0771 1.48275
0.0685 1.49197
0.1275 1.2288
0.1005 1.48173
0.0715 1.47968
0.0686 1.48582
0.1465 1.51245
0.0771 1.22368
0.0745 1.2329
0.1059 1.52781
0.0702 1.23187
0.0684 1.47558
0.0772 1.4889
0.0687 1.46022
0.1014 1.50221
0.1451 1.52371
0.076 1.48378
0.0709 1.46842
0.0748 1.52474
0.1219 1.48275
0.0724 1.53395
0.0721 1.48275
0.0781 1.23085
0.0696 1.2247
0.0744 1.48992
0.1343 1.24314
0.0972 1.49811
0.1273 1.49402
0.1464 1.48582
0.0712 1.50733
0.0717 1.5657
0.0707 1.55443
0.0678 1.51552
0.0854 1.25952
0.0699 1.24928
0.0728 1.53395
0.1258 1.50016
0.0682 1.50835
0.1391 1.51142
0.0755 1.26566
0.0683 1.51245
0.0691 1.48992
0.0911 1.2585
0.067 1.49299
0.075 1.49709
0.0768 1.26157
0.0753 1.2585
0.0723 1.27898
0.1222 1.50323
0.0747 1.52474
0.0865 1.50938
0.0779 1.50426
0.0724 1.49914
0.0757 1.50835
0.1142 1.55955
0.0699 1.49402
0.0722 1.57286
0.0762 1.2585
0.0716 1.51757
0.0695 1.27181
0.0678 1.27181
0.1012 1.51552
0.0728 1.49709
0.0759 1.26874
0.0727 1.54419
0.0778 1.26464
0.0706 1.27795
0.0763 1.54419
0.0708 1.26157
0.0706 1.49299
0.0707 1.52474
0.0726 1.49504
0.0787 1.26054
0.0746 1.5616
0.0748 1.52678
0.1415 1.5104
0.1388 1.26362
0.0773 1.50733
0.0693 1.48685
0.0724 1.24826
0.0756 1.50938
0.0692 1.25645
0.0693 1.50016
0.0693 1.50938
0.0812 1.24416
0.0714 1.53805
0.0801 1.2544
0.1028 1.50118
0.0691 1.26259
0.0731 1.50938
0.0741 1.56467
0.0705 1.25747
0.0718 1.26157
0.096 1.25952
0.0714 1.53498
0.0908 1.49402
0.1238 1.50016
0.0731 1.5063
0.0688 1.53498
0.1646 1.56467
0.0951 1.53088
0.0693 1.26566
0.0926 1.52371
0.0699 1.26362
0.0755 1.5401
0.0691 1.48275
0.0748 1.52576
0.0739 1.5657
0.1405 1.25952
0.0755 1.50118
0.073 1.54419
0.0725 1.5063
0.0819 1.51962
0.102 1.56262
0.0767 1.52371
0.0704 1.24826
0.0698 1.25952
0.1169 1.2585
0.0732 1.26464
0.077 1.25235
0.1241 1.48992
0.0702 1.24928
0.0713 1.52269
0.0765 1.26464
0.1258 1.56672
0.0996 1.24928
0.0815 1.26464
0.1311 1.26566
0.0742 1.26464
0.0798 1.50221
0.0756 1.26669
0.0701 1.51859
0.1318 1.49709
0.0687 1.50118
0.07 1.50528
0.0713 1.2544
0.071 1.26259
0.073 1.52166
0.0806 1.50835
0.0741 1.51552
0.0981 1.2585
0.0762 1.25952
0.075 1.2585
0.0706 1.26362
0.1338 1.25747
0.0688 1.25235
0.0723 1.50938
0.0785 1.52371
0.0741 1.50528
0.0709 1.25747
0.0783 1.56262
0.0698 1.50835
0.0699 1.52781
0.074 1.26259
0.0675 1.26362
0.1537 1.25338
0.0789 1.50016
0.0714 1.25952
0.0763 1.50733
0.0679 1.50323
0.0737 1.50938
0.0889 1.54829
0.1314 1.51859
0.0716 1.53395
0.1499 1.50221
0.0741 1.25133
0.0696 1.4807
0.0738 1.25747
0.1353 1.51757
0.0679 1.2544
0.071 1.25645
0.0924 1.5104
0.0696 1.52781
0.1081 1.48685
0.0782 1.49606
0.0697 1.50016
0.0697 1.50733
0.0708 1.49811
0.1373 1.5616
0.0726 1.51654
0.0783 1.50323
0.0716 1.26976
0.0744 1.2585
0.0735 1.26054
0.075 1.56365
0.0948 1.50528
0.0989 1.56262
0.0733 1.2759
0.0827 1.2585
0.0711 1.26464
0.0701 1.53293
0.0739 1.51859
0.1517 1.5657
0.068 1.57082
0.0705 1.55546
0.0841 1.50426
