0.9731 0
1.6518 0
0.3915 0
0.4389 0
0.4879 0
0.9997 2.63373
1.3483 0.029696
0.9128 0.049152
0.7115 0.036864
0.8313 0.032768
0.5585 0.356352
0.6354 0.032768
0.4387 0.356352
0.4143 0.507904
1.1115 0.65536
0.758 0.033792
2.4827 0.507904
0.8025 0.949248
1.1398 1.42029
0.8083 0.060416
0.5484 0.031744
1.1334 0.214016
0.6552 0.365568
0.9104 0.500736
2.0225 0.661504
1.7691 0.033792
0.7539 1.35066
0.6373 0.067584
0.4598 1.35066
2.597 0.031744
2.6259 0.768
0.6372 0.033792
0.4485 0.513024
1.8196 0.666624
1.4059 0.027648
1.1903 0.67072
2.0475 0.053248
1.4312 0.03072
0.5677 0.029696
0.7555 1.39469
0.4904 1.16122
0.7236 0.031744
0.4056 1.16122
2.7341 0.032768
1.0509 0.948224
2.9333 0.03072
1.0761 0.027648
1.1311 0.031744
1.4551 0.027648
1.2361 1.21344
2.2342 0.058368
1.8877 0.031744
0.4864 0.028672
0.9263 1.49197
0.5646 1.10694
0.823 0.03072
0.4166 0.031744
0.9748 0.03072
1.4301 0.923648
2.0367 0.049152
1.6012 0.029696
0.5205 0.899072
0.6795 0.05632
0.7375 0.029696
1.7165 0.483328
0.59 0.638976
0.9732 0.483328
1.1725 0.638976
1.7251 0.029696
0.7952 0.488448
0.7311 0.62464
0.4506 1.60973
0.4355 0.031744
0.4314 1.60973
2.3692 0.029696
0.8996 1.26362
0.5179 0.029696
2.6417 0.029696
0.7876 0.03072
0.6672 1.41005
0.4177 0.03072
1.4651 1.41005
2.6295 0.029696
1.096 0.92672
0.8248 0.055296
2.0725 0.032768
1.2775 0.508928
0.7211 1.39571
0.406 0.508928
1.2392 1.39571
2.8181 0.028672
0.692 0.928768
1.189 0.053248
1.1452 0.031744
0.9923 0.523264
0.4567 1.00864
0.593 0.054272
0.5255 0.029696
1.995 0.026624
1.1729 1.2544
1.9376 0.052224
2.2653 0.031744
0.5078 0.028672
1.105 1.53805
0.5294 0.671744
0.8672 0.03072
0.4726 0.029696
1.0669 0.028672
1.2778 1.20832
2.3545 0.055296
1.6779 0.028672
0.7305 0.485376
0.7523 0.028672
0.6084 0.643072
1.3099 0.028672
1.2307 0.487424
1.8531 0.610304
0.911 1.88518
0.9242 0.028672
0.7401 0.03072
1.4127 0.026624
1.3322 0.939008
1.1582 0.052224
1.2818 0.034816
1.2825 0.48128
0.8324 1.00147
1.2365 0.053248
0.9366 0.031744
0.5175 0.484352
0.9106 0.628736
0.6443 0.03072
1.0759 0.495616
1.6131 0.621568
0.8091 0.031744
0.5693 2.34189
0.3833 0.031744
7.501 2.34189
1.6384 0.028672
0.6562 8.49408
0.6436 0.054272
0.5443 8.49408
1.8785 0.488448
0.5249 0.032768
1.5735 0.488448
2.2744 0.513024
2.5707 0.623616
1.8849 0.032768
0.471 1.48582
1.197 1.22266
0.5289 1.48582
1.1067 1.22266
2.4948 0.028672
0.9311 0.918528
1.8902 0.060416
0.9664 0.029696
0.9354 1.3056
0.4481 0.029696
1.1857 1.3056
2.7195 0.032768
1.2544 0.912384
0.6039 0.057344
2.7793 0.031744
1.2587 0.492544
1.2646 1.34451
0.7495 0.055296
1.0802 0.026624
1.5011 0.313344
1.5898 0.479232
1.3507 1.23597
0.6975 0.052224
0.7584 0.029696
1.1531 0.027648
1.4113 0.927744
1.2643 0.0512
1.7148 0.029696
0.9931 0.494592
0.5852 0.029696
0.3585 0.494592
0.3872 0.642048
0.7427 2.03366
0.3904 0.642048
1.2959 2.03366
2.4038 0.027648
1.1408 0.924672
1.3156 0.057344
1.4864 0.03072
0.4962 0.738304
0.5096 0.03072
1.3396 0.738304
2.2752 0.49152
0.7687 0.658432
1.414 0.032768
1.7098 0.498688
1.6627 0.635904
1.0667 0.028672
1.8981 0.7168
1.3415 0.057344
1.3458 0.034816
2.405 0.028672
0.926 1.51245
0.7714 1.84013
0.7396 1.51245
2.5226 1.84013
1.7782 0.037888
0.6742 5.28998
1.0759 0.059392
1.2479 0.041984
2.0819 0.039936
1.1689 0.026624
2.1394 0.308224
2.2338 0.708608
1.7948 0.03072
1.3308 0.321536
1.5493 0.04096
0.9603 0.032768
0.4807 0.04096
1.4574 0.946176
1.0527 0.053248
0.8728 0.946176
0.8552 0.053248
1.0136 0.033792
1.2589 1.73466
0.7714 0.054272
2.1597 0.935936
2.6374 0.055296
0.7737 0.033792
0.4909 2.51802
0.4964 0.033792
1.0752 2.51802
0.542 0.47616
0.5752 3.31162
1.5865 0.031744
2.3531 0.827392
1.3482 0.029696
1.6702 2.96858
0.9334 0.049152
0.4708 0.032768
1.1074 0.049152
0.7428 0.637952
1.1585 0.477184
1.6588 0.637952
1.2355 0.811008
0.7285 0.028672
0.915 0.811008
1.3484 0.484352
0.7848 0.622592
1.6488 0.031744
1.8372 0.500736
0.7544 0.894976
1.6623 0.549888
0.6651 0.03584
0.4445 0.50176
0.434 0.03584
0.4287 0.50176
0.767 0.031744
0.5952 0.4864
1.5187 0.626688
1.2695 0.029696
0.4899 0.940032
0.412 1.10592
0.5413 0.031744
1.0129 1.10592
1.7208 0.031744
0.5317 0.029696
4.1538 0.03072
1.3758 0.485376
0.7814 1.41926
0.8852 0.058368
0.7218 0.03072
1.1718 0.045056
1.0477 0.813056
2.0856 0.031744
1.621 0.029696
0.5526 1.52576
1.4829 1.32813
0.4448 0.028672
0.5052 1.32813
1.451 0.028672
1.5809 0.210944
1.904 0.31744
3.3599 0.482304
1.125 0.632832
0.5938 1.73056
0.4746 0.029696
0.4915 1.73056
1.8225 0.482304
1.0489 0.623616
1.4991 0.029696
1.5764 0.487424
1.1156 0.930816
0.6897 0.379904
0.9021 0.03072
0.4547 0.033792
1.1371 0.024576
0.5495 1.21344
2.0349 0.054272
2.5951 0.029696
0.4657 0.054272
1.4014 1.61178
0.5285 0.458752
1.4375 1.61178
2.3478 0.495616
1.686 0.626688
2.3171 0.029696
1.3444 1.24518
0.8867 0.038912
1.0803 0.029696
1.887 0.490496
0.8019 0.622592
2.2392 0.031744
1.2625 0.488448
0.6759 1.05165
1.8624 1.46022
1.5649 0.033792
2.2054 0.929792
1.8395 0.04096
1.2814 0.032768
0.955 2.61837
1.0516 0.041984
0.8972 0.480256
2.1699 0.203776
1.8205 0.448512
1.3216 2.61427
0.6746 2.77709
0.5089 1.53498
1.38 0.4096
0.9789 0.032768
2.03 0.028672
1.3714 0.026624
0.5997 1.6087
0.8526 0.904192
0.546 1.6087
0.7465 0.904192
0.4392 0.729088
0.4221 0.03072
0.8787 0.028672
0.71 0.031744
1.1928 0.033792
0.8677 0.031744
0.7917 0.033792
1.5666 0.970752
1.1996 1.57696
0.6648 0.03072
1.0073 0.032768
1.0571 0.027648
1.2404 0.927744
1.0675 0.052224
0.8206 0.031744
1.9218 0.050176
2.5235 0.75264
1.6668 0.044032
3.0105 0.03072
1.2948 0.49152
2.0319 3.16518
0.6097 0.031744
0.841 0.504832
1.6005 0.029696
1.6269 0.864256
0.6703 0.05632
0.7423 1.42234
0.4493 0.05632
0.5441 1.42234
0.4013 2.6071
0.3665 0.033792
0.3559 0.029696
0.722 0.033792
0.6416 0.029696
2.1648 1.24006
1.3196 0.03072
0.4193 1.24006
0.8392 0.06144
0.4579 1.97222
0.5282 0.03072
0.6181 0.031744
1.0468 0.03072
1.3381 1.1735
1.8673 0.0512
1.7182 0.031744
0.8401 0.749568
0.7993 1.34758
0.4333 0.749568
1.4302 1.34758
2.7536 0.029696
0.9781 0.92672
0.8493 0.054272
2.3881 0.032768
0.4851 0.76288
0.992 1.2503
0.5092 0.76288
1.4604 1.2503
2.5105 0.032768
0.8361 0.928768
0.6126 0.0512
3.4182 0.031744
1.1061 0.943104
1.1039 0.812032
1.3237 0.041984
2.1688 0.03072
1.3192 0.03072
1.388 0.50176
0.9565 0.93696
0.4842 0.50176
1.0333 0.93696
0.6445 1.03424
0.9911 0.03072
1.7106 0.63488
2.3084 0.04096
2.0468 0.03072
0.8896 0.464896
0.506 1.57594
0.8829 0.053248
1.8502 0.032768
0.8893 0.483328
1.2627 0.647168
1.569 0.03584
0.4718 0.498688
0.9702 1.99987
0.6649 0.048128
0.4952 0.027648
0.9767 0.048128
1.4434 1.25747
1.499 0.055296
1.6939 0.032768
0.7329 0.462848
1.4151 0.964608
0.9298 0.03072
1.8887 1.4633
1.6921 0.047104
1.2687 0.029696
0.6013 0.526336
0.876 0.029696
0.6787 0.526336
0.3934 1.1264
0.777 0.034816
0.4194 0.029696
1.0757 0.034816
1.6486 1.22778
1.296 0.058368
0.8996 1.22778
0.6878 0.058368
0.4221 0.03584
1.0851 0.464896
0.5859 0.04096
0.5164 0.641024
0.6008 0.04096
1.8619 0.483328
0.4866 0.029696
4.3343 0.03072
0.6984 0.715776
0.6865 1.71622
0.5672 0.715776
1.3871 1.71622
2.2445 0.027648
1.0297 0.937984
1.1002 0.052224
2.0385 0.028672
0.4821 0.052224
2.4734 0.482304
0.6051 0.031744
2.3477 0.212992
0.7705 0.028672
1.187 0.652288
1.3716 0.033792
0.7355 0.48128
1.344 0.62976
0.6323 0.032768
0.579 0.62976
0.4279 0.032768
1.7191 1.4633
2.43 0.024576
2.094 1.21242
1.4038 0.059392
1.0745 0.032768
1.0374 0.028672
0.9221 0.7424
0.9668 0.028672
0.5102 0.027648
0.4946 0.8192
0.487 0.039936
0.9384 0.026624
2.4541 0.961536
0.4852 0.053248
1.4004 1.15507
0.4193 0.053248
1.1495 1.15507
2.453 0.026624
0.831 0.923648
1.4342 0.055296
1.8462 0.028672
0.4984 0.91136
1.3741 0.390144
0.7855 0.03072
1.5624 0.032768
0.8335 0.641024
0.7295 0.031744
1.9679 0.490496
1.4351 0.630784
0.6026 0.034816
1.7506 2.39309
0.7963 0.03072
1.3842 0.514048
2.8552 0.633856
2.3502 0.033792
0.9666 1.33837
0.8438 1.14586
0.4071 0.027648
0.9894 0.031744
1.0103 0.027648
1.8326 0.919552
0.7221 0.057344
1.6307 0.031744
1.3286 0.48128
1.0266 2.30195
0.4518 0.069632
0.8555 0.029696
0.6328 0.069632
1.6523 0.029696
1.1312 0.028672
1.4153 1.22573
0.994 1.02298
0.4148 0.029696
0.3769 1.02298
0.7316 0.057344
0.725 0.027648
1.341 0.482304
1.3167 0.635904
1.6691 0.034816
1.1679 0.482304
1.2391 0.946176
0.7869 1.23802
0.3571 0.946176
1.4176 1.23802
2.1877 0.480256
0.4895 0.027648
1.7233 0.029696
2.2263 0.485376
0.6068 0.928768
1.8207 0.395264
0.6046 0.027648
1.8963 0.489472
0.8906 0.03072
1.0003 0.632832
0.6013 0.03072
2.3133 0.033792
1.1147 0.029696
0.9615 1.70394
0.5172 0.055296
0.6704 1.70394
2.0009 0.4864
0.4967 0.032768
1.2677 0.4864
2.1726 0.488448
2.1126 0.881664
1.5553 0.027648
1.187 0.487424
1.019 0.052224
1.0254 0.623616
1.2143 0.029696
0.9286 0.746496
0.7188 1.85958
0.9543 0.033792
0.5629 1.85958
0.4746 0.033792
0.4127 0.498688
0.414 0.029696
0.8578 0.483328
0.6452 0.029696
3.5538 0.031744
1.3024 0.4864
0.6234 1.0025
0.4784 0.05632
0.7326 1.0025
2.2119 0.47616
0.4928 0.03072
1.5948 0.47616
2.1275 0.492544
2.3488 0.635904
1.6612 0.028672
0.4888 1.41005
0.3726 0.028672
0.8246 1.41005
2.44 0.055296
1.1894 0.927744
1.3814 0.053248
1.1529 0.031744
1.149 0.7424
0.928 0.027648
1.698 0.314368
1.9919 0.299008
0.7837 0.893952
2.2017 0.041984
0.9336 0.027648
1.0882 3.60755
0.4808 0.038912
0.9003 3.60755
0.937 0.038912
1.195 0.032768
3.3346 0.033792
2.2467 0.95744
1.7432 0.7424
1.6787 0.028672
2.0527 0.03072
0.7589 0.197632
1.5613 2.43098
1.908 3.75091
0.9092 0.031744
0.8674 1.81965
0.6104 0.751616
0.4852 0.222208
0.5759 0.751616
0.5181 0.222208
0.3977 0.478208
0.8354 0.029696
0.4502 0.028672
0.6386 0.029696
1.279 0.028672
0.6305 0.027648
1.1156 0.935936
1.4834 0.080896
1.2984 0.031744
0.4252 0.489472
0.4669 1.07418
0.7279 0.069632
0.6952 0.028672
0.8896 0.862208
0.4605 0.028672
1.3298 0.862208
3.9183 0.03072
0.925 1.06291
0.381 1.41926
0.7345 0.03584
0.7692 0.028672
1.7111 0.029696
1.1988 0.923648
1.6609 0.077824
2.1294 0.03072
0.7824 0.47616
0.7283 0.897024
0.8089 0.557056
0.4243 0.028672
0.9889 0.03072
1.4896 0.029696
2.1139 0.932864
1.5717 0.054272
0.5292 0.033792
1.5801 0.75776
1.8868 1.38035
0.6035 0.027648
1.1914 1.38035
0.8182 0.059392
1.1811 0.033792
0.8151 0.032768
0.5849 0.961536
0.5687 1.78074
0.4328 0.961536
1.1348 1.78074
2.5833 0.026624
0.5382 0.029696
1.5153 0.036864
4.0753 0.029696
0.622 1.65171
1.301 0.553984
1.1398 0.033792
0.605 0.027648
1.267 0.028672
1.2607 0.925696
1.3722 0.052224
1.9585 0.03584
1.0435 0.49664
0.5663 1.77357
0.4447 0.49664
1.1403 1.77357
2.4831 0.028672
1.0865 0.907264
0.9904 0.070656
1.6516 0.032768
0.9558 0.507904
0.9067 0.922624
0.4747 0.029696
1.1969 0.922624
1.4616 0.201728
1.8538 0.30208
0.8124 0.695296
1.3449 0.033792
2.134 0.027648
0.8935 1.40493
0.7841 0.787456
1.0026 0.034816
1.4184 0.029696
0.6645 0.485376
1.0813 0.611328
1.4629 0.032768
0.8435 0.731136
5.7684 1.90464
1.3453 0.043008
0.6973 5.22854
0.9122 0.057344
1.4124 0.033792
1.1332 0.516096
0.6869 1.56672
0.6454 0.059392
0.9093 0.034816
1.8271 0.027648
0.9611 0.032768
1.4945 0.315392
0.5233 1.42234
1.2521 0.060416
0.5731 0.026624
1.0665 0.32768
1.333 0.479232
0.6995 0.621568
1.2188 0.032768
1.2007 0.497664
0.989 2.07155
0.4506 0.497664
0.5065 2.07155
0.5004 0.03072
0.5223 0.028672
0.4992 0.206848
1.9265 0.30208
1.7463 0.715776
1.7826 0.03072
0.4384 0.976896
0.6567 0.9472
0.4779 0.976896
1.3936 0.9472
2.8195 0.029696
0.6739 0.93696
3.0511 0.052224
0.6109 0.03072
1.0166 2.21491
0.4166 0.03072
1.3929 2.21491
1.7557 0.029696
2.1081 0.319488
1.8997 0.695296
1.0437 0.032768
0.8127 0.944128
0.6279 0.560128
1.5288 0.029696
2.7425 0.912384
2.4392 0.053248
1.7038 0.034816
0.7265 0.748544
0.4407 1.67117
0.8775 0.028672
0.7783 0.043008
1.2444 0.027648
0.8782 0.809984
1.7864 0.024576
1.1735 0.029696
0.7551 1.37318
0.492 0.03072
0.9053 1.37318
0.4228 0.03072
0.8681 0.033792
0.4395 0.192512
1.4955 0.318464
0.6097 0.192512
1.35 0.031744
4.1319 0.028672
0.8193 0.909312
0.9272 1.27386
0.6331 0.033792
0.7494 1.27386
2.4997 0.03072
1.3206 0.939008
0.6526 0.053248
2.2396 0.028672
1.025 0.483328
0.8152 0.958464
0.4182 0.483328
1.5194 0.027648
2.1894 0.026624
1.1377 0.893952
0.566 0.05632
3.1205 0.03072
1.6432 0.48128
0.4431 1.3527
0.4051 0.072704
1.1145 0.043008
2.1194 0.028672
1.1972 1.27283
1.79 0.078848
1.3337 1.38138
0.5781 0.029696
1.4263 0.03072
1.7518 0.028672
1.5362 1.26054
2.0352 0.060416
1.5377 0.032768
0.7873 0.026624
1.3104 1.61075
0.8888 1.59642
0.5717 0.0512
1.7746 0.03072
1.3246 0.060416
1.6031 0.031744
0.7326 0.060416
0.4565 0.031744
1.1105 1.4039
0.927 0.053248
0.5283 0.03072
1.0339 0.676864
0.6934 0.033792
1.1873 0.489472
2.4002 0.648192
0.687 0.032768
0.7339 1.8391
0.4488 0.079872
0.4369 0.03072
0.8329 0.029696
1.0336 0.92672
1.471 0.05632
1.6084 0.03072
1.4858 0.51712
0.7847 1.33427
1.244 0.059392
0.4891 0.027648
0.8556 0.03072
1.3141 0.919552
1.9968 0.05632
0.6629 0.029696
0.4223 0.876544
0.3694 1.59232
0.3704 0.876544
4.612 1.59232
0.5811 0.033792
3.9356 5.62893
1.0909 0.03584
1.1765 2.71462
0.6556 0.045056
1.5493 0.026624
1.6725 0.062464
2.2831 0.029696
1.9394 0.316416
1.1986 3.19078
1.649 0.03072
1.3628 0.028672
2.5408 0.031744
1.5348 1.47558
0.7459 0.86016
1.0275 0.058368
0.6717 0.820224
0.8801 0.413696
1.1941 0.033792
1.6813 0.488448
0.6377 0.612352
1.1434 1.9753
0.5087 2.41459
0.7709 1.9753
0.4724 2.41459
0.3602 0.028672
0.5467 0.03072
0.7632 0.028672
1.4038 0.0256
0.5086 1.25952
1.0705 0.0256
0.7372 1.25952
1.1858 0.029696
0.592 0.034816
1.4671 0.029696
0.8275 0.026624
0.542 1.22675
0.5602 0.058368
3.1808 0.031744
0.4691 0.028672
2.3078 2.9225
0.8946 0.028672
0.497 2.9225
1.615 0.028672
2.1642 0.031744
2.3312 0.72192
0.8237 0.505856
2.1624 1.8729
0.6393 0.047104
1.1687 0.963584
0.9412 0.02048
2.5536 0.569344
1.5074 0.504832
1.318 2.432
1.1026 0.041984
1.0083 0.033792
2.4204 0.497664
2.1055 0.63488
0.6449 0.032768
1.2703 0.939008
0.9512 1.01171
0.6611 0.043008
0.5811 0.693248
0.6832 0.043008
1.5215 0.693248
0.7813 0.034816
1.101 6.16038
0.6599 0.039936
0.634 0.027648
1.9541 0.03072
0.8816 0.91136
0.4795 0.03072
3.9307 0.027648
0.5799 0.847872
0.4824 0.88064
0.5543 0.847872
1.2853 0.88064
1.7624 0.490496
0.4768 0.031744
1.6195 0.490496
4.5097 0.488448
0.7612 0.63488
0.922 1.7367
0.5943 0.029696
1.1966 1.7367
1.9242 0.47616
0.9166 0.633856
1.5021 0.031744
1.1987 0.488448
0.6639 0.913408
1.26 0.508928
0.5489 0.065536
0.5677 0.043008
1.5876 0.03072
0.9877 0.953344
0.6751 0.054272
3.3001 0.029696
1.1428 0.49664
0.9379 1.41824
0.3913 0.49664
1.5401 1.41824
2.2172 0.026624
1.2458 1.06701
0.5733 0.0768
2.867 0.03072
1.4814 0.03072
0.4763 2.03264
0.3808 0.052224
0.8507 2.03264
2.3345 0.029696
1.2063 1.22163
0.4959 0.029696
1.0666 0.031744
1.9706 0.029696
1.2302 1.28205
0.9794 0.054272
0.6561 0.031744
1.4442 0.03072
0.7077 0.927744
1.4916 0.054272
1.7231 0.028672
1.7244 0.760832
0.5638 0.739328
0.8052 0.032768
0.6919 0.034816
0.5254 0.196608
1.1852 0.32768
0.7029 0.196608
1.7025 0.033792
3.0216 0.028672
0.4794 1.74387
1.8688 0.392192
0.4548 1.74387
1.0432 0.392192
2.3195 0.027648
1.9094 1.22368
1.451 0.05632
1.5838 0.029696
1.3515 0.054272
0.9731 0.032768
0.5683 0.054272
2.6378 0.945152
1.5488 0.044032
1.7753 0.027648
0.7157 4.62234
0.9813 0.054272
2.7034 0.032768
1.7806 0.043008
1.3654 0.034816
1.5587 2.24461
0.5569 0.057344
1.37 0.032768
1.8521 0.474112
1.6594 0.644096
1.3875 0.028672
1.4098 0.730112
0.6884 1.98042
0.4839 0.730112
1.4468 0.029696
0.8812 0.61952
1.1042 0.029696
0.8608 0.61952
1.3942 0.03072
1.3972 2.89178
0.6251 0.031744
0.4684 2.2057
0.4976 0.031744
0.6804 2.2057
0.419 0.037888
0.5904 0.031744
0.9101 0.475136
0.5101 0.620544
1.1794 0.032768
3.07 0.505856
0.4636 0.032768
1.5254 0.60928
0.7822 0.04096
1.1047 0.032768
1.5192 0.50688
0.9363 0.633856
1.535 0.031744
1.7312 0.886784
0.5357 0.03072
1.0928 0.886784
2.2195 0.484352
0.7053 0.623616
1.0047 0.484352
2.3139 0.495616
2.2513 0.64512
1.8327 0.028672
0.856 0.766976
1.0864 2.37158
0.7214 0.059392
1.2341 0.636928
1.3993 0.484352
1.1709 1.32608
0.9482 0.027648
