2.6948 0
0.7541 0
0.2613 0
0.1882 0
0.2094 0
0.52 1.52474
0.3789 1.67834
0.3287 1.60256
0.5795 1.90771
0.2886 1.75821
0.7003 1.89747
0.3858 1.58925
0.4144 1.89747
0.2018 1.58925
0.2077 1.74387
0.6959 1.76947
0.7948 1.59744
0.5224 1.74899
0.4637 0.331776
0.2797 1.58822
0.5772 1.91488
0.2592 1.75104
0.2312 1.90259
0.5497 1.61587
0.5062 1.76128
0.709 1.7408
0.3706 1.60973
0.2834 1.74592
0.4701 1.61485
0.2611 1.74592
0.7802 1.75002
1.4557 1.59027
0.4595 1.90669
0.2716 1.88826
0.5939 1.92102
0.5006 1.72544
0.5382 1.80838
1.0446 1.55238
0.2309 1.90259
0.5402 1.76128
0.489 1.83603
0.2165 1.72544
0.3894 1.60461
0.1962 1.72544
0.9064 1.75923
0.8694 1.60256
1.2142 1.89133
0.5567 1.71725
0.5453 1.5831
1.1382 1.46227
0.5287 1.61997
0.973 1.47354
0.4586 1.7623
0.2834 1.56672
0.5215 1.62611
0.216 1.5657
0.3575 1.47763
0.3401 1.72442
0.5772 1.47763
0.9135 1.74592
0.6605 1.62202
0.3326 1.46125
0.3248 1.78483
0.4043 1.57798
0.3937 1.4807
0.6418 1.5575
0.3855 1.58822
0.2884 1.5575
0.6698 1.58822
0.6511 1.44384
0.2578 1.59744
0.4689 1.57594
0.2092 1.59949
0.3979 1.44896
0.2033 1.59949
0.4685 1.57184
0.4569 1.59437
0.4679 1.57184
0.2938 1.77766
0.6639 1.55955
0.406 1.59437
0.2082 1.55955
0.2646 1.59437
1.0103 1.57389
0.2387 1.76947
0.7297 1.57901
0.7804 1.47763
0.2203 1.55546
0.2048 1.64762
0.1919 1.55546
0.2898 1.64762
1.1942 1.5575
0.6545 1.77664
0.9546 1.57696
0.653 1.4848
0.367 1.59334
0.2198 1.47763
0.4558 1.75002
0.3629 1.59949
0.883 1.45408
0.3689 1.60666
1.3224 1.46637
0.2413 1.76333
0.452 1.5616
0.2159 1.63533
0.2667 1.46842
0.2797 1.75514
0.2521 1.56467
0.5578 1.48787
0.9159 1.59437
0.9957 1.49299
0.4105 1.56058
0.2853 1.76128
0.5028 1.56058
0.2962 1.59539
0.9544 1.45101
0.7832 1.61178
0.9888 1.57286
0.7368 1.58822
0.6518 1.44896
0.3142 1.75718
0.8768 1.5616
0.4482 1.7623
0.4274 1.56774
0.61 1.47149
0.6565 1.58515
0.5866 1.74797
0.3613 1.54829
0.6042 1.47251
0.247 1.54112
0.483 1.60154
0.4888 1.43974
0.5078 1.59334
1.3376 1.54624
0.4431 1.46534
0.211 1.72237
0.1891 1.46534
0.5623 1.72237
0.423 1.56774
0.2478 1.73875
0.381 1.5831
0.2098 1.73875
0.5539 1.55853
0.2143 1.43258
0.2189 1.55853
0.5883 1.55341
0.528 1.58618
0.4951 1.44998
0.342 1.73978
0.5839 1.54419
0.2111 1.73978
0.2115 1.54419
0.8361 1.58106
0.4756 1.73466
0.5828 1.58515
0.584 1.44282
0.2235 1.62509
0.1956 1.44282
0.2445 1.62509
0.5549 1.54214
0.3567 1.76128
0.3061 1.54829
0.8507 1.46637
0.4403 1.54726
0.4672 1.58413
0.4184 1.4551
0.4457 1.76538
1.0523 1.44589
0.7437 1.57286
0.6567 1.54726
0.4144 1.49299
0.5039 1.7152
0.677 1.5831
0.5059 1.73363
0.6543 1.58106
0.4407 1.44077
0.4231 1.55546
0.2184 1.44077
0.1999 1.55546
0.3293 1.49811
0.2623 1.55034
0.1941 1.49811
0.2237 1.55034
0.7147 1.54931
0.2482 1.76333
0.593 1.56365
0.6021 1.46944
0.455 1.45203
0.2137 1.46944
0.2492 1.45203
0.8955 1.58618
0.4622 1.54112
1.446 1.46227
0.8381 1.56979
0.9211 1.58208
0.3867 1.44384
0.6961 1.47558
0.3607 1.72646
1.5986 1.57901
0.431 1.44486
0.475 1.48275
0.4522 1.54726
0.4553 1.48275
0.6151 1.54726
0.9208 1.46944
0.8271 1.75616
1.0962 1.5872
0.476 1.44384
0.7696 1.46739
0.442 1.7193
0.7152 1.46432
0.5201 1.4592
0.8261 1.76333
0.3915 1.45306
0.437 1.48275
0.2296 1.72749
0.3554 1.48275
1.0608 1.71008
0.7135 1.59744
0.4533 1.71008
0.2521 1.59744
0.5613 1.44998
0.2865 1.57696
0.94 1.44998
1.3059 1.76742
0.2993 1.57798
0.2984 1.45715
0.2692 1.48275
0.3106 1.45715
0.9271 1.48275
0.2778 1.58413
0.6263 1.72749
0.6355 1.56262
0.6416 1.72032
0.7799 1.57901
0.5178 1.73466
0.4628 1.59027
0.2266 1.4377
0.4505 1.5657
0.5995 1.55853
0.3068 1.5657
0.4802 1.55853
0.6511 1.74182
0.4217 1.53805
0.4271 1.47046
0.6289 1.53702
0.4785 1.5872
0.8655 1.43872
0.5464 1.58208
0.4884 1.44589
0.3503 1.58515
0.2586 1.44384
0.3702 1.5872
0.2124 1.44384
0.2514 1.5872
0.5315 1.44179
0.53 1.5575
0.6936 1.57491
0.594 1.45613
0.2068 1.74797
0.3907 1.75821
0.4374 1.54726
0.3926 1.75821
0.39 1.54726
0.2217 1.46022
0.6642 1.43667
0.616 1.56979
0.4194 1.57696
0.4078 1.47968
0.7991 1.71827
0.4404 1.57798
0.4568 1.44179
0.4793 1.7367
0.3632 1.55341
0.24 1.47866
0.46 1.70291
0.3634 1.55443
0.2012 1.70291
0.2257 1.55443
0.2193 1.71622
0.6599 1.45203
0.7643 1.54522
0.7111 1.5657
0.2287 1.69574
0.3756 1.55955
0.2087 1.69574
1.0404 1.55034
0.9225 1.5401
0.359 1.45306
0.4662 1.536
0.6447 1.75616
0.444 1.44486
0.2265 1.72237
0.2066 1.53805
0.6485 1.45715
0.2258 1.56365
0.5878 1.46227
0.4322 1.71827
0.2238 1.46227
0.4595 1.69472
0.2558 1.73261
0.2341 1.69472
0.8222 1.56877
1.1792 1.54726
0.9437 1.49299
0.5931 1.7193
0.4629 1.57594
0.3578 1.44589
0.49 1.57286
0.6409 1.5913
0.8228 1.46432
0.2721 1.57389
0.4439 1.75718
0.4817 1.53088
0.7381 1.46739
0.8641 1.73978
0.5962 1.60461
0.3356 1.44998
0.3749 1.59027
0.5906 1.45101
0.8876 1.57696
1.1546 1.72646
0.6415 1.76742
0.484 1.4807
0.2765 1.50426
0.283 1.48992
0.4688 1.57389
0.9901 1.44077
1.0439 1.73773
0.6107 1.54317
0.2244 1.6087
0.4726 1.39366
0.2414 1.67014
0.4959 1.39366
0.2406 1.67014
0.235 1.57184
0.3672 1.47763
0.5068 1.73158
0.3242 1.59642
0.3351 1.73158
0.4633 1.59642
0.3901 1.75104
0.3878 1.58618
0.3472 1.46227
0.7508 1.75821
0.3291 1.59437
0.8735 1.78278
0.9205 1.59539
0.4604 1.4848
1.4404 1.47763
0.5818 1.50733
0.394 1.74899
1.1498 1.48275
0.5016 1.5616
0.5979 1.56672
0.5265 1.4592
0.7978 1.61997
0.8081 1.46125
1.236 1.77562
0.2266 1.58618
0.553 1.42643
0.2269 1.58618
0.3666 1.42643
0.197 1.49606
0.2011 1.48992
0.2758 1.73773
0.3182 1.48992
0.6605 1.73773
0.6352 1.66502
0.2521 1.47456
0.2316 1.66502
0.3296 1.47866
0.2296 1.60461
0.3558 1.47558
0.2261 1.76128
0.419 1.47558
0.5901 1.78278
0.5295 1.57696
0.4417 1.48378
0.4971 1.47558
0.3176 1.62918
0.2091 1.47558
0.2335 1.62918
0.6748 1.56774
0.376 1.78483
0.5945 1.5913
0.4494 1.48378
0.3003 1.47558
0.3312 1.58413
0.211 1.47558
0.2133 1.58413
0.4215 1.45408
0.5601 1.78278
0.7665 1.58515
0.6583 1.48787
0.538 1.76947
0.5118 1.76742
0.5388 1.5657
0.3127 1.48582
0.6651 1.45613
1.1104 1.6128
0.3502 1.76435
0.2075 1.6128
0.8852 1.76435
0.3223 1.48787
1.7374 1.73261
0.6879 1.62611
0.4962 1.46637
1.1394 1.77664
0.2646 1.74285
0.4126 1.76538
0.3905 1.58106
0.8194 1.48582
0.8238 1.58003
0.877 1.60256
0.2553 1.45613
0.2177 1.59334
0.3258 1.60358
0.3673 1.48582
0.2749 1.72749
0.9325 1.48582
0.5142 1.60256
0.9931 1.49811
0.681 1.74694
0.4055 1.77869
0.7679 1.5831
0.729 1.47866
1.5172 1.56467
0.8706 1.47866
0.7061 1.7152
0.2735 1.77254
0.3032 1.7152
0.2084 1.77254
0.2024 1.44691
0.2033 1.74387
0.2332 1.55443
0.3335 1.74387
0.5173 1.57491
0.27 1.47968
0.2288 1.57491
0.2108 1.47968
0.2022 1.72544
0.4877 1.74592
0.2632 1.50016
0.3442 1.58003
0.2237 1.50016
0.4441 1.57082
0.2521 1.43667
0.6154 1.46022
0.2104 1.45613
0.4362 1.57901
0.3412 1.45613
0.2603 1.57901
1.0714 1.5575
0.2338 1.76742
0.6384 1.56774
0.4453 1.46432
0.234 1.56774
0.8245 1.75514
0.2833 1.55648
0.8357 1.76538
0.3113 1.55238
0.4605 1.59232
0.4656 1.43974
0.3421 1.60973
0.3864 1.55648
0.5732 1.46637
0.379 1.44486
0.2123 1.46637
0.2364 1.44486
1.2941 1.46842
0.9142 1.60256
1.0231 1.4807
0.4053 1.73875
0.4202 1.73875
0.7409 1.44179
0.257 1.73875
0.3638 1.54624
0.2251 1.47046
0.289 1.7111
0.6183 1.57389
0.463 1.72954
0.311 1.59949
0.4128 1.55546
0.2008 1.59949
0.209 1.55546
0.6237 1.57696
0.5377 1.73261
0.5685 1.59334
0.5079 1.45408
0.2392 1.7664
0.5546 1.46534
0.3709 1.7449
0.3957 1.57696
0.688 1.5913
0.4718 1.4336
0.7262 1.57696
0.3864 1.5575
0.3006 1.48582
0.2715 1.56877
0.3976 1.45408
0.4919 1.56774
1.1631 1.56979
0.9033 1.43974
1.1222 1.60461
0.3189 1.57184
0.2012 1.46534
0.2572 1.70394
0.4375 1.46534
0.8057 1.72442
0.3553 1.56877
0.7478 1.4336
0.7984 1.55136
0.234 1.4295
0.3342 1.75002
0.2625 1.52678
0.4605 1.75002
0.5313 1.52678
0.4106 1.45715
0.3506 1.56877
0.4701 1.75616
0.1928 1.71827
0.3627 1.75616
0.2031 1.53088
0.8353 1.44998
0.4243 1.5145
0.2848 1.56058
0.2661 1.42438
0.3639 1.56672
0.3222 1.43872
0.2079 1.75104
0.2292 1.43872
0.23 1.75104
0.5712 1.53805
0.2194 1.44794
1.2795 1.42234
0.5096 1.5616
0.2986 1.7367
0.741 1.46842
0.3672 1.70906
0.7848 1.77664
0.4146 1.52474
0.2226 1.58413
0.5268 1.42643
0.5798 1.7193
0.5842 1.54214
0.2378 1.75104
0.258 1.55238
0.2276 1.75104
0.6526 1.52576
0.2337 1.45408
0.4307 1.52576
0.343 1.55136
0.9267 1.43155
0.8442 1.73158
0.6715 1.71213
0.9289 1.56877
0.7446 1.5575
1.0537 1.45715
0.4519 1.45203
0.5888 1.5575
0.4569 1.44077
0.2653 1.5575
0.3609 1.44077
0.1967 1.5657
0.2073 1.42029
0.2882 1.55648
0.2392 1.42029
0.7952 1.44282
0.4244 1.57594
0.2461 1.74387
0.2466 1.55955
0.1965 1.74387
0.6919 1.52883
0.2056 1.44998
0.2534 1.52883
0.5358 1.57286
0.5912 1.5575
0.3771 1.46944
0.2104 1.55853
0.2152 1.46944
0.2096 1.55853
0.3886 1.57696
0.5177 1.73261
0.3454 1.59744
0.7285 1.44077
0.764 1.4848
1.16 1.71213
0.9518 1.47251
1.1363 1.43974
0.4036 1.8135
1.092 1.56672
0.6928 1.47046
0.2496 1.72749
0.2476 1.55238
0.2543 1.72749
0.693 1.55238
0.2896 1.44077
1.3678 1.46432
1.5285 1.73978
0.7362 1.48275
0.5048 1.72851
2.1914 1.58515
0.3637 1.72544
0.5288 1.68346
0.6794 1.4807
0.4969 1.4633
0.2564 1.49606
0.4435 1.68038
0.2544 1.43565
0.3546 1.68038
0.2266 1.43565
0.2351 1.59437
0.3092 1.4336
0.2001 1.7367
0.675 1.4336
0.4036 1.7367
0.3886 1.54829
0.3949 1.76845
0.2417 1.59642
0.3318 1.45715
0.221 1.54214
0.3383 1.75616
0.6378 1.50426
0.5439 1.46637
0.223 1.75309
0.2074 1.46637
0.4417 1.75309
0.5501 1.74592
0.2413 1.45818
0.4636 1.5657
0.4714 1.4377
0.4361 1.73978
1.2602 1.54931
0.5715 1.75514
0.7313 1.57798
0.5265 1.46842
0.505 1.53907
0.2411 1.47968
0.3961 1.57082
0.3425 1.46227
0.841 1.72237
0.5672 1.59949
0.4756 1.74285
0.2656 1.60051
0.3047 1.45101
0.6821 1.50221
0.5861 1.59437
0.2621 1.46432
0.2973 1.59437
0.8118 1.51347
0.5266 1.76742
0.5151 1.58822
0.2145 1.7449
0.4018 1.60256
0.2039 1.7449
0.2857 1.60256
0.3828 1.58822
0.205 1.74797
0.2695 1.72851
0.4841 1.58515
0.2504 1.55648
0.5301 1.61075
0.2642 1.47661
0.2686 1.74592
1.0445 1.54317
0.2494 1.76538
0.5398 1.5575
0.4805 1.46637
0.3027 1.55443
0.403 1.62202
0.2125 1.55443
0.2173 1.62202
0.7619 1.54214
0.2387 1.76026
0.8879 1.55648
0.5425 1.46842
0.3834 1.57184
0.216 1.46842
0.2211 1.70701
0.3717 1.46842
0.2729 1.7111
0.8234 1.47149
0.7414 1.4551
0.4745 1.75718
0.6732 1.55443
0.8064 1.60768
0.4797 1.75923
0.3883 1.58618
0.5093 1.45306
0.5717 1.56877
0.551 1.54726
0.2968 1.46432
0.4467 1.45203
0.3242 1.47046
0.7993 1.71622
0.6337 1.78278
0.606 1.55238
0.904 1.46739
0.3358 1.54624
0.4298 1.46432
0.2478 1.73056
0.6616 1.57184
0.5934 1.44486
0.8385 1.74797
1.1273 1.45715
0.2504 1.58515
0.3448 1.44896
0.5538 1.75514
0.2683 1.44077
0.873 1.57184
0.5875 1.55546
0.9454 1.46739
0.6488 1.56979
0.2322 1.47251
0.2507 1.56979
0.3483 1.47251
0.2189 1.72237
0.3828 1.5616
0.3518 1.71008
0.8327 1.44896
0.3002 1.46125
0.3247 1.76128
0.4986 1.72851
0.4707 1.61792
0.2157 1.72851
0.2482 1.61792
0.6515 1.54522
0.4649 1.75206
0.4663 1.56058
0.3056 1.46432
0.4013 1.43872
0.2808 1.46432
0.2222 1.43872
0.2633 1.74387
0.8556 1.43565
0.4727 1.46739
0.2766 1.71725
0.6011 1.58003
0.3886 1.55955
0.6111 1.46842
1.1904 1.71418
0.4092 1.57594
0.4385 1.42336
0.2392 1.4551
0.3378 1.53702
0.4582 1.44896
0.3351 1.70496
0.521 1.54829
0.5135 1.43155
0.4459 1.73466
0.5078 1.53907
0.6635 1.47763
0.2496 1.71213
0.2201 1.47763
0.2019 1.71213
0.2156 1.5657
0.1992 1.70906
0.4241 1.47149
0.246 1.70906
0.3126 1.74387
0.6161 1.536
0.3016 1.75923
0.2224 1.58003
0.2396 1.47661
0.2056 1.58003
0.9326 1.58618
0.2801 1.76947
0.4303 1.6087
0.465 1.45101
0.6065 1.61382
0.2081 1.44896
0.1987 1.61382
0.2449 1.56058
0.6487 1.48787
0.2331 1.73875
0.2662 1.60768
0.6867 1.45203
0.5058 1.58515
0.2015 1.60154
0.2279 1.49402
0.5233 1.72442
1.3347 1.58822
0.7437 1.60666
0.7182 1.49504
0.6198 1.55648
0.2568 1.58618
0.4446 1.7367
0.8125 1.56979
0.5695 1.58618
1.1616 1.49402
0.6307 1.72954
0.3956 1.59334
0.596 1.57901
0.3985 1.58106
0.2431 1.46227
0.9826 1.75616
0.5023 1.57901
0.7033 1.4848
0.2895 1.57901
0.2673 1.4848
0.485 1.46227
0.5522 1.76742
0.2643 1.56672
0.2496 1.58822
0.9452 1.45203
1.3701 1.58413
0.3053 1.58515
0.4485 1.48173
0.4868 1.5831
0.2462 1.4889
0.2614 1.73875
0.7204 1.5872
0.4937 1.75411
0.434 1.62202
0.8198 1.4633
0.4025 1.60051
0.3547 1.59232
0.2565 1.48685
0.3248 1.73261
0.7951 1.5913
0.4027 1.73261
1.9359 1.59437
0.2377 1.43667
0.1843 1.7705
0.1875 1.73158
0.2528 1.7705
0.5504 1.73158
0.3146 1.57491
0.5867 1.53395
0.9459 1.46842
0.5051 1.53805
0.2785 1.47558
0.8469 1.71008
0.5173 1.48275
0.7694 1.72237
0.353 1.47456
1.726 1.72237
0.6352 1.60666
0.8282 1.72442
0.562 1.58618
0.6271 1.4551
0.8406 1.80838
0.2743 1.56672
0.3734 1.47149
0.6545 1.54112
1.1179 1.48685
1.2542 1.54112
0.2602 1.59334
0.2376 1.37933
0.2381 1.49504
0.3276 1.37933
0.1925 1.49504
0.2062 1.44179
0.5129 1.73363
1.5736 1.56058
0.9275 1.46739
0.2717 1.50118
0.2709 1.46739
0.4389 1.50118
0.2551 1.56467
0.6469 1.72646
0.3547 1.56467
0.2206 1.44896
0.221 1.62509
0.4027 1.45306
0.3585 1.7367
0.2089 1.54829
0.4259 1.75718
0.2155 1.58413
0.2261 1.75718
0.5172 1.53088
0.9351 1.47149
0.2869 1.45408
0.2731 1.59744
0.4944 1.72339
0.3168 1.56365
0.3799 1.73261
1.1978 1.57594
1.29 1.42336
0.867 1.59642
0.8749 1.75104
0.9077 1.59846
1.0652 1.45408
0.9469 1.57594
0.2702 1.58618
0.2251 1.4848
1.2432 1.76538
0.4421 1.75923
0.239 1.56262
0.3444 1.49914
0.6269 1.56262
0.7296 1.49914
0.2361 1.72544
0.3979 1.5657
0.4085 1.43974
0.219 1.7408
0.5698 1.53498
0.2958 1.76026
0.3009 1.53498
0.829 1.4633
0.209 1.74899
0.3897 1.74899
0.2448 1.74899
0.5514 1.74899
0.4988 1.53088
0.2189 1.4592
0.2494 1.53088
0.6583 1.57286
0.2145 1.57082
0.3133 1.7664
0.2384 1.56365
0.2785 1.7664
0.9101 1.55546
0.6269 1.59539
0.3443 1.4592
0.4656 1.59334
0.6731 1.47558
0.2996 1.62099
0.8825 1.47354
0.2412 1.74592
0.5331 1.55853
0.4849 1.77869
0.3837 1.56774
0.4951 1.47968
0.414 1.57798
0.2249 1.78995
0.1911 1.57798
0.2352 1.78995
0.7116 1.73978
0.2435 1.53702
0.6319 1.74285
0.7682 1.58003
0.448 1.4592
0.2238 1.48378
0.2338 1.73875
0.2204 1.48378
0.974 1.45408
0.2789 1.65478
0.2753 1.45408
0.4456 1.74285
1.0957 1.57286
0.2643 1.62714
0.4027 1.47046
0.7217 1.75104
0.3718 1.57491
0.2496 1.77869
0.4003 1.58106
0.6349 1.48378
0.7563 1.47046
0.376 1.5063
0.2369 1.73875
0.427 1.57901
0.3293 1.7193
0.3424 1.4633
0.2614 1.7193
0.5867 1.75616
0.4847 1.57082
0.2164 1.77766
0.3663 1.49299
0.252 1.77766
0.2374 1.49299
1.1841 1.4848
0.8382 1.59744
0.3614 1.49094
0.7218 1.74285
0.5638 1.49504
0.241 1.72339
0.8914 1.49504
1.2792 1.74285
1.1545 1.59437
0.8555 1.43872
0.3657 1.57696
0.4542 1.44282
0.6364 1.74182
0.9398 1.55955
0.5076 1.46842
0.2763 1.73978
0.2994 1.59232
0.4996 1.43565
0.6872 1.57594
0.5304 1.55648
0.2971 1.46227
0.508 1.45818
0.2186 1.52781
0.46 1.45818
0.9747 1.57286
0.4618 1.56774
0.9781 1.57286
0.4775 1.56774
0.5057 1.46842
0.5417 1.7152
0.2123 1.57286
0.5028 1.74182
0.2518 1.57286
0.4005 1.74182
0.2553 1.57082
0.5658 1.44179
0.335 1.57901
0.2547 1.56877
0.58 1.45818
0.4692 1.55955
0.2087 1.45818
0.6126 1.71725
0.3679 1.57184
0.3965 1.4377
0.5653 1.56365
0.5912 1.55341
0.2365 1.46842
0.4106 1.71827
0.2228 1.57696
0.2071 1.71827
0.6802 1.56467
0.3777 1.56262
0.4191 1.56467
1.0844 1.54214
0.4865 1.60051
1.1866 1.4336
0.727 1.4889
0.5875 1.73875
0.9942 1.57184
0.4759 1.55648
0.81 1.55853
0.6499 1.52474
