0.5935 0
0.4124 0
0.0344 0
0.0235 0
0.0299 0
0.0887 0.029696
0.0353 0.027648
0.1614 0.024576
0.0976 0.026624
0.036 0.024576
0.0663 0.026624
0.0888 0.0256
0.0634 0.027648
0.026 0.0256
0.0267 0.027648
0.1517 0.026624
0.1709 0.024576
0.036 0.0256
0.1116 0.021504
0.0418 0.022528
0.0315 0.0256
0.0275 0.026624
0.0377 0.026624
0.1351 0.026624
0.067 0.0256
0.1043 0.0256
0.078 0.022528
0.0339 0.024576
0.0851 0.0256
0.0276 0.024576
0.094 0.027648
0.1373 0.0256
0.0312 0.024576
0.0271 0.026624
0.2509 0.0256
0.0522 0.026624
0.0504 0.023552
0.0576 0.026624
0.0306 0.026624
0.0524 0.026624
0.033 0.023552
0.0253 0.026624
0.0269 0.0256
0.0237 0.026624
0.0462 0.026624
0.1287 0.0256
0.1023 0.0256
0.0532 0.026624
0.0497 0.0256
0.0699 0.0256
0.0647 0.023552
0.1189 0.024576
0.0517 0.0256
0.0754 0.024576
0.063 0.021504
0.0277 0.026624
0.0281 0.024576
0.0249 0.0256
0.0665 0.024576
0.0435 0.023552
0.0758 0.024576
0.0297 0.022528
0.0515 0.023552
0.0589 0.0256
0.0999 0.026624
0.0348 0.0256
0.0393 0.024576
0.0343 0.0256
0.1274 0.024576
0.0565 0.026624
0.0295 0.021504
0.0343 0.0256
0.0325 0.0256
0.0508 0.024576
0.0257 0.0256
0.1333 0.0256
0.0323 0.022528
0.0635 0.0256
0.09 0.0256
0.1088 0.024576
0.0376 0.021504
0.0257 0.024576
0.0328 0.021504
0.0734 0.032768
0.0311 0.024576
0.1057 0.024576
0.0574 0.022528
0.0463 0.0256
0.0257 0.022528
0.0227 0.0256
0.0315 0.022528
0.0666 0.024576
0.1772 0.021504
0.0976 0.024576
0.1004 0.022528
0.0284 0.022528
0.0255 0.023552
0.0629 0.0256
0.0486 0.026624
0.0337 0.0256
0.0483 0.022528
0.0921 0.024576
0.0313 0.024576
0.1063 0.0256
0.0291 0.022528
0.0421 0.027648
0.0269 0.023552
0.0299 0.0256
0.1129 0.024576
0.1333 0.021504
0.0701 0.024576
0.0994 0.0256
0.0347 0.024576
0.0325 0.0256
0.0346 0.0256
0.0547 0.027648
0.0582 0.026624
0.1044 0.024576
0.142 0.024576
0.1572 0.024576
0.0438 0.024576
0.0749 0.0256
0.0602 0.022528
0.0323 0.024576
0.0769 0.024576
0.1266 0.019456
0.0648 0.023552
0.1347 0.024576
0.0666 0.024576
0.0441 0.026624
0.0352 0.023552
0.2095 0.0256
0.0502 0.0256
0.1408 0.024576
0.0509 0.023552
0.0248 0.0256
0.0223 0.023552
0.0585 0.0256
0.101 0.0256
0.0457 0.021504
0.0673 0.024576
0.0299 0.021504
0.0751 0.026624
0.0301 0.0256
0.0273 0.026624
0.0734 0.0256
0.0569 0.024576
0.0333 0.024576
0.0401 0.022528
0.0656 0.0256
0.0275 0.022528
0.0305 0.0256
0.085 0.0256
0.0953 0.023552
0.0747 0.0256
0.0309 0.022528
0.0265 0.021504
0.0244 0.022528
0.0288 0.021504
0.1026 0.0256
0.0341 0.022528
0.0599 0.0256
0.0578 0.0256
0.0489 0.022528
0.0846 0.023552
0.0469 0.024576
0.0583 0.022528
0.0718 0.026624
0.057 0.026624
0.0453 0.021504
0.0772 0.024576
0.0471 0.024576
0.1547 0.0256
0.0545 0.022528
0.0564 0.024576
0.0333 0.024576
0.0857 0.023552
0.0275 0.024576
0.0229 0.023552
0.044 0.024576
0.039 0.026624
0.0232 0.024576
0.0285 0.026624
0.0964 0.0256
0.0328 0.022528
0.0341 0.0256
0.0663 0.023552
0.0679 0.024576
0.0266 0.023552
0.0319 0.024576
0.0401 0.022528
0.1266 0.024576
0.0679 0.024576
0.12 0.024576
0.1102 0.0256
0.0547 0.024576
0.0502 0.023552
0.0523 0.023552
0.2047 0.024576
0.0352 0.024576
0.0543 0.023552
0.0505 0.024576
0.0473 0.023552
0.0428 0.024576
0.0354 0.024576
0.1076 0.023552
0.157 0.024576
0.0515 0.022528
0.0499 0.024576
0.0405 0.0256
0.0783 0.0256
0.2132 0.0256
0.1774 0.0256
0.0522 0.022528
0.0518 0.024576
0.05 0.024576
0.1257 0.024576
0.1307 0.023552
0.1299 0.023552
0.0782 0.023552
0.034 0.023552
0.0522 0.0256
0.0317 0.024576
0.1671 0.0256
0.0716 0.023552
0.1582 0.024576
0.0294 0.023552
0.0287 0.0256
0.0423 0.023552
0.1485 0.0256
0.0357 0.026624
0.2443 0.024576
0.0396 0.021504
0.089 0.024576
0.0582 0.024576
0.04 0.022528
0.0421 0.024576
0.0252 0.0256
0.1015 0.0256
0.1012 0.024576
0.0775 0.0256
0.0566 0.024576
0.0469 0.026624
0.046 0.024576
0.0469 0.024576
0.1104 0.026624
0.0585 0.024576
0.0561 0.0256
0.0455 0.021504
0.1149 0.021504
0.0801 0.024576
0.0298 0.023552
0.0498 0.024576
0.0264 0.023552
0.0704 0.024576
0.0804 0.0256
0.1162 0.024576
0.1906 0.023552
0.0918 0.0256
0.0248 0.021504
0.0485 0.026624
0.0457 0.024576
0.0405 0.026624
0.0718 0.024576
0.0297 0.026624
0.0752 0.0256
0.0965 0.026624
0.0478 0.022528
0.0449 0.024576
0.0769 0.024576
0.0514 0.024576
0.0559 0.024576
0.1196 0.024576
0.0493 0.0256
0.0295 0.021504
0.0296 0.026624
0.0483 0.024576
0.0261 0.026624
0.029 0.024576
0.0278 0.024576
0.0677 0.023552
0.0578 0.0256
0.089 0.024576
0.0284 0.0256
0.0976 0.024576
0.0295 0.0256
0.0624 0.0256
0.0581 0.024576
0.0692 0.0256
0.0545 0.028672
0.0498 0.021504
0.0476 0.026624
0.0295 0.032768
0.0326 0.022528
0.1831 0.0256
0.03 0.022528
0.0986 0.024576
0.0707 0.023552
0.0244 0.024576
0.0617 0.0256
0.0325 0.024576
0.0304 0.0256
0.0519 0.0256
0.1543 0.024576
0.0519 0.023552
0.0865 0.023552
0.0689 0.024576
0.0614 0.0256
0.039 0.0256
0.1489 0.0256
0.2119 0.0256
0.0423 0.023552
0.1101 0.023552
0.0373 0.026624
0.0722 0.024576
0.138 0.023552
0.1021 0.024576
0.0913 0.023552
0.1323 0.024576
0.1652 0.024576
0.1901 0.0256
0.4406 0.024576
0.1149 0.0256
0.0502 0.024576
0.0452 0.024576
0.0378 0.0256
0.0489 0.0256
0.0634 0.024576
0.083 0.0256
0.1177 0.024576
0.0365 0.023552
0.065 0.024576
0.0317 0.024576
0.0318 0.024576
0.0401 0.024576
0.0283 0.0256
0.0402 0.0256
0.1031 0.024576
0.0579 0.0256
0.0524 0.024576
0.0461 0.0256
0.0518 0.0256
0.0487 0.026624
0.0447 0.024576
0.0606 0.024576
0.0338 0.023552
0.1647 0.023552
0.081 0.0256
0.0449 0.022528
0.0727 0.024576
0.1446 0.024576
0.068 0.0256
0.1773 0.0256
0.068 0.0256
0.0533 0.0256
0.1458 0.024576
0.1004 0.0256
0.1618 0.021504
0.1848 0.022528
0.0308 0.024576
0.0285 0.024576
0.0253 0.024576
0.0587 0.024576
0.0331 0.024576
0.029 0.0256
0.0261 0.024576
0.0292 0.0256
0.305 0.024576
0.1622 0.022528
0.0311 0.024576
0.0262 0.022528
0.0383 0.0256
0.0286 0.0256
0.053 0.0256
0.0389 0.024576
0.0706 0.026624
0.061 0.023552
0.0558 0.024576
0.0357 0.021504
0.0306 0.021504
0.0266 0.023552
0.0248 0.021504
0.0298 0.023552
0.1018 0.0256
0.0441 0.022528
0.0758 0.0256
0.0325 0.024576
0.0358 0.0256
0.0562 0.023552
0.0274 0.0256
0.0274 0.023552
0.0834 0.024576
0.0454 0.021504
0.1236 0.024576
0.0538 0.023552
0.11 0.024576
0.0367 0.024576
0.0399 0.024576
0.0497 0.024576
0.164 0.0256
0.1079 0.022528
0.0348 0.022528
0.027 0.022528
0.0992 0.022528
0.0363 0.0256
0.1342 0.024576
0.1334 0.023552
0.1275 0.0256
0.0543 0.032768
0.0335 0.024576
0.0739 0.021504
0.0382 0.0256
0.0366 0.0256
0.1309 0.0256
0.0601 0.024576
0.0301 0.0256
0.0295 0.024576
0.0391 0.022528
0.0385 0.0256
0.061 0.0256
0.0369 0.0256
0.0828 0.023552
0.0542 0.023552
0.0476 0.022528
0.0472 0.0256
0.0431 0.0256
0.2049 0.024576
0.0536 0.022528
0.0666 0.024576
0.1161 0.021504
0.0387 0.034816
0.0551 0.021504
0.0276 0.034816
0.0263 0.0256
0.0252 0.024576
0.0224 0.0256
0.0296 0.024576
0.0321 0.021504
0.1319 0.024576
0.0272 0.021504
0.0249 0.024576
0.0234 0.023552
0.0772 0.023552
0.0427 0.0256
0.0508 0.024576
0.0266 0.0256
0.0751 0.026624
0.0429 0.0256
0.0776 0.024576
0.027 0.0256
0.0429 0.0256
0.0359 0.0256
0.0314 0.0256
0.1051 0.024576
0.0307 0.022528
0.0977 0.024576
0.054 0.021504
0.0274 0.024576
0.0334 0.024576
0.0322 0.023552
0.0845 0.024576
0.044 0.02048
0.0513 0.0256
0.0739 0.0256
0.0314 0.0256
0.0581 0.024576
0.0678 0.0256
0.0477 0.021504
0.0424 0.0256
0.0278 0.021504
0.0641 0.0256
0.0671 0.022528
0.0696 0.024576
0.0487 0.021504
0.047 0.023552
0.0473 0.024576
0.0322 0.023552
0.0538 0.0256
0.0303 0.024576
0.0371 0.024576
0.0699 0.0256
0.0708 0.022528
0.0317 0.024576
0.0343 0.026624
0.0254 0.024576
0.026 0.026624
0.1197 0.0256
0.062 0.023552
0.1484 0.0256
0.039 0.023552
0.038 0.021504
0.0443 0.0256
0.0486 0.023552
0.0324 0.021504
0.0884 0.024576
0.1677 0.0256
0.1978 0.0256
0.0485 0.024576
0.0689 0.023552
0.0933 0.0256
0.0527 0.0256
0.0472 0.023552
0.158 0.024576
0.0359 0.021504
0.0839 0.02048
0.0303 0.0256
0.0261 0.024576
0.031 0.024576
0.0368 0.024576
0.0337 0.022528
0.0639 0.023552
0.1153 0.0256
0.0921 0.024576
0.0303 0.022528
0.0278 0.023552
0.0363 0.024576
0.0845 0.023552
0.0336 0.024576
0.04 0.0256
0.0913 0.022528
0.027 0.023552
0.0228 0.0256
0.0583 0.023552
0.026 0.0256
0.0782 0.0256
0.0582 0.0256
0.0505 0.024576
0.0413 0.024576
0.0267 0.024576
0.0655 0.024576
0.0253 0.022528
0.0241 0.024576
0.0344 0.022528
0.0975 0.024576
0.0278 0.024576
0.1189 0.0256
0.0294 0.021504
0.0259 0.021504
0.0293 0.026624
0.027 0.024576
0.0359 0.024576
0.0597 0.024576
0.0296 0.0256
0.0706 0.023552
0.072 0.024576
0.0321 0.0256
0.0372 0.021504
0.0983 0.024576
0.0277 0.021504
0.044 0.0256
0.0313 0.024576
0.0684 0.0256
0.1085 0.023552
0.0679 0.021504
0.0559 0.0256
0.0661 0.0256
0.0498 0.023552
0.1273 0.024576
0.1083 0.024576
0.0412 0.024576
0.1555 0.0256
0.0858 0.0256
0.0301 0.0256
0.0479 0.0256
0.026 0.023552
0.0363 0.0256
0.0693 0.0256
0.0294 0.0256
0.0836 0.0256
0.0651 0.024576
0.0443 0.0256
0.0291 0.024576
0.0243 0.0256
0.09 0.026624
0.0294 0.0256
0.0322 0.026624
0.0715 0.023552
0.1321 0.024576
0.0695 0.0256
0.0259 0.022528
0.0246 0.0256
0.0265 0.022528
0.1113 0.024576
0.0335 0.022528
0.0373 0.0256
0.0786 0.024576
0.0871 0.024576
0.1596 0.024576
0.1376 0.0256
0.0981 0.023552
0.0785 0.024576
0.1612 0.0256
0.15 0.021504
0.0315 0.023552
0.0289 0.024576
0.042 0.023552
0.038 0.024576
0.0669 0.026624
0.1038 0.022528
0.06 0.023552
0.1121 0.0256
0.142 0.0256
0.2032 0.0256
0.0513 0.022528
0.0548 0.0256
0.0531 0.024576
0.1022 0.026624
0.0499 0.024576
0.0772 0.0256
0.0284 0.0256
0.0605 0.0256
0.0414 0.0256
0.0296 0.026624
0.0304 0.024576
0.0366 0.0256
0.0599 0.024576
0.1456 0.0256
0.0604 0.0256
0.0628 0.022528
0.0688 0.0256
0.0638 0.024576
0.0265 0.023552
0.079 0.022528
0.0602 0.023552
0.0547 0.023552
0.0297 0.022528
0.031 0.023552
0.0491 0.0256
0.0763 0.024576
0.03 0.026624
0.0789 0.0256
0.0826 0.023552
0.0532 0.0256
0.0557 0.0256
0.0841 0.021504
0.0492 0.024576
0.0841 0.024576
0.0579 0.023552
0.0308 0.022528
0.0279 0.026624
0.0251 0.0256
0.0417 0.0256
0.0345 0.0256
0.186 0.023552
0.028 0.0256
0.0333 0.023552
0.0756 0.0256
0.035 0.021504
0.0349 0.022528
0.0352 0.021504
0.0923 0.0256
0.0613 0.0256
0.0581 0.024576
0.0274 0.023552
0.064 0.0256
0.0311 0.023552
0.0312 0.0256
0.063 0.024576
0.0375 0.0256
0.0615 0.023552
0.0338 0.024576
0.0668 0.023552
0.0567 0.027648
0.0295 0.0256
0.0384 0.024576
0.1242 0.0256
0.043 0.022528
0.0634 0.024576
0.068 0.024576
0.0286 0.024576
0.0511 0.024576
0.03 0.024576
0.0422 0.024576
0.0456 0.024576
0.0322 0.021504
0.107 0.024576
0.1562 0.021504
0.0294 0.02048
0.027 0.0256
0.0281 0.024576
0.0368 0.0256
0.0341 0.026624
0.0463 0.026624
0.0936 0.024576
0.1578 0.0256
0.0567 0.024576
0.1185 0.022528
0.0505 0.024576
0.0411 0.0256
0.0846 0.0256
0.2194 0.0256
0.1378 0.024576
0.0319 0.022528
0.0666 0.024576
0.0716 0.023552
0.0943 0.023552
0.1163 0.024576
0.1713 0.024576
0.1604 0.022528
0.0347 0.0256
0.0949 0.022528
0.0317 0.024576
0.0479 0.0256
0.1079 0.024576
0.5782 0.024576
0.0344 0.022528
0.0282 0.022528
0.0577 0.024576
0.0422 0.024576
0.0317 0.0256
0.1175 0.0256
0.091 0.024576
0.0815 0.024576
0.0339 0.024576
0.0271 0.023552
0.0281 0.024576
0.0496 0.023552
0.0271 0.0256
0.0462 0.024576
0.0414 0.0256
0.1034 0.0256
0.0467 0.021504
0.0299 0.023552
0.0795 0.023552
0.0665 0.021504
0.029 0.023552
0.0305 0.021504
0.0383 0.024576
0.0639 0.022528
0.0337 0.023552
0.0294 0.021504
0.0383 0.024576
0.0248 0.021504
0.0264 0.024576
0.0329 0.024576
0.0711 0.026624
0.1646 0.024576
0.0289 0.022528
0.0741 0.021504
0.0277 0.026624
0.0975 0.023552
0.0652 0.024576
0.0667 0.024576
0.0874 0.021504
0.0261 0.0256
0.0966 0.0256
0.1066 0.024576
0.0522 0.0256
0.0953 0.024576
0.1146 0.024576
0.0428 0.0256
0.0628 0.024576
0.0308 0.0256
0.0274 0.029696
0.0256 0.0256
0.0307 0.029696
0.0253 0.0256
0.0233 0.026624
0.0629 0.026624
0.0319 0.026624
0.0401 0.0256
0.0745 0.0256
0.0387 0.024576
0.0271 0.0256
0.0362 0.0256
0.0268 0.0256
0.1011 0.024576
0.0355 0.021504
0.0662 0.024576
0.0844 0.024576
0.0324 0.021504
0.0265 0.021504
0.0242 0.021504
0.031 0.0256
0.0436 0.0256
0.0321 0.021504
0.0322 0.024576
0.1024 0.024576
0.074 0.022528
0.0269 0.022528
0.0486 0.024576
0.0479 0.024576
0.0665 0.0256
0.1673 0.0256
0.0374 0.024576
0.0699 0.024576
0.0358 0.024576
0.0432 0.0256
0.2442 0.0256
0.0511 0.022528
0.0507 0.024576
0.0885 0.024576
0.0415 0.024576
0.0407 0.024576
0.0365 0.024576
0.0388 0.024576
0.0373 0.0256
0.0652 0.024576
0.2195 0.022528
0.032 0.024576
0.0365 0.022528
0.0784 0.023552
0.0295 0.0256
0.0747 0.023552
0.0388 0.0256
0.0727 0.026624
0.0912 0.0256
0.0369 0.024576
0.0934 0.023552
0.032 0.021504
0.027 0.0256
0.0742 0.024576
0.0642 0.0256
0.0352 0.021504
0.0701 0.024576
0.0929 0.024576
0.0891 0.023552
0.0459 0.021504
0.0315 0.024576
0.0313 0.0256
0.1292 0.024576
0.1199 0.022528
0.0703 0.024576
0.0303 0.024576
0.0231 0.022528
0.0229 0.026624
0.0229 0.022528
0.0366 0.026624
0.0354 0.0256
0.0466 0.0256
0.0965 0.024576
0.0359 0.024576
0.055 0.0256
0.107 0.024576
0.0568 0.0256
0.1252 0.024576
0.0345 0.024576
0.0542 0.024576
0.0957 0.023552
0.4317 0.023552
0.046 0.0256
0.0863 0.021504
0.0844 0.022528
0.0302 0.024576
0.1052 0.0256
0.1351 0.024576
0.1093 0.0256
0.273 0.0256
0.0355 0.0256
0.0308 0.024576
0.0276 0.024576
0.0271 0.024576
0.0239 0.024576
0.0235 0.026624
0.0834 0.0256
0.1073 0.024576
0.0891 0.0256
0.0498 0.024576
0.0598 0.0256
0.0509 0.024576
0.0335 0.024576
0.0692 0.024576
0.0324 0.024576
0.0293 0.024576
0.0256 0.023552
0.0855 0.024576
0.0325 0.024576
0.0237 0.024576
0.0355 0.0256
0.0276 0.021504
0.032 0.0256
0.0553 0.024576
0.0675 0.023552
0.0338 0.024576
0.0351 0.024576
0.0416 0.024576
0.0406 0.026624
0.0307 0.023552
0.06 0.021504
0.172 0.022528
0.1241 0.024576
0.122 0.024576
0.0502 0.0256
0.0398 0.024576
0.0373 0.0256
0.0347 0.027648
0.0303 0.034816
0.1279 0.022528
0.0493 0.024576
0.044 0.026624
0.0419 0.024576
0.0957 0.026624
0.1171 0.024576
0.0296 0.0256
0.0476 0.023552
0.0835 0.024576
0.0274 0.0256
0.0789 0.024576
0.0436 0.022528
0.0425 0.024576
0.1824 0.026624
0.0269 0.022528
0.0512 0.0256
0.0309 0.022528
0.0355 0.0256
0.0639 0.0256
0.0276 0.026624
0.0333 0.0256
0.0767 0.0256
0.0322 0.0256
0.0325 0.0256
0.0319 0.0256
0.0325 0.0256
0.0557 0.0256
0.0874 0.0256
0.038 0.0256
0.0614 0.021504
0.1415 0.023552
0.0511 0.021504
0.0347 0.024576
0.029 0.0256
0.1081 0.0256
0.0341 0.022528
0.0399 0.0256
0.0743 0.023552
0.0275 0.024576
0.0289 0.023552
0.024 0.024576
0.0303 0.023552
0.122 0.0256
0.0312 0.022528
0.1122 0.024576
0.1019 0.024576
0.0648 0.0256
0.0253 0.021504
0.0259 0.024576
0.0257 0.021504
0.1138 0.026624
0.0314 0.022528
0.031 0.026624
0.0664 0.024576
0.1041 0.024576
0.0391 0.022528
0.0304 0.0256
0.1361 0.024576
0.0885 0.0256
0.0437 0.038912
0.0322 0.0256
0.0632 0.023552
0.0387 0.024576
0.0779 0.0256
0.0313 0.0256
0.0382 0.024576
0.0316 0.026624
0.0737 0.0256
0.0363 0.026624
0.1042 0.026624
0.0319 0.023552
0.0265 0.0256
0.0503 0.0256
0.0268 0.0256
0.0304 0.0256
0.0928 0.0256
0.0642 0.021504
0.0556 0.023552
0.0346 0.023552
0.089 0.0256
0.0417 0.024576
0.1128 0.0256
0.1812 0.024576
0.0755 0.024576
0.049 0.021504
0.0448 0.022528
0.0688 0.024576
0.0348 0.024576
0.182 0.0256
0.1206 0.0256
0.034 0.022528
0.0757 0.024576
0.0575 0.023552
0.1002 0.023552
0.1286 0.024576
0.0318 0.024576
0.0335 0.0256
0.0264 0.024576
0.0729 0.026624
0.0384 0.024576
0.052 0.0256
0.1387 0.024576
0.0468 0.0256
0.0486 0.0256
0.0737 0.026624
0.0272 0.024576
0.0707 0.024576
0.0332 0.024576
0.0448 0.024576
0.0288 0.024576
0.0792 0.026624
0.0302 0.0256
0.0376 0.0256
0.1171 0.024576
0.0312 0.022528
0.027 0.024576
0.0295 0.026624
0.0435 0.024576
0.0393 0.023552
0.0836 0.0256
0.075 0.0256
0.0306 0.021504
0.0373 0.0256
0.0324 0.024576
0.0264 0.0256
0.1017 0.0256
0.0451 0.024576
0.0487 0.0256
0.0451 0.02048
0.0628 0.0256
0.1602 0.024576
0.1481 0.0256
0.0484 0.024576
0.0945 0.024576
0.2112 0.024576
0.0613 0.021504
0.0815 0.027648
